1800 296 569
1800 276 662
1800 461 625
1800 239 534
1800 288 1131
1800 261 51
1800 440 600
1800 427 819
1800 234 57
1800 76 486
1800 76 491
1800 215 626
1800 287 1119
1800 316 813
1800 289 1140
1800 299 1198
1800 440 827
1800 394 825
1800 441 828
1800 307 664
1800 367 768
1800 283 531
1800 264 570
1800 33 894
1800 259 501
1800 277 661
1820 425 516
1820 278 854
1820 298 571
1820 223 1244
1820 279 669
1820 426 520
1820 239 534
1820 83 425
1820 413 641
1820 357 842
1820 453 631
1820 422 388
1820 358 842
1820 217 625
1820 226 1252
1820 413 638
1820 395 843
1820 422 839
1820 417 633
1820 304 670
1820 354 674
1820 85 421
1820 284 529
1820 260 567
1820 260 501
1820 353 673
1840 297 570
1840 325 865
1840 368 290
1840 367 501
1840 278 672
1840 239 535
1840 392 657
1840 319 863
1840 352 837
1840 425 647
1840 408 833
1840 362 616
1840 78 459
1840 372 857
1840 78 462
1840 218 627
1840 416 647
1840 321 868
1840 399 844
1840 417 648
1840 309 668
1840 387 658
1840 285 527
1840 261 567
1840 49 923
1840 259 500
1840 369 291
1840 389 658
1860 296 569
1860 374 558
1860 278 661
1860 470 514
1860 239 538
1860 315 182
1860 262 564
1860 386 699
1860 343 843
1860 404 835
1860 374 559
1860 76 462
1860 343 850
1860 75 464
1860 216 625
1860 404 829
1860 309 670
1860 370 686
1860 285 529
1860 261 569
1860 48 920
1860 258 503
1860 376 690
1880 378 510
1880 298 570
1880 376 518
1880 277 671
1880 433 502
1880 240 532
1880 284 91
1880 268 495
1880 351 838
1880 392 853
1880 345 515
1880 68 536
1880 352 834
1880 217 626
1880 330 755
1880 467 436
1880 405 830
1880 327 697
1880 286 526
1880 261 566
1880 62 870
1880 265 494
1880 380 518
1900 387 494
1900 297 567
1900 362 484
1900 278 688
1900 437 451
1900 240 531
1900 437 394
1900 228 717
1900 354 833
1900 353 478
1900 432 386
1900 405 831
1900 354 485
1900 354 833
1900 57 776
1900 217 626
1900 89 771
1900 477 740
1900 231 723
1900 86 768
1900 440 400
1900 463 826
1900 353 478
1900 402 826
1900 462 827
1900 61 642
1900 322 681
1900 287 526
1900 260 569
1900 262 499
1900 352 476
1900 382 502
1920 395 545
1920 296 569
1920 409 902
1920 279 660
1920 441 424
1920 239 534
1920 176 604
1920 157 638
1920 409 385
1920 270 575
1920 425 919
1920 351 833
1920 314 463
1920 396 360
1920 398 810
1920 352 836
1920 218 628
1920 106 677
1920 299 438
1920 455 710
1920 156 633
1920 18 636
1920 299 438
1920 319 481
1920 410 901
1920 427 916
1920 77 680
1920 76 682
1920 455 712
1920 309 651
1920 386 739
1920 107 675
1920 284 529
1920 271 595
1920 265 503
1920 296 438
1920 397 357
1920 391 743
1940 296 572
1940 359 981
1940 359 980
1940 278 675
1940 239 534
1940 465 291
1940 266 557
1940 350 839
1940 413 296
1940 423 573
1940 400 289
1940 395 847
1940 70 597
1940 351 838
1940 287 737
1940 218 628
1940 286 738
1940 438 323
1940 460 870
1940 391 274
1940 234 431
1940 125 520
1940 398 829
1940 232 431
1940 307 671
1940 352 734
1940 25 405
1940 125 521
1940 284 529
1940 265 566
1940 261 495
1940 100 588
1940 370 304
1940 358 982
1940 357 730
1940 126 515
1960 435 554
1960 299 569
1960 390 889
1960 252 721
1960 430 550
1960 240 534
1960 160 445
1960 160 445
1960 432 214
1960 89 409
1960 337 208
1960 264 504
1960 120 385
1960 427 950
1960 350 847
1960 393 223
1960 420 561
1960 82 509
1960 85 507
1960 349 848
1960 65 515
1960 219 627
1960 301 1063
1960 436 192
1960 183 753
1960 186 753
1960 187 752
1960 246 727
1960 367 203
1960 337 208
1960 387 850
1960 428 945
1960 215 475
1960 122 384
1960 301 673
1960 90 407
1960 66 515
1960 285 528
1960 265 563
1960 264 504
1960 249 728
1960 363 199
1980 379 480
1980 296 569
1980 359 1029
1980 373 473
1980 278 664
1980 237 539
1980 176 485
1980 265 1169
1980 72 419
1980 320 133
1980 50 284
1980 305 128
1980 353 832
1980 398 833
1980 69 433
1980 352 829
1980 216 628
1980 264 1169
1980 372 97
1980 151 728
1980 268 1178
1980 86 757
1980 452 892
1980 246 1151
1980 398 831
1980 451 884
1980 404 1051
1980 80 414
1980 285 527
1980 262 571
1980 265 503
1980 369 480
1980 113 253
1980 87 429
1980 176 484
1980 373 474
