1800 277 662
1800 390 831
1800 372 764
1800 285 1181
1800 369 764
1800 445 602
1800 240 534
1800 282 1163
1800 262 63
1800 260 73
1800 243 67
1800 78 482
1800 215 627
1800 290 1154
1800 430 610
1800 440 830
1800 299 558
1800 190 1278
1800 315 812
1800 388 813
1800 276 663
1800 306 659
1800 282 531
1800 264 567
1800 78 481
1800 260 501
1820 279 661
1820 419 835
1820 382 845
1820 354 839
1820 409 634
1820 431 512
1820 237 536
1820 355 838
1820 34 900
1820 216 624
1820 225 1257
1820 223 1233
1820 453 630
1820 353 668
1820 414 408
1820 299 567
1820 223 1248
1820 382 845
1820 274 668
1820 409 640
1820 305 665
1820 284 529
1820 261 561
1820 261 500
1820 276 855
1840 279 663
1840 383 853
1840 390 655
1840 241 535
1840 368 500
1840 163 1340
1840 320 867
1840 390 654
1840 317 870
1840 326 897
1840 80 455
1840 31 898
1840 216 623
1840 361 621
1840 364 288
1840 299 569
1840 386 854
1840 277 674
1840 421 648
1840 415 652
1840 305 660
1840 391 654
1840 70 438
1840 286 528
1840 261 568
1840 260 502
1860 278 661
1860 386 857
1860 352 830
1860 371 686
1860 239 537
1860 314 183
1860 341 498
1860 380 694
1860 347 833
1860 76 461
1860 26 908
1860 215 626
1860 375 557
1860 476 520
1860 350 698
1860 301 569
1860 391 856
1860 273 664
1860 342 494
1860 308 666
1860 376 559
1860 287 529
1860 263 560
1860 258 504
1880 277 662
1880 381 852
1880 432 503
1880 237 535
1880 378 514
1880 348 845
1880 65 527
1880 41 868
1880 218 627
1880 473 446
1880 299 565
1880 331 752
1880 387 857
1880 270 665
1880 346 513
1880 306 668
1880 284 527
1880 261 565
1880 267 496
1880 303 666
1900 277 669
1900 62 647
1900 397 840
1900 436 451
1900 366 843
1900 352 827
1900 240 531
1900 355 475
1900 233 697
1900 443 395
1900 62 646
1900 349 844
1900 216 624
1900 433 419
1900 353 474
1900 461 824
1900 287 537
1900 397 831
1900 271 673
1900 479 754
1900 344 506
1900 311 666
1900 286 528
1900 266 554
1900 263 503
1920 280 662
1920 386 864
1920 381 855
1920 363 836
1920 238 536
1920 179 606
1920 89 689
1920 401 342
1920 296 438
1920 315 465
1920 104 678
1920 348 844
1920 218 632
1920 81 686
1920 405 348
1920 300 438
1920 410 367
1920 426 917
1920 283 614
1920 386 844
1920 155 641
1920 412 897
1920 274 669
1920 456 711
1920 384 738
1920 297 578
1920 284 530
1920 265 564
1920 265 503
1920 155 641
1920 183 615
1940 288 669
1940 70 592
1940 383 862
1940 352 735
1940 423 569
1940 237 537
1940 233 430
1940 269 466
1940 465 288
1940 364 982
1940 447 297
1940 347 841
1940 217 627
1940 388 267
1940 423 565
1940 351 736
1940 356 989
1940 70 594
1940 261 470
1940 370 298
1940 459 873
1940 300 571
1940 390 853
1940 273 670
1940 308 671
1940 376 294
1940 100 584
1940 283 533
1940 268 566
1940 258 504
1940 388 265
1940 126 517
1940 143 493
1940 355 986
1960 281 668
1960 388 850
1960 426 548
1960 221 474
1960 214 475
1960 436 186
1960 253 728
1960 122 379
1960 252 727
1960 347 851
1960 63 515
1960 214 625
1960 315 1075
1960 294 1078
1960 427 549
1960 428 967
1960 248 722
1960 369 179
1960 301 571
1960 390 850
1960 420 952
1960 276 688
1960 286 531
1960 267 566
1960 72 508
1960 265 504
1960 187 751
1960 381 226
1960 164 441
1960 301 1063
1980 279 660
1980 248 1155
1980 397 834
1980 82 412
1980 285 1224
1980 351 826
1980 237 540
1980 264 1174
1980 362 487
1980 81 410
1980 400 1049
1980 352 833
1980 216 623
1980 226 1283
1980 246 1172
1980 367 480
1980 451 885
1980 301 570
1980 160 722
1980 399 831
1980 276 663
1980 360 1029
1980 72 417
1980 286 529
1980 265 565
1980 266 505
1980 90 422
1980 173 489
