1800 19 367
1800 307 658
1800 445 604
1800 241 532
1800 291 1169
1800 307 662
1800 76 488
1800 216 628
1800 288 1196
1800 431 613
1800 316 811
1800 432 820
1800 287 1141
1800 295 1156
1800 188 1319
1800 444 838
1800 300 568
1800 368 769
1800 441 826
1800 277 667
1800 438 832
1800 285 1124
1800 307 663
1800 283 532
1800 264 568
1800 32 905
1800 77 488
1800 260 501
1800 389 811
1820 278 672
1820 227 1270
1820 452 635
1820 240 534
1820 275 856
1820 429 516
1820 279 671
1820 361 844
1820 420 386
1820 412 649
1820 32 888
1820 217 626
1820 417 639
1820 421 842
1820 430 513
1820 227 1269
1820 300 568
1820 224 1231
1820 371 849
1820 420 838
1820 292 681
1820 422 838
1820 306 669
1820 353 673
1820 86 423
1820 285 530
1820 263 566
1820 38 917
1820 261 501
1820 385 848
1840 240 533
1840 341 885
1840 392 658
1840 395 658
1840 362 620
1840 80 461
1840 218 628
1840 416 649
1840 409 827
1840 157 1337
1840 298 570
1840 277 672
1840 409 831
1840 303 680
1840 360 613
1840 287 534
1840 264 567
1840 59 910
1840 81 459
1840 259 501
1840 321 866
1840 384 856
1840 362 500
1860 296 664
1860 374 560
1860 473 519
1860 238 536
1860 316 189
1860 279 663
1860 348 848
1860 387 703
1860 77 464
1860 217 626
1860 341 501
1860 300 569
1860 353 839
1860 286 679
1860 408 834
1860 309 669
1860 317 188
1860 291 549
1860 264 564
1860 51 919
1860 79 466
1860 257 504
1860 390 859
1880 286 672
1880 378 510
1880 434 505
1880 240 536
1880 379 512
1880 281 666
1880 354 840
1880 466 436
1880 69 538
1880 65 531
1880 219 625
1880 346 515
1880 331 753
1880 434 505
1880 300 568
1880 386 859
1880 285 671
1880 408 830
1880 309 669
1880 287 527
1880 264 567
1880 52 872
1880 268 495
1880 220 626
1880 394 858
1900 239 532
1900 385 494
1900 296 664
1900 354 833
1900 429 387
1900 56 778
1900 218 630
1900 354 480
1900 474 752
1900 234 729
1900 88 772
1900 435 449
1900 464 828
1900 299 568
1900 355 829
1900 404 829
1900 282 670
1900 88 774
1900 64 648
1900 412 835
1900 310 673
1900 234 726
1900 287 529
1900 49 1006
1900 266 562
1900 259 498
1900 388 861
1900 354 478
1920 282 664
1920 411 899
1920 378 865
1920 396 543
1920 237 538
1920 179 609
1920 396 543
1920 280 662
1920 355 844
1920 375 382
1920 400 346
1920 297 440
1920 384 741
1920 219 629
1920 314 465
1920 456 709
1920 422 919
1920 20 674
1920 301 568
1920 386 809
1920 183 612
1920 283 663
1920 79 689
1920 406 883
1920 302 667
1920 105 689
1920 156 638
1920 283 607
1920 265 566
1920 297 440
1920 265 504
1920 155 638
1920 398 355
1920 299 444
1920 385 872
1920 176 609
1940 285 741
1940 357 984
1940 359 986
1940 423 570
1940 238 529
1940 148 499
1940 463 291
1940 127 517
1940 299 692
1940 351 833
1940 404 316
1940 70 596
1940 100 587
1940 220 625
1940 422 570
1940 349 734
1940 286 744
1940 388 268
1940 233 432
1940 463 873
1940 300 571
1940 257 482
1940 357 729
1940 278 673
1940 402 828
1940 233 432
1940 148 501
1940 308 669
1940 285 532
1940 270 559
1940 259 481
1940 129 521
1940 387 268
1940 365 302
1940 373 298
1940 381 867
1940 127 516
1960 286 671
1960 376 867
1960 189 754
1960 429 553
1960 237 533
1960 158 442
1960 434 188
1960 434 553
1960 192 750
1960 44 263
1960 277 673
1960 353 851
1960 65 507
1960 121 383
1960 65 506
1960 220 625
1960 388 224
1960 420 560
1960 186 756
1960 432 942
1960 249 722
1960 423 558
1960 392 229
1960 367 196
1960 299 570
1960 425 959
1960 300 673
1960 383 866
1960 306 1057
1960 304 671
1960 334 205
1960 89 406
1960 285 531
1960 268 561
1960 86 506
1960 265 503
1960 255 728
1960 334 202
1960 191 754
1960 371 185
1960 185 755
1960 321 1043
1960 383 870
1960 90 509
1960 251 724
1980 278 662
1980 359 1020
1980 248 1163
1980 370 479
1980 237 538
1980 266 1167
1980 321 130
1980 370 479
1980 46 273
1980 278 661
1980 404 1048
1980 355 833
1980 69 434
1980 220 628
1980 273 1179
1980 366 1035
1980 353 828
1980 156 725
1980 248 1155
1980 89 754
1980 249 1151
1980 452 884
1980 340 131
1980 299 568
1980 159 723
1980 353 828
1980 406 1043
1980 279 668
1980 400 836
1980 405 1043
1980 77 418
1980 286 530
1980 265 565
1980 78 420
1980 265 505
1980 393 852
1980 104 467
1980 361 486
