1800 287 674
1800 400 827
1800 314 814
1800 239 534
1800 287 1165
1800 233 58
1800 367 766
1800 391 817
1800 232 53
1800 75 487
1800 32 894
1800 216 627
1800 285 1137
1800 443 609
1800 314 813
1800 287 1123
1800 445 837
1800 298 567
1800 185 1300
1800 367 769
1800 475 626
1800 307 664
1800 284 530
1800 263 572
1800 44 916
1800 77 488
1800 258 501
1820 284 672
1820 411 645
1820 420 834
1820 222 1261
1820 428 521
1820 237 537
1820 389 854
1820 419 386
1820 377 846
1820 34 882
1820 217 626
1820 219 1232
1820 413 643
1820 218 1227
1820 299 568
1820 358 846
1820 413 647
1820 420 643
1820 303 671
1820 84 423
1820 284 530
1820 260 565
1820 30 896
1820 84 424
1820 260 503
1820 352 671
1840 277 674
1840 416 651
1840 364 500
1840 403 831
1840 362 617
1840 320 866
1840 239 531
1840 383 858
1840 319 865
1840 362 621
1840 383 849
1840 78 459
1840 55 914
1840 217 626
1840 413 649
1840 393 661
1840 366 291
1840 363 287
1840 298 569
1840 148 1345
1840 355 834
1840 417 649
1840 109 76
1840 416 648
1840 303 667
1840 80 457
1840 285 528
1840 260 568
1840 57 912
1840 80 458
1840 259 502
1840 363 616
1860 279 667
1860 374 557
1860 402 838
1860 374 697
1860 344 850
1860 477 524
1860 238 535
1860 318 187
1860 386 855
1860 344 499
1860 384 855
1860 75 463
1860 36 904
1860 215 625
1860 342 499
1860 384 702
1860 477 515
1860 292 582
1860 355 832
1860 101 63
1860 342 502
1860 307 669
1860 78 466
1860 285 529
1860 261 567
1860 44 917
1860 78 465
1860 256 505
1860 311 180
1860 363 692
1860 342 499
1880 278 676
1880 346 514
1880 404 828
1880 347 514
1880 349 844
1880 432 501
1880 239 532
1880 379 511
1880 385 856
1880 278 652
1880 346 514
1880 393 837
1880 65 533
1880 43 878
1880 220 625
1880 308 730
1880 434 499
1880 298 570
1880 352 833
1880 305 669
1880 285 528
1880 257 565
1880 49 870
1880 268 497
1880 346 509
1900 284 680
1900 479 801
1900 355 479
1900 403 828
1900 355 482
1900 350 849
1900 437 453
1900 237 531
1900 427 379
1900 385 497
1900 386 856
1900 436 387
1900 347 507
1900 396 828
1900 62 647
1900 62 647
1900 217 624
1900 356 479
1900 478 751
1900 88 759
1900 442 458
1900 466 827
1900 298 569
1900 352 839
1900 62 647
1900 478 750
1900 356 481
1900 302 664
1900 229 722
1900 355 478
1900 285 527
1900 257 546
1900 260 499
1900 216 622
1900 346 507
1900 454 1054
1920 279 660
1920 329 489
1920 398 867
1920 436 430
1920 238 534
1920 176 609
1920 178 608
1920 397 545
1920 383 866
1920 279 661
1920 404 349
1920 380 853
1920 79 687
1920 377 860
1920 7 510
1920 218 624
1920 314 468
1920 456 712
1920 419 919
1920 28 715
1920 298 442
1920 407 379
1920 411 392
1920 456 712
1920 278 608
1920 354 825
1920 456 712
1920 155 641
1920 80 688
1920 461 650
1920 310 462
1920 303 664
1920 103 687
1920 155 639
1920 279 524
1920 263 561
1920 266 505
1920 412 359
1920 400 363
1920 324 478
1940 297 700
1940 399 828
1940 337 871
1940 237 534
1940 142 500
1940 146 499
1940 442 318
1940 100 586
1940 374 869
1940 348 833
1940 418 326
1940 377 859
1940 69 598
1940 69 594
1940 359 981
1940 146 499
1940 14 594
1940 218 627
1940 422 571
1940 283 730
1940 459 888
1940 372 296
1940 368 305
1940 462 871
1940 296 573
1940 232 432
1940 348 818
1940 477 884
1940 230 430
1940 306 673
1940 360 993
1940 282 531
1940 267 566
1940 260 518
1940 146 498
1940 390 268
1940 357 730
1940 125 516
1940 457 871
1960 299 674
1960 384 871
1960 119 380
1960 341 845
1960 238 532
1960 427 214
1960 84 506
1960 334 205
1960 435 555
1960 48 261
1960 363 854
1960 380 858
1960 66 513
1960 63 652
1960 161 443
1960 65 511
1960 216 622
1960 121 380
1960 432 556
1960 428 948
1960 312 1069
1960 319 1102
1960 366 201
1960 298 570
1960 351 837
1960 420 957
1960 213 478
1960 301 672
1960 361 198
1960 384 1031
1960 87 404
1960 284 531
1960 263 567
1960 87 505
1960 185 753
1960 265 504
1960 190 754
1960 253 730
1960 333 203
1960 368 204
1960 192 752
1960 163 443
1980 275 661
1980 364 1034
1980 364 484
1980 399 836
1980 355 834
1980 238 538
1980 324 119
1980 372 474
1980 83 291
1980 387 859
1980 385 860
1980 64 435
1980 219 625
1980 241 1159
1980 245 1154
1980 277 1195
1980 454 886
1980 343 1127
1980 86 755
1980 452 886
1980 366 116
1980 298 568
1980 139 724
1980 352 828
1980 404 1042
1980 297 568
1980 341 123
1980 363 1028
1980 74 421
1980 284 529
1980 260 569
1980 81 420
1980 264 505
1980 91 425
1980 173 485
