1800 306 659
1800 301 1130
1800 422 810
1800 239 536
1800 286 1137
1800 266 47
1800 262 53
1800 318 809
1800 76 483
1800 35 915
1800 215 635
1800 283 1162
1800 430 610
1800 369 763
1800 278 675
1800 294 1202
1800 452 854
1800 297 566
1800 314 813
1800 394 833
1800 428 619
1800 440 822
1800 307 661
1800 284 531
1800 264 573
1800 256 502
1820 297 674
1820 417 833
1820 382 848
1820 274 853
1820 222 1249
1820 355 680
1820 429 512
1820 238 546
1820 351 674
1820 418 388
1820 36 888
1820 217 627
1820 404 642
1820 228 1278
1820 452 635
1820 431 507
1820 298 572
1820 382 848
1820 413 646
1820 306 667
1820 284 531
1820 263 572
1820 258 502
1820 362 840
1840 296 672
1840 383 859
1840 363 618
1840 241 539
1840 359 502
1840 158 1338
1840 320 866
1840 327 869
1840 357 831
1840 80 456
1840 50 900
1840 216 626
1840 389 655
1840 418 649
1840 284 683
1840 363 291
1840 362 291
1840 297 569
1840 385 860
1840 414 648
1840 306 658
1840 361 620
1840 284 529
1840 261 568
1840 258 501
1840 353 833
1860 296 668
1860 403 838
1860 407 833
1860 385 703
1860 387 697
1860 472 491
1860 238 540
1860 364 695
1860 382 705
1860 343 849
1860 76 459
1860 50 908
1860 216 626
1860 386 699
1860 473 503
1860 279 681
1860 297 573
1860 391 860
1860 339 506
1860 309 670
1860 285 531
1860 262 576
1860 253 504
1860 356 835
1880 299 670
1880 387 858
1880 434 495
1880 236 536
1880 378 512
1880 334 753
1880 466 436
1880 353 835
1880 49 869
1880 222 634
1880 276 665
1880 433 494
1880 297 568
1880 316 771
1880 392 858
1880 305 667
1880 284 529
1880 262 568
1880 74 867
1880 269 498
1880 355 836
1900 232 732
1900 298 666
1900 409 833
1900 384 857
1900 434 445
1900 241 537
1900 232 727
1900 353 486
1900 236 702
1900 234 701
1900 433 391
1900 354 830
1900 218 626
1900 84 760
1900 275 698
1900 81 768
1900 435 444
1900 474 833
1900 297 569
1900 392 865
1900 64 829
1900 474 781
1900 353 482
1900 311 670
1900 285 529
1900 262 571
1900 262 501
1900 231 730
1900 233 699
1900 233 723
1900 355 831
1920 294 670
1920 411 894
1920 378 860
1920 383 738
1920 403 385
1920 240 545
1920 177 609
1920 402 364
1920 83 689
1920 357 830
1920 219 631
1920 437 445
1920 279 672
1920 35 678
1920 404 373
1920 458 710
1920 299 576
1920 381 863
1920 155 641
1920 416 911
1920 458 706
1920 317 476
1920 392 744
1920 302 667
1920 283 530
1920 265 581
1920 264 506
1920 297 442
1920 356 820
1940 302 689
1940 75 588
1940 374 867
1940 418 318
1940 238 540
1940 457 312
1940 356 731
1940 368 983
1940 420 311
1940 335 815
1940 353 833
1940 217 628
1940 388 266
1940 423 573
1940 344 743
1940 364 299
1940 370 307
1940 469 867
1940 299 572
1940 382 866
1940 147 499
1940 466 869
1940 151 503
1940 308 673
1940 100 587
1940 283 531
1940 263 574
1940 260 498
1940 389 273
1940 285 760
1940 347 821
1940 149 500
1960 298 673
1960 295 1072
1960 377 866
1960 122 378
1960 425 548
1960 238 534
1960 433 191
1960 120 383
1960 258 731
1960 362 853
1960 65 515
1960 218 628
1960 420 558
1960 266 729
1960 422 962
1960 269 727
1960 300 572
1960 384 866
1960 418 958
1960 163 440
1960 303 671
1960 342 213
1960 90 408
1960 285 531
1960 262 572
1960 89 504
1960 265 504
1960 353 829
1960 89 414
1960 90 410
1960 190 752
1960 306 1076
1980 298 680
1980 447 881
1980 400 836
1980 237 546
1980 160 723
1980 323 132
1980 360 489
1980 52 276
1980 379 1039
1980 391 1051
1980 352 837
1980 89 759
1980 371 862
1980 69 431
1980 216 627
1980 258 1166
1980 279 671
1980 460 904
1980 298 570
1980 151 725
1980 388 860
1980 466 911
1980 175 484
1980 300 574
1980 359 1040
1980 81 413
1980 285 530
1980 263 575
1980 264 505
1980 350 828
1980 92 426
