1800 307 661
1800 289 1113
1800 78 485
1800 400 833
1800 369 765
1800 239 534
1800 257 35
1800 314 810
1800 242 53
1800 237 58
1800 234 55
1800 78 485
1800 33 917
1800 217 628
1800 430 610
1800 369 764
1800 289 1197
1800 302 565
1800 319 809
1800 392 815
1800 429 609
1800 424 815
1800 307 660
1800 286 529
1800 267 569
1800 80 485
1800 258 500
1800 280 1126
1820 282 668
1820 417 834
1820 223 1249
1820 449 643
1820 430 515
1820 238 535
1820 277 849
1820 353 670
1820 274 848
1820 359 836
1820 35 883
1820 218 629
1820 222 1257
1820 406 637
1820 418 631
1820 356 844
1820 426 523
1820 454 630
1820 299 568
1820 384 846
1820 420 640
1820 307 665
1820 84 421
1820 286 528
1820 284 535
1820 260 500
1820 353 674
1820 86 420
1840 291 661
1840 316 863
1840 408 828
1840 364 615
1840 243 527
1840 360 496
1840 153 1331
1840 364 621
1840 392 655
1840 323 865
1840 369 844
1840 81 456
1840 51 909
1840 218 627
1840 389 650
1840 414 646
1840 365 835
1840 299 568
1840 154 1339
1840 385 854
1840 416 647
1840 300 658
1840 362 615
1840 42 434
1840 286 526
1840 265 564
1840 80 457
1840 260 499
1840 360 603
1860 295 661
1860 381 844
1860 378 691
1860 375 558
1860 470 512
1860 239 535
1860 342 500
1860 357 694
1860 379 700
1860 349 838
1860 355 828
1860 76 461
1860 33 896
1860 217 627
1860 382 700
1860 472 518
1860 352 831
1860 471 508
1860 299 568
1860 394 850
1860 340 494
1860 309 667
1860 374 557
1860 287 528
1860 266 564
1860 51 921
1860 76 460
1860 258 504
1860 319 186
1860 356 693
1860 374 556
1880 350 511
1880 282 668
1880 66 531
1880 401 847
1880 379 507
1880 432 503
1880 240 531
1880 379 510
1880 336 748
1880 353 835
1880 65 529
1880 43 861
1880 221 629
1880 469 438
1880 350 829
1880 432 501
1880 300 570
1880 306 751
1880 394 853
1880 302 664
1880 286 525
1880 42 1301
1880 265 565
1880 273 496
1880 337 749
1900 229 720
1900 298 663
1900 406 829
1900 435 445
1900 388 494
1900 429 451
1900 240 530
1900 234 725
1900 354 477
1900 236 702
1900 237 687
1900 432 443
1900 62 647
1900 355 831
1900 218 626
1900 231 718
1900 83 750
1900 230 717
1900 353 831
1900 85 748
1900 430 423
1900 300 567
1900 395 849
1900 75 772
1900 352 485
1900 462 824
1900 304 663
1900 287 526
1900 274 559
1900 267 504
1900 233 720
1900 231 679
1900 233 699
1920 289 663
1920 409 892
1920 409 892
1920 382 736
1920 395 543
1920 405 351
1920 255 563
1920 176 601
1920 178 605
1920 400 354
1920 83 690
1920 354 831
1920 219 627
1920 298 438
1920 437 467
1920 355 826
1920 86 691
1920 401 365
1920 314 462
1920 402 349
1920 456 710
1920 298 582
1920 382 862
1920 155 639
1920 410 895
1920 39 750
1920 456 708
1920 313 465
1920 394 742
1920 303 663
1920 397 539
1920 155 638
1920 283 528
1920 268 560
1920 266 502
1920 155 638
1920 178 603
1920 298 440
1940 300 688
1940 78 599
1940 398 835
1940 269 566
1940 362 977
1940 352 733
1940 454 309
1940 242 540
1940 234 430
1940 456 303
1940 234 429
1940 426 303
1940 357 732
1940 364 972
1940 234 430
1940 454 293
1940 340 738
1940 350 827
1940 217 627
1940 388 263
1940 422 570
1940 284 743
1940 258 467
1940 369 309
1940 251 466
1940 466 858
1940 300 569
1940 383 863
1940 147 496
1940 458 871
1940 308 673
1940 99 586
1940 286 528
1940 275 550
1940 258 512
1940 230 429
1940 387 264
1940 345 733
1940 145 494
1960 294 665
1960 298 1066
1960 76 505
1960 397 856
1960 273 582
1960 415 228
1960 387 850
1960 156 443
1960 425 549
1960 239 533
1960 219 630
1960 435 190
1960 119 383
1960 254 727
1960 216 474
1960 344 839
1960 360 836
1960 121 383
1960 65 509
1960 219 627
1960 421 557
1960 349 836
1960 259 735
1960 424 957
1960 366 179
1960 301 569
1960 387 850
1960 193 748
1960 422 960
1960 215 475
1960 167 442
1960 302 670
1960 419 557
1960 354 218
1960 166 443
1960 88 406
1960 287 529
1960 276 557
1960 89 501
1960 266 502
1960 254 727
1960 162 738
1960 340 203
1960 366 213
1960 91 410
1960 160 441
1960 163 742
1960 161 445
1980 289 671
1980 446 894
1980 405 1010
1980 88 425
1980 233 1190
1980 238 540
1980 251 1165
1980 162 721
1980 298 123
1980 359 486
1980 86 423
1980 363 1031
1980 404 1045
1980 352 826
1980 90 757
1980 353 828
1980 221 628
1980 239 1171
1980 247 1154
1980 277 1202
1980 94 757
1980 352 827
1980 404 1041
1980 92 756
1980 376 105
1980 302 567
1980 159 719
1980 398 833
1980 89 761
1980 458 880
1980 174 483
1980 291 646
1980 361 1022
1980 80 411
1980 286 528
1980 269 557
1980 89 418
1980 266 503
1980 82 291
1980 89 426
1980 175 483
1980 78 418
