1800 300 567
1800 316 810
1800 307 661
1800 240 534
1800 295 1155
1800 368 767
1800 446 601
1800 399 827
1800 238 56
1800 78 489
1800 77 488
1800 217 626
1800 293 1185
1800 291 1128
1800 316 812
1800 297 1152
1800 442 832
1800 401 824
1800 437 828
1800 436 601
1800 307 665
1800 370 770
1800 284 529
1800 265 567
1800 35 891
1800 260 500
1820 428 515
1820 280 850
1820 300 568
1820 231 1261
1820 304 666
1820 429 514
1820 241 533
1820 411 641
1820 226 1233
1820 360 845
1820 454 630
1820 421 838
1820 360 843
1820 218 625
1820 428 392
1820 419 834
1820 423 838
1820 416 637
1820 305 669
1820 285 529
1820 263 567
1820 36 894
1820 260 500
1820 223 1232
1820 353 673
1840 299 569
1840 323 864
1840 366 500
1840 277 675
1840 240 532
1840 395 658
1840 353 840
1840 363 615
1840 418 647
1840 406 832
1840 362 618
1840 81 458
1840 363 841
1840 81 457
1840 218 628
1840 421 649
1840 406 833
1840 416 647
1840 298 684
1840 384 854
1840 286 526
1840 262 567
1840 59 912
1840 260 500
1840 363 498
1860 299 568
1860 346 840
1860 375 558
1860 308 667
1860 471 510
1860 240 537
1860 314 181
1860 386 693
1860 345 845
1860 406 827
1860 379 692
1860 76 466
1860 356 827
1860 76 463
1860 217 626
1860 404 819
1860 308 670
1860 287 527
1860 262 567
1860 53 918
1860 259 502
1860 344 495
1860 372 684
1880 433 501
1880 300 567
1880 379 509
1880 306 667
1880 433 502
1880 243 535
1880 352 830
1880 406 833
1880 69 538
1880 219 626
1880 333 752
1880 405 827
1880 307 672
1880 287 526
1880 260 564
1880 269 495
1880 347 513
1880 332 752
1900 380 496
1900 298 567
1900 375 493
1900 305 665
1900 436 457
1900 243 532
1900 229 720
1900 231 710
1900 228 714
1900 355 832
1900 440 393
1900 406 829
1900 355 830
1900 62 775
1900 219 626
1900 476 814
1900 229 713
1900 90 759
1900 433 385
1900 349 470
1900 464 829
1900 397 823
1900 90 768
1900 64 642
1900 309 669
1900 355 828
1900 288 525
1900 262 568
1900 262 499
1900 278 665
1900 350 490
1920 297 573
1920 305 664
1920 394 388
1920 240 534
1920 178 604
1920 157 634
1920 355 829
1920 396 542
1920 402 380
1920 384 866
1920 108 674
1920 353 848
1920 221 630
1920 157 632
1920 406 903
1920 429 919
1920 80 678
1920 78 680
1920 358 828
1920 286 530
1920 269 575
1920 265 502
1920 107 676
1920 298 437
1940 300 569
1940 358 983
1940 362 984
1940 307 669
1940 240 533
1940 147 496
1940 464 288
1940 349 827
1940 424 569
1940 402 306
1940 402 833
1940 70 594
1940 358 844
1940 284 717
1940 219 628
1940 128 512
1940 285 716
1940 276 493
1940 425 312
1940 462 865
1940 232 430
1940 126 512
1940 395 829
1940 307 671
1940 352 732
1940 100 581
1940 126 516
1940 286 527
1940 267 566
1940 262 468
1940 373 298
1940 353 731
1940 128 512
1960 438 559
1960 302 1064
1960 301 568
1960 304 669
1960 242 533
1960 161 444
1960 431 218
1960 335 206
1960 123 384
1960 426 947
1960 353 827
1960 395 226
1960 185 756
1960 419 563
1960 386 863
1960 86 505
1960 372 854
1960 252 725
1960 65 508
1960 224 625
1960 318 1074
1960 391 270
1960 183 737
1960 180 746
1960 371 182
1960 368 203
1960 391 818
1960 430 939
1960 216 475
1960 123 384
1960 303 671
1960 287 527
1960 267 564
1960 265 503
1960 254 728
1960 215 475
1980 377 476
1980 300 566
1980 359 1032
1980 368 480
1980 302 665
1980 241 537
1980 177 483
1980 271 1183
1980 315 128
1980 82 280
1980 404 1045
1980 353 827
1980 400 833
1980 387 859
1980 73 418
1980 218 629
1980 370 1051
1980 268 1172
1980 150 721
1980 265 1170
1980 375 90
1980 271 1167
1980 347 126
1980 465 902
1980 335 125
1980 246 1152
1980 400 828
1980 87 753
1980 301 588
1980 104 466
1980 287 527
1980 264 567
1980 265 502
1980 362 485
1980 169 727
1980 371 1051
