1800 332 817
1800 284 529
1800 440 609
1800 260 502
1800 398 843
1800 308 818
1800 305 662
1800 236 79
1800 373 779
1800 83 480
1800 42 927
1800 216 631
1800 301 1204
1800 471 627
1800 284 1121
1800 430 834
1800 299 569
1800 367 763
1800 437 826
1800 462 883
1800 261 578
1800 241 533
1800 469 1156
1820 284 532
1820 224 1247
1820 431 515
1820 260 500
1820 416 843
1820 444 470
1820 83 421
1820 44 907
1820 219 624
1820 357 672
1820 422 639
1820 226 1233
1820 421 845
1820 302 570
1820 232 1267
1820 364 844
1820 420 842
1820 263 575
1820 240 542
1820 471 1132
1840 365 506
1840 346 838
1840 284 528
1840 282 664
1840 259 504
1840 364 628
1840 400 823
1840 308 869
1840 300 682
1840 85 456
1840 52 913
1840 218 626
1840 370 632
1840 434 648
1840 282 671
1840 372 504
1840 298 570
1840 365 840
1840 387 663
1840 259 583
1840 242 534
1840 362 295
1840 468 1100
1860 374 557
1860 384 703
1860 343 849
1860 285 531
1860 378 562
1860 280 676
1860 259 505
1860 315 178
1860 399 861
1860 303 671
1860 379 722
1860 343 850
1860 82 466
1860 47 917
1860 216 629
1860 371 708
1860 479 500
1860 281 683
1860 302 567
1860 372 830
1860 378 559
1860 261 569
1860 240 534
1860 469 1134
1880 380 513
1880 348 853
1880 287 526
1880 382 510
1880 279 687
1880 431 501
1880 270 497
1880 402 844
1880 308 674
1880 461 444
1880 349 510
1880 313 775
1880 350 852
1880 12 529
1880 48 879
1880 218 626
1880 279 684
1880 426 496
1880 391 535
1880 300 570
1880 365 823
1880 320 770
1880 259 582
1880 244 534
1900 358 478
1900 247 734
1900 357 477
1900 342 869
1900 287 527
1900 432 389
1900 285 724
1900 260 499
1900 355 481
1900 399 845
1900 446 395
1900 344 477
1900 346 858
1900 50 921
1900 218 627
1900 446 403
1900 473 756
1900 89 770
1900 416 465
1900 374 496
1900 458 821
1900 290 570
1900 368 852
1900 266 573
1900 244 531
1900 231 733
1900 469 1143
1920 104 693
1920 407 357
1920 281 533
1920 403 551
1920 288 691
1920 458 434
1920 265 501
1920 304 446
1920 218 638
1920 397 853
1920 415 347
1920 85 696
1920 357 829
1920 18 528
1920 23 946
1920 218 635
1920 404 347
1920 88 694
1920 402 540
1920 330 476
1920 426 923
1920 298 602
1920 368 832
1920 154 649
1920 159 642
1920 461 712
1920 294 439
1920 259 582
1920 238 536
1920 472 1102
1940 360 980
1940 391 266
1940 352 846
1940 284 531
1940 428 580
1940 261 484
1940 155 499
1940 444 291
1940 248 490
1940 397 266
1940 232 429
1940 393 825
1940 310 675
1940 351 992
1940 433 314
1940 296 745
1940 76 596
1940 351 840
1940 215 626
1940 373 985
1940 229 430
1940 300 570
1940 360 828
1940 457 879
1940 472 884
1940 260 586
1940 239 553
1940 373 291
1940 377 291
1960 257 725
1960 362 853
1960 286 530
1960 296 1074
1960 429 548
1960 264 506
1960 126 372
1960 198 745
1960 123 380
1960 211 479
1960 368 859
1960 175 437
1960 77 508
1960 216 625
1960 315 1078
1960 249 736
1960 424 965
1960 302 567
1960 368 842
1960 433 551
1960 262 573
1960 90 504
1960 241 534
1960 257 725
1960 438 192
1960 42 265
1960 127 386
1960 465 1121
1980 359 489
1980 365 1031
1980 366 483
1980 285 527
1980 384 491
1980 283 681
1980 263 507
1980 43 264
1980 73 421
1980 399 829
1980 380 1042
1980 52 266
1980 46 267
1980 53 274
1980 355 841
1980 178 484
1980 73 425
1980 215 626
1980 363 1050
1980 177 483
1980 479 928
1980 400 1038
1980 418 1020
1980 243 1146
1980 103 765
1980 371 487
1980 447 885
1980 299 566
1980 159 725
1980 357 835
1980 445 890
1980 478 924
1980 366 76
1980 249 1164
1980 253 1155
1980 81 416
1980 261 577
1980 249 547
1980 90 418
1980 455 1158
