1800 287 667
1800 79 484
1800 408 840
1800 392 820
1800 368 770
1800 236 536
1800 284 1153
1800 239 63
1800 257 57
1800 238 57
1800 77 484
1800 33 920
1800 216 628
1800 290 1166
1800 430 612
1800 369 769
1800 295 1179
1800 442 827
1800 302 568
1800 189 1318
1800 313 818
1800 391 817
1800 441 827
1800 446 604
1800 441 826
1800 284 530
1800 267 566
1800 78 487
1800 258 501
1800 288 1117
1820 285 674
1820 417 835
1820 383 847
1820 221 1240
1820 353 666
1820 427 523
1820 235 537
1820 351 668
1820 276 850
1820 418 387
1820 359 841
1820 33 892
1820 216 626
1820 222 1254
1820 452 637
1820 298 571
1820 383 849
1820 419 629
1820 411 644
1820 353 674
1820 284 530
1820 272 535
1820 259 502
1820 84 421
1840 278 672
1840 385 872
1840 380 855
1840 362 617
1840 238 537
1840 362 287
1840 391 659
1840 322 862
1840 356 834
1840 80 457
1840 32 891
1840 216 626
1840 415 649
1840 362 286
1840 298 571
1840 158 1327
1840 384 855
1840 414 647
1840 412 679
1840 389 657
1840 286 527
1840 267 561
1840 259 501
1840 24 211
1860 288 666
1860 387 859
1860 366 699
1860 374 560
1860 473 522
1860 237 539
1860 359 696
1860 371 691
1860 342 853
1860 75 460
1860 38 906
1860 216 626
1860 374 559
1860 479 507
1860 299 571
1860 390 860
1860 340 500
1860 376 694
1860 286 528
1860 266 564
1860 257 503
1860 316 186
1880 349 513
1880 296 667
1880 62 528
1880 432 503
1880 235 535
1880 349 840
1880 46 863
1880 218 628
1880 349 833
1880 433 500
1880 298 571
1880 328 763
1880 389 862
1880 285 526
1880 264 566
1880 265 495
1900 234 700
1900 300 661
1900 457 407
1900 356 834
1900 427 454
1900 239 531
1900 356 477
1900 236 731
1900 453 406
1900 60 644
1900 352 834
1900 217 626
1900 225 723
1900 479 744
1900 431 447
1900 460 829
1900 297 568
1900 387 859
1900 69 770
1900 479 749
1900 355 479
1900 286 528
1900 268 559
1900 264 502
1900 229 722
1920 279 670
1920 401 337
1920 378 862
1920 382 735
1920 395 544
1920 237 535
1920 102 685
1920 392 374
1920 81 692
1920 348 844
1920 217 630
1920 82 690
1920 400 384
1920 300 440
1920 400 349
1920 299 570
1920 380 864
1920 155 641
1920 411 894
1920 40 755
1920 453 713
1920 318 474
1920 393 755
1920 156 638
1920 280 524
1920 274 533
1920 265 504
1920 176 607
1940 304 673
1940 414 302
1940 376 869
1940 143 500
1940 355 732
1940 360 969
1940 235 537
1940 232 431
1940 461 290
1940 361 974
1940 457 296
1940 339 822
1940 346 829
1940 216 628
1940 421 571
1940 344 739
1940 286 736
1940 283 743
1940 71 595
1940 249 477
1940 367 301
1940 457 873
1940 301 570
1940 382 865
1940 23 761
1940 402 289
1940 96 590
1940 284 530
1940 266 548
1940 257 506
1940 386 265
1940 146 496
1960 292 669
1960 73 506
1960 376 863
1960 426 548
1960 235 536
1960 215 475
1960 436 191
1960 119 383
1960 215 477
1960 254 732
1960 344 838
1960 357 849
1960 65 508
1960 217 627
1960 422 561
1960 252 727
1960 296 1074
1960 387 154
1960 364 230
1960 301 571
1960 384 861
1960 419 953
1960 345 211
1960 163 443
1960 195 751
1960 285 530
1960 274 544
1960 88 500
1960 183 748
1960 265 503
1960 169 746
1960 367 205
1960 369 260
1960 186 756
1960 92 412
1960 160 441
1960 304 1064
1980 281 666
1980 386 861
1980 81 409
1980 236 541
1980 261 1168
1980 300 122
1980 363 488
1980 46 264
1980 331 124
1980 362 1026
1980 404 1038
1980 351 830
1980 353 830
1980 62 443
1980 217 628
1980 230 1212
1980 271 1194
1980 352 827
1980 382 489
1980 451 881
1980 379 106
1980 299 566
1980 160 722
1980 396 831
1980 84 758
1980 364 488
1980 174 485
1980 358 1011
1980 70 421
1980 286 528
1980 267 559
1980 265 505
1980 93 424
1980 161 721
