1800 299 568
1800 386 807
1800 395 825
1800 278 667
1800 240 534
1800 288 1121
1800 316 810
1800 244 57
1800 76 487
1800 316 810
1800 217 632
1800 463 622
1800 377 785
1800 307 661
1800 290 1127
1800 441 830
1800 436 827
1800 292 1138
1800 307 664
1800 285 531
1800 263 570
1800 37 899
1800 76 488
1800 259 502
1800 281 669
1800 289 1114
1800 389 814
1820 298 575
1820 276 851
1820 381 846
1820 418 845
1820 222 1251
1820 280 662
1820 240 536
1820 279 850
1820 353 674
1820 424 386
1820 218 629
1820 358 843
1820 425 522
1820 381 846
1820 302 670
1820 225 1253
1820 221 1232
1820 423 385
1820 420 838
1820 304 669
1820 354 673
1820 285 530
1820 262 568
1820 35 888
1820 85 422
1820 260 502
1820 283 667
1820 382 848
1840 367 500
1840 298 570
1840 376 857
1840 382 856
1840 365 500
1840 280 670
1840 241 533
1840 393 658
1840 80 460
1840 320 864
1840 219 631
1840 354 840
1840 379 854
1840 295 672
1840 363 500
1840 414 649
1840 302 673
1840 285 529
1840 259 575
1840 59 913
1840 80 459
1840 260 503
1840 280 668
1840 376 303
1840 396 858
1860 298 569
1860 394 854
1860 403 830
1860 374 558
1860 281 663
1860 474 521
1860 240 535
1860 314 182
1860 374 558
1860 370 688
1860 473 515
1860 344 497
1860 77 463
1860 77 463
1860 217 629
1860 476 520
1860 386 857
1860 308 669
1860 263 568
1860 344 499
1860 386 700
1860 279 657
1860 308 669
1860 371 688
1860 316 183
1860 286 529
1860 263 566
1860 57 918
1860 77 462
1860 259 505
1860 283 661
1860 404 826
1880 379 508
1880 298 567
1880 387 858
1880 403 830
1880 379 509
1880 277 668
1880 467 439
1880 243 536
1880 308 736
1880 328 758
1880 467 438
1880 345 517
1880 67 535
1880 221 632
1880 349 848
1880 432 503
1880 352 844
1880 294 664
1880 467 438
1880 287 660
1880 346 515
1880 305 674
1880 287 527
1880 262 567
1880 51 871
1880 273 502
1880 290 657
1880 403 827
1900 222 635
1900 389 497
1900 297 565
1900 385 859
1900 400 839
1900 355 473
1900 435 455
1900 241 533
1900 230 689
1900 227 724
1900 435 459
1900 345 509
1900 65 649
1900 60 775
1900 217 628
1900 352 832
1900 88 759
1900 353 827
1900 292 665
1900 266 570
1900 89 765
1900 432 387
1900 463 827
1900 354 474
1900 64 648
1900 348 490
1900 306 668
1900 286 528
1900 261 566
1900 264 505
1900 294 665
1900 232 727
1900 402 838
1920 396 543
1920 294 572
1920 378 865
1920 298 439
1920 384 860
1920 279 676
1920 432 458
1920 243 541
1920 172 615
1920 396 543
1920 35 236
1920 382 373
1920 403 390
1920 396 544
1920 79 691
1920 31 958
1920 220 635
1920 354 833
1920 310 462
1920 369 856
1920 293 662
1920 413 904
1920 271 609
1920 78 690
1920 405 349
1920 427 917
1920 387 741
1920 455 712
1920 179 609
1920 21 627
1920 325 474
1920 294 663
1920 108 682
1920 283 531
1920 265 570
1920 267 510
1920 284 662
1920 400 343
1920 383 373
1920 386 853
1940 299 571
1940 375 866
1940 400 832
1940 280 664
1940 241 538
1940 147 491
1940 439 316
1940 126 520
1940 42 259
1940 359 982
1940 352 732
1940 218 632
1940 350 843
1940 351 835
1940 291 694
1940 267 569
1940 423 311
1940 388 266
1940 463 869
1940 475 878
1940 307 671
1940 125 521
1940 284 531
1940 271 562
1940 264 481
1940 283 665
1940 101 585
1940 393 272
1940 373 306
1940 399 834
1940 145 494
1960 300 569
1960 301 1060
1960 382 864
1960 384 866
1960 216 475
1960 188 755
1960 237 537
1960 122 382
1960 162 443
1960 432 194
1960 44 264
1960 252 724
1960 421 565
1960 88 506
1960 163 443
1960 65 508
1960 221 627
1960 356 842
1960 424 559
1960 356 843
1960 302 670
1960 322 1070
1960 187 757
1960 429 947
1960 266 559
1960 382 227
1960 366 208
1960 428 950
1960 104 815
1960 302 670
1960 91 407
1960 285 530
1960 266 567
1960 88 508
1960 265 505
1960 298 682
1960 187 756
1960 296 1069
1960 381 865
1960 122 383
1980 373 474
1980 246 1152
1980 300 569
1980 389 854
1980 399 822
1980 359 487
1980 281 662
1980 240 540
1980 326 132
1980 84 297
1980 358 1031
1980 85 429
1980 215 627
1980 87 754
1980 214 627
1980 353 836
1980 387 858
1980 288 666
1980 264 561
1980 160 722
1980 87 752
1980 451 884
1980 340 151
1980 360 487
1980 451 884
1980 265 1169
1980 296 576
1980 403 1045
1980 286 529
1980 265 570
1980 85 425
1980 264 505
1980 293 656
1980 398 825
1980 177 485
