1800 299 568
1800 396 826
1800 306 660
1800 240 531
1800 295 1175
1800 240 68
1800 318 807
1800 397 826
1800 238 58
1800 77 486
1800 217 628
1800 295 1192
1800 430 606
1800 317 812
1800 440 834
1800 370 770
1800 439 833
1800 284 531
1800 264 570
1800 34 894
1800 77 484
1800 278 661
1800 290 1133
1800 422 810
1820 298 570
1820 384 847
1820 226 1260
1820 302 669
1820 244 532
1820 416 642
1820 224 1245
1820 277 849
1820 361 841
1820 430 509
1820 34 916
1820 217 625
1820 452 634
1820 422 384
1820 357 845
1820 420 843
1820 352 672
1820 86 421
1820 286 527
1820 263 564
1820 35 885
1820 283 670
1820 223 1229
1840 363 496
1840 298 568
1840 384 858
1840 362 613
1840 304 667
1840 241 532
1840 393 654
1840 323 865
1840 381 850
1840 393 653
1840 362 498
1840 80 457
1840 217 627
1840 414 644
1840 324 866
1840 415 644
1840 414 644
1840 362 617
1840 284 528
1840 262 567
1840 58 910
1840 375 303
1840 362 497
1860 375 556
1860 295 584
1860 405 829
1860 372 679
1860 312 661
1860 477 501
1860 240 536
1860 312 180
1860 387 693
1860 356 843
1860 344 492
1860 376 556
1860 78 467
1860 76 470
1860 218 629
1860 340 844
1860 346 839
1860 309 667
1860 371 682
1860 283 529
1860 264 566
1860 38 908
1860 258 502
1860 344 494
1880 378 507
1880 297 564
1880 406 827
1880 309 662
1880 432 497
1880 243 532
1880 352 842
1880 432 497
1880 346 510
1880 377 514
1880 68 537
1880 221 626
1880 347 859
1880 352 836
1880 69 867
1880 286 527
1880 264 564
1880 55 875
1880 347 511
1880 378 509
1900 389 494
1900 300 565
1900 405 828
1900 308 663
1900 438 455
1900 240 530
1900 226 712
1900 353 844
1900 227 710
1900 436 447
1900 351 493
1900 356 477
1900 58 773
1900 218 624
1900 479 747
1900 410 830
1900 71 774
1900 432 384
1900 461 823
1900 352 489
1900 355 828
1900 478 813
1900 61 643
1900 461 824
1900 286 526
1900 263 566
1900 265 501
1900 346 505
1900 354 494
1920 396 540
1920 294 592
1920 382 866
1920 305 663
1920 407 392
1920 240 535
1920 177 605
1920 156 636
1920 360 843
1920 449 420
1920 315 469
1920 8 506
1920 219 628
1920 428 926
1920 78 685
1920 401 353
1920 357 826
1920 454 703
1920 180 606
1920 78 684
1920 428 921
1920 109 678
1920 283 528
1920 265 569
1920 396 758
1940 299 569
1940 357 982
1940 401 825
1940 303 688
1940 242 531
1940 466 296
1940 372 858
1940 394 283
1940 70 596
1940 220 628
1940 364 985
1940 149 492
1940 422 567
1940 342 828
1940 291 734
1940 418 313
1940 387 266
1940 461 869
1940 127 521
1940 349 732
1940 234 429
1940 308 669
1940 361 723
1940 126 521
1940 281 532
1940 271 559
1940 233 429
1940 364 988
1940 70 591
1940 373 310
1960 300 567
1960 300 1063
1960 382 857
1960 304 670
1960 237 535
1960 427 214
1960 123 379
1960 361 851
1960 86 507
1960 65 508
1960 224 624
1960 433 556
1960 249 719
1960 371 210
1960 338 207
1960 358 839
1960 430 906
1960 338 207
1960 286 529
1960 267 562
1960 87 502
1960 215 473
1960 122 382
1980 360 485
1980 301 562
1980 399 828
1980 297 661
1980 239 538
1980 175 484
1980 391 100
1980 106 465
1980 332 121
1980 76 296
1980 335 126
1980 386 859
1980 361 490
1980 12 410
1980 217 626
1980 406 1044
1980 145 720
1980 352 824
1980 452 881
1980 246 1151
1980 405 1042
1980 80 410
1980 285 528
1980 263 568
1980 365 1040
1980 114 253
1980 161 723
1980 175 484
1980 361 484
