1800 299 568
1800 393 824
1800 300 648
1800 240 532
1800 288 1129
1800 266 62
1800 396 826
1800 241 61
1800 77 487
1800 217 629
1800 297 1167
1800 441 603
1800 317 814
1800 317 813
1800 289 1114
1800 442 833
1800 216 628
1800 433 827
1800 307 664
1800 283 531
1800 265 569
1800 34 897
1800 259 501
1800 421 812
1820 430 512
1820 297 573
1820 385 848
1820 231 1269
1820 301 672
1820 428 518
1820 242 531
1820 419 635
1820 278 851
1820 363 845
1820 429 514
1820 423 387
1820 413 642
1820 86 425
1820 217 627
1820 453 632
1820 422 387
1820 354 675
1820 453 635
1820 419 835
1820 305 669
1820 353 675
1820 86 424
1820 286 528
1820 265 510
1820 34 895
1820 260 500
1820 230 1266
1820 422 839
1840 320 865
1840 298 570
1840 384 860
1840 362 622
1840 293 673
1840 240 532
1840 327 860
1840 371 849
1840 395 657
1840 361 500
1840 80 458
1840 218 629
1840 424 651
1840 323 867
1840 384 857
1840 372 496
1840 397 658
1840 416 648
1840 218 628
1840 298 570
1840 306 677
1840 362 607
1840 284 529
1840 264 540
1840 49 914
1840 260 501
1840 303 664
1840 379 309
1840 371 290
1840 408 837
1840 362 499
1860 297 572
1860 405 830
1860 375 691
1860 308 668
1860 474 515
1860 239 533
1860 313 181
1860 343 847
1860 357 834
1860 387 704
1860 375 558
1860 77 464
1860 78 470
1860 217 630
1860 357 696
1860 343 498
1860 373 690
1860 216 629
1860 309 668
1860 372 692
1860 285 528
1860 263 553
1860 32 917
1860 259 502
1860 405 824
1880 379 508
1880 299 566
1880 406 829
1880 308 667
1880 434 504
1880 244 534
1880 294 81
1880 355 831
1880 355 830
1880 434 503
1880 378 513
1880 67 535
1880 221 627
1880 331 755
1880 346 514
1880 222 628
1880 307 668
1880 67 534
1880 286 527
1880 264 563
1880 48 871
1880 269 494
1880 300 753
1880 434 503
1880 406 830
1900 389 496
1900 298 567
1900 407 829
1900 305 667
1900 436 457
1900 240 531
1900 435 386
1900 437 452
1900 227 715
1900 356 829
1900 356 830
1900 228 707
1900 435 457
1900 442 396
1900 377 490
1900 228 718
1900 58 775
1900 218 625
1900 388 858
1900 230 694
1900 88 773
1900 432 386
1900 463 826
1900 357 490
1900 478 747
1900 217 625
1900 72 772
1900 62 646
1900 466 825
1900 307 667
1900 286 527
1900 261 562
1900 263 501
1900 228 682
1900 351 474
1900 406 828
1900 355 477
1920 396 543
1920 288 578
1920 387 865
1920 305 661
1920 450 422
1920 239 534
1920 182 609
1920 179 608
1920 175 608
1920 396 543
1920 38 255
1920 356 828
1920 411 900
1920 361 848
1920 440 493
1920 317 463
1920 400 368
1920 25 1013
1920 221 630
1920 449 653
1920 156 635
1920 80 686
1920 455 710
1920 389 744
1920 456 710
1920 219 628
1920 79 685
1920 11 658
1920 428 920
1920 305 600
1920 306 666
1920 107 679
1920 281 526
1920 274 590
1920 264 502
1920 156 636
1920 107 682
1920 333 474
1920 407 826
1940 299 570
1940 363 977
1940 401 828
1940 305 677
1940 240 533
1940 149 494
1940 467 289
1940 43 262
1940 351 825
1940 393 855
1940 351 841
1940 395 278
1940 390 282
1940 70 593
1940 382 861
1940 222 630
1940 352 826
1940 146 493
1940 423 570
1940 350 736
1940 129 521
1940 415 311
1940 463 871
1940 126 520
1940 361 729
1940 220 629
1940 71 600
1940 236 430
1940 234 431
1940 307 671
1940 100 589
1940 285 528
1940 274 551
1940 259 504
1940 72 586
1940 376 307
1940 371 296
1940 402 829
1960 300 568
1960 385 859
1960 165 442
1960 306 669
1960 435 554
1960 241 533
1960 431 193
1960 120 382
1960 420 566
1960 121 380
1960 357 828
1960 419 955
1960 365 850
1960 437 556
1960 88 506
1960 253 726
1960 164 443
1960 64 506
1960 226 625
1960 419 191
1960 434 555
1960 187 757
1960 224 625
1960 366 204
1960 340 208
1960 217 623
1960 429 937
1960 122 376
1960 300 569
1960 87 408
1960 287 528
1960 266 563
1960 82 507
1960 264 503
1960 254 726
1960 305 1070
1960 364 195
1960 313 1062
1960 121 381
1980 373 478
1980 300 566
1980 358 1028
1980 398 829
1980 245 1155
1980 296 668
1980 239 537
1980 177 483
1980 395 85
1980 265 1165
1980 106 467
1980 314 123
1980 83 294
1980 340 134
1980 353 827
1980 398 828
1980 354 831
1980 358 488
1980 81 423
1980 176 483
1980 60 423
1980 86 755
1980 222 627
1980 365 1047
1980 379 92
1980 83 756
1980 402 1047
1980 131 724
1980 89 755
1980 452 887
1980 220 623
1980 246 1153
1980 141 721
1980 403 1043
1980 82 414
1980 286 528
1980 263 565
1980 264 502
1980 374 478
1980 161 722
1980 247 1152
1980 364 1058
1980 399 827
1980 105 466
1980 361 485
1980 451 887
