1800 276 670
1800 409 838
1800 317 815
1800 469 643
1800 241 540
1800 300 1170
1800 242 57
1800 307 663
1800 277 671
1800 392 809
1800 259 35
1800 74 488
1800 218 633
1800 295 1199
1800 301 1173
1800 431 612
1800 316 814
1800 288 1135
1800 444 606
1800 443 839
1800 298 580
1800 192 1321
1800 369 765
1800 419 811
1800 477 928
1800 307 662
1800 287 532
1800 262 570
1800 87 880
1800 77 490
1800 259 506
1820 283 667
1820 422 835
1820 228 1245
1820 350 677
1820 428 523
1820 239 542
1820 451 644
1820 304 669
1820 421 389
1820 381 846
1820 39 882
1820 218 630
1820 452 638
1820 275 860
1820 226 1238
1820 430 516
1820 233 1267
1820 299 565
1820 356 842
1820 410 654
1820 310 674
1820 83 426
1820 286 531
1820 260 570
1820 34 914
1820 84 426
1820 262 504
1820 352 673
1820 451 1101
1840 283 682
1840 407 829
1840 364 611
1840 321 869
1840 239 538
1840 368 502
1840 289 663
1840 334 883
1840 279 668
1840 391 871
1840 79 459
1840 77 920
1840 218 630
1840 418 654
1840 392 660
1840 377 315
1840 297 574
1840 172 1359
1840 357 838
1840 56 915
1840 417 657
1840 308 670
1840 80 457
1840 286 531
1840 259 581
1840 59 915
1840 80 456
1840 260 505
1840 388 651
1840 368 506
1860 281 655
1860 345 499
1860 406 825
1860 369 688
1860 473 518
1860 241 536
1860 315 184
1860 374 561
1860 306 670
1860 342 848
1860 283 657
1860 392 858
1860 77 471
1860 67 929
1860 216 628
1860 383 698
1860 299 585
1860 349 841
1860 476 536
1860 311 671
1860 287 535
1860 263 569
1860 64 927
1860 79 466
1860 261 507
1860 316 189
1860 368 689
1860 346 502
1880 279 673
1880 378 512
1880 407 827
1880 465 432
1880 241 537
1880 379 512
1880 301 672
1880 466 433
1880 349 517
1880 386 859
1880 69 535
1880 66 533
1880 47 881
1880 221 622
1880 434 500
1880 299 576
1880 354 835
1880 312 674
1880 286 533
1880 262 568
1880 48 876
1880 266 497
1880 344 767
1880 351 517
1900 285 675
1900 353 480
1900 405 828
1900 435 445
1900 240 533
1900 455 415
1900 387 494
1900 306 670
1900 448 410
1900 354 493
1900 401 831
1900 62 647
1900 219 626
1900 353 481
1900 479 751
1900 64 649
1900 434 472
1900 461 826
1900 302 577
1900 351 848
1900 62 648
1900 348 519
1900 308 674
1900 229 729
1900 229 730
1900 355 482
1900 287 535
1900 262 512
1900 261 500
1900 267 711
1900 424 375
1900 353 483
1920 288 666
1920 390 876
1920 414 395
1920 243 541
1920 177 610
1920 179 612
1920 26 970
1920 439 458
1920 397 548
1920 301 661
1920 411 894
1920 282 661
1920 403 359
1920 375 861
1920 79 687
1920 220 627
1920 411 895
1920 84 691
1920 303 450
1920 406 351
1920 434 917
1920 299 587
1920 347 843
1920 178 611
1920 76 687
1920 467 745
1920 325 479
1920 104 687
1920 155 641
1920 286 537
1920 264 563
1920 269 512
1920 404 357
1920 323 481
1940 279 673
1940 358 984
1940 403 832
1940 240 533
1940 149 502
1940 465 289
1940 98 592
1940 300 718
1940 367 1002
1940 437 323
1940 378 871
1940 71 599
1940 75 599
1940 360 983
1940 147 498
1940 220 626
1940 423 575
1940 383 280
1940 463 877
1940 394 287
1940 301 579
1940 248 433
1940 348 842
1940 466 858
1940 308 674
1940 286 533
1940 267 559
1940 259 507
1940 139 507
1940 366 304
1940 374 312
1940 273 479
1940 358 728
1940 127 526
1960 274 699
1960 404 846
1960 116 378
1960 438 554
1960 214 474
1960 427 191
1960 337 203
1960 434 551
1960 54 269
1960 305 676
1960 374 858
1960 66 513
1960 163 443
1960 64 509
1960 222 622
1960 141 376
1960 420 568
1960 425 949
1960 323 1076
1960 420 566
1960 364 166
1960 305 573
1960 270 513
1960 352 842
1960 415 947
1960 215 476
1960 305 673
1960 340 208
1960 89 411
1960 288 530
1960 268 561
1960 86 508
1960 267 506
1960 254 733
1960 337 204
1960 379 252
1960 189 756
1980 282 661
1980 359 1029
1980 401 833
1980 240 538
1980 179 484
1980 287 1219
1980 160 723
1980 321 116
1980 374 474
1980 107 284
1980 291 655
1980 377 1040
1980 281 652
1980 399 828
1980 366 1026
1980 220 629
1980 274 1175
1980 252 1160
1980 289 1218
1980 479 912
1980 399 834
1980 248 1163
1980 451 886
1980 300 568
1980 149 721
1980 354 832
1980 403 1046
1980 475 892
1980 299 572
1980 384 1048
1980 77 421
1980 287 529
1980 264 571
1980 81 424
1980 267 505
1980 113 258
1980 101 461
1980 175 484
1980 361 490
