1800 402 825
1800 289 1188
1800 445 602
1800 451 601
1800 259 499
1800 388 802
1800 236 126
1800 72 489
1800 39 918
1800 214 624
1800 281 1128
1800 390 809
1800 293 1130
1800 448 603
1800 288 1173
1800 432 824
1800 300 567
1800 373 757
1800 445 833
1800 306 658
1800 318 807
1800 283 532
1800 263 572
1800 75 487
1800 239 533
1800 314 809
1820 405 874
1820 423 521
1820 357 838
1820 235 1271
1820 449 639
1820 431 517
1820 259 500
1820 221 1231
1820 390 850
1820 243 540
1820 35 892
1820 216 622
1820 417 639
1820 355 669
1820 426 840
1820 299 566
1820 228 1243
1820 285 530
1820 262 571
1820 241 541
1840 404 839
1840 352 877
1840 355 829
1840 407 661
1840 260 501
1840 157 1328
1840 394 865
1840 369 505
1840 159 1325
1840 78 458
1840 51 908
1840 216 625
1840 413 658
1840 398 860
1840 299 568
1840 391 652
1840 307 658
1840 366 630
1840 326 866
1840 285 529
1840 262 563
1840 240 532
1840 365 290
1860 403 837
1860 357 829
1860 375 558
1860 260 503
1860 471 284
1860 337 197
1860 316 175
1860 341 501
1860 392 855
1860 73 468
1860 37 908
1860 214 621
1860 371 686
1860 357 697
1860 301 568
1860 284 651
1860 388 693
1860 309 667
1860 374 684
1860 286 528
1860 262 559
1860 239 533
1880 348 511
1880 311 734
1880 405 834
1880 431 503
1880 355 846
1880 316 711
1880 377 509
1880 430 502
1880 267 493
1880 347 515
1880 390 858
1880 246 533
1880 465 437
1880 348 509
1880 65 529
1880 46 870
1880 218 623
1880 301 565
1880 314 731
1880 305 666
1880 284 523
1880 260 558
1880 66 532
1880 241 532
1880 304 683
1900 356 494
1900 405 835
1900 391 498
1900 355 834
1900 260 499
1900 60 645
1900 346 497
1900 388 858
1900 441 388
1900 348 489
1900 347 484
1900 215 618
1900 86 760
1900 238 710
1900 440 388
1900 460 821
1900 301 565
1900 464 827
1900 280 658
1900 464 831
1900 346 511
1900 287 526
1900 260 543
1900 241 529
1900 232 718
1920 82 689
1920 398 852
1920 354 828
1920 297 444
1920 397 546
1920 266 503
1920 155 647
1920 81 689
1920 390 862
1920 327 480
1920 415 352
1920 315 462
1920 105 678
1920 17 516
1920 217 629
1920 382 739
1920 402 333
1920 452 714
1920 80 688
1920 389 368
1920 437 916
1920 299 568
1920 156 642
1920 418 894
1920 387 745
1920 175 606
1920 282 529
1920 262 562
1920 241 538
1940 403 829
1940 446 324
1940 355 836
1940 423 572
1940 262 491
1940 462 291
1940 233 429
1940 387 862
1940 242 543
1940 460 288
1940 368 977
1940 216 628
1940 362 732
1940 391 266
1940 293 733
1940 455 286
1940 393 269
1940 455 881
1940 301 569
1940 232 428
1940 462 871
1940 463 864
1940 126 527
1940 307 670
1940 286 529
1940 266 566
1940 101 590
1940 240 531
1940 349 284
1940 387 266
1960 252 709
1960 315 1075
1960 401 855
1960 359 841
1960 427 549
1960 426 551
1960 265 500
1960 416 220
1960 198 744
1960 335 201
1960 36 261
1960 390 856
1960 197 746
1960 64 511
1960 218 622
1960 200 747
1960 157 440
1960 299 1075
1960 195 743
1960 367 845
1960 302 566
1960 428 941
1960 121 378
1960 90 399
1960 286 530
1960 264 560
1960 80 506
1960 243 532
1960 336 205
1960 47 260
1960 297 1068
1980 401 832
1980 362 491
1980 371 1020
1980 355 831
1980 242 1156
1980 264 503
1980 317 123
1980 365 490
1980 392 853
1980 381 1022
1980 362 487
1980 13 568
1980 220 620
1980 372 1017
1980 254 1147
1980 404 1043
1980 272 1171
1980 89 750
1980 447 909
1980 363 109
1980 301 566
1980 155 733
1980 93 430
1980 454 887
1980 457 884
1980 305 664
1980 83 407
1980 287 529
1980 264 565
1980 246 541
1980 155 731
1980 104 458
1980 175 483
