1800 301 651
1800 304 1195
1800 317 813
1800 398 837
1800 376 763
1800 240 537
1800 77 482
1800 234 53
1800 187 1292
1800 240 62
1800 47 1255
1800 73 485
1800 36 902
1800 212 638
1800 290 1155
1800 415 812
1800 286 1132
1800 428 615
1800 448 842
1800 275 1131
1800 183 1294
1800 438 831
1800 302 574
1800 315 815
1800 392 823
1800 307 660
1800 284 534
1800 261 570
1800 76 484
1800 255 509
1800 294 1135
1820 285 708
1820 385 850
1820 425 520
1820 380 845
1820 237 1298
1820 399 654
1820 426 521
1820 242 547
1820 272 854
1820 417 395
1820 358 840
1820 5 361
1820 38 888
1820 217 627
1820 402 654
1820 418 634
1820 351 671
1820 419 991
1820 413 845
1820 301 560
1820 226 1253
1820 442 648
1820 384 848
1820 306 666
1820 432 508
1820 286 528
1820 259 582
1820 258 499
1820 213 1232
1840 285 684
1840 316 864
1840 400 877
1840 321 872
1840 375 856
1840 364 619
1840 241 538
1840 168 1345
1840 364 621
1840 422 651
1840 305 657
1840 356 835
1840 75 460
1840 43 898
1840 216 626
1840 390 655
1840 395 657
1840 298 568
1840 30 887
1840 311 871
1840 327 867
1840 426 651
1840 427 656
1840 355 504
1840 410 833
1840 308 671
1840 368 498
1840 285 528
1840 256 576
1840 80 456
1840 260 509
1840 367 302
1840 424 654
1860 291 688
1860 388 857
1860 388 854
1860 366 693
1860 470 502
1860 238 537
1860 317 171
1860 336 505
1860 378 713
1860 381 857
1860 346 844
1860 74 472
1860 34 901
1860 213 628
1860 386 703
1860 471 506
1860 299 563
1860 344 847
1860 400 840
1860 309 673
1860 373 557
1860 327 189
1860 287 529
1860 261 562
1860 80 466
1860 252 508
1880 291 701
1880 70 537
1880 384 859
1880 432 501
1880 432 503
1880 240 535
1880 346 512
1880 313 742
1880 352 845
1880 63 530
1880 47 870
1880 217 627
1880 300 567
1880 342 761
1880 378 525
1880 380 859
1880 311 675
1880 377 518
1880 286 527
1880 259 569
1880 74 863
1880 265 496
1900 231 689
1900 286 698
1900 388 860
1900 388 497
1900 224 721
1900 357 839
1900 433 439
1900 241 529
1900 85 749
1900 348 497
1900 391 831
1900 432 386
1900 348 851
1900 214 627
1900 76 772
1900 71 657
1900 57 644
1900 463 844
1900 299 567
1900 68 650
1900 468 846
1900 352 481
1900 388 854
1900 310 668
1900 380 492
1900 286 528
1900 262 578
1900 264 505
1900 235 697
1920 178 606
1920 284 662
1920 387 870
1920 377 861
1920 296 442
1920 396 543
1920 425 404
1920 183 606
1920 238 536
1920 174 603
1920 9 657
1920 21 193
1920 378 859
1920 404 354
1920 294 443
1920 320 469
1920 82 689
1920 350 850
1920 217 636
1920 381 742
1920 456 709
1920 89 684
1920 400 348
1920 312 589
1920 290 620
1920 178 606
1920 179 607
1920 420 908
1920 457 711
1920 402 774
1920 150 635
1920 408 371
1920 287 540
1920 263 567
1920 267 513
1920 295 442
1920 157 643
1940 47 260
1940 286 746
1940 69 594
1940 390 853
1940 234 539
1940 459 298
1940 244 446
1940 356 731
1940 411 323
1940 16 727
1940 79 593
1940 350 841
1940 141 502
1940 13 429
1940 217 632
1940 420 579
1940 278 762
1940 362 982
1940 389 279
1940 448 858
1940 299 574
1940 15 753
1940 47 263
1940 125 518
1940 395 832
1940 307 669
1940 99 588
1940 284 531
1940 263 570
1940 262 511
1940 371 301
1940 125 523
1960 48 260
1960 286 682
1960 72 513
1960 391 864
1960 374 867
1960 89 406
1960 218 472
1960 182 750
1960 426 211
1960 193 747
1960 341 208
1960 88 408
1960 384 866
1960 58 512
1960 181 750
1960 191 745
1960 354 857
1960 64 509
1960 219 627
1960 426 558
1960 426 951
1960 368 212
1960 300 571
1960 347 867
1960 427 958
1960 400 850
1960 89 406
1960 285 529
1960 263 578
1960 84 506
1960 265 505
1960 251 721
1960 366 229
1960 179 747
1960 90 405
1960 168 744
1960 427 952
1960 313 1048
1980 288 676
1980 400 834
1980 378 489
1980 87 426
1980 245 1152
1980 238 540
1980 91 418
1980 163 541
1980 134 727
1980 334 122
1980 47 308
1980 399 831
1980 83 420
1980 353 827
1980 23 414
1980 218 630
1980 273 1186
1980 87 410
1980 272 1179
1980 398 1036
1980 369 1035
1980 19 599
1980 448 883
1980 361 101
1980 302 570
1980 158 724
1980 352 828
1980 46 266
1980 87 409
1980 83 752
1980 360 489
1980 174 484
1980 85 413
1980 94 424
1980 399 825
1980 378 492
1980 364 1039
1980 80 414
1980 156 719
1980 286 529
1980 261 576
1980 83 417
1980 265 505
1980 109 253
1980 83 412
1980 111 254
1980 89 419
1980 174 485
1980 163 729
1980 457 921
