1800 418 844
1800 446 611
1800 373 781
1800 451 610
1800 450 607
1800 238 535
1800 268 78
1800 389 814
1800 248 80
1800 324 813
1800 304 674
1800 77 489
1800 44 919
1800 218 634
1800 298 1201
1800 389 822
1800 291 1141
1800 306 1206
1800 453 607
1800 305 658
1800 292 1138
1800 279 664
1800 441 833
1800 301 578
1800 319 813
1800 444 839
1800 450 853
1800 306 662
1800 283 529
1800 262 575
1800 57 926
1800 78 488
1800 254 504
1820 418 843
1820 445 651
1820 229 1277
1820 442 652
1820 429 522
1820 241 540
1820 224 1253
1820 387 852
1820 426 392
1820 301 678
1820 37 908
1820 219 629
1820 418 840
1820 417 638
1820 352 677
1820 310 684
1820 282 676
1820 436 868
1820 300 571
1820 231 1256
1820 307 668
1820 227 1232
1820 83 424
1820 285 529
1820 264 584
1820 259 502
1820 85 423
1840 410 835
1840 375 509
1840 363 627
1840 242 535
1840 260 505
1840 358 504
1840 156 1330
1840 387 857
1840 362 503
1840 325 866
1840 277 677
1840 79 459
1840 52 917
1840 219 629
1840 415 656
1840 361 622
1840 289 676
1840 297 568
1840 365 289
1840 361 625
1840 304 663
1840 358 607
1840 348 897
1840 286 529
1840 261 573
1840 258 502
1840 80 459
1860 407 840
1860 374 560
1860 364 702
1860 341 503
1860 375 562
1860 472 528
1860 242 535
1860 316 183
1860 339 507
1860 393 859
1860 302 674
1860 76 468
1860 30 895
1860 218 631
1860 401 845
1860 476 523
1860 303 671
1860 290 680
1860 299 571
1860 343 855
1860 309 674
1860 374 562
1860 318 182
1860 347 850
1860 285 532
1860 262 574
1860 52 926
1860 253 514
1860 78 472
1860 341 495
1880 70 539
1880 409 840
1880 378 525
1880 347 517
1880 432 505
1880 433 510
1880 242 535
1880 322 270
1880 345 514
1880 396 856
1880 427 527
1880 465 448
1880 309 761
1880 65 532
1880 46 867
1880 218 627
1880 408 837
1880 475 447
1880 298 678
1880 304 781
1880 282 677
1880 300 569
1880 345 863
1880 333 754
1880 304 672
1880 352 851
1880 286 528
1880 259 574
1880 54 866
1880 69 539
1880 272 500
1880 315 762
1880 348 511
1900 407 848
1900 386 500
1900 344 506
1900 443 474
1900 241 537
1900 474 219
1900 337 219
1900 351 511
1900 389 861
1900 345 480
1900 443 392
1900 386 504
1900 217 630
1900 403 844
1900 87 775
1900 297 678
1900 61 651
1900 289 707
1900 234 702
1900 442 402
1900 347 525
1900 461 829
1900 297 560
1900 84 773
1900 471 840
1900 307 669
1900 353 847
1900 286 530
1900 263 566
1900 263 505
1900 236 737
1900 351 506
1920 286 674
1920 408 881
1920 397 547
1920 385 813
1920 297 440
1920 395 547
1920 243 539
1920 175 608
1920 104 686
1920 446 461
1920 384 870
1920 414 384
1920 312 462
1920 294 675
1920 106 690
1920 219 634
1920 296 440
1920 394 868
1920 459 712
1920 296 666
1920 406 899
1920 100 687
1920 383 371
1920 321 488
1920 442 918
1920 296 581
1920 424 368
1920 159 651
1920 422 920
1920 89 695
1920 313 465
1920 157 649
1920 395 544
1920 284 533
1920 264 578
1920 266 508
1920 182 611
1920 394 548
1940 284 751
1940 70 605
1940 405 835
1940 358 734
1940 422 580
1940 238 534
1940 151 519
1940 465 291
1940 231 428
1940 462 318
1940 395 869
1940 433 323
1940 292 737
1940 361 991
1940 215 623
1940 402 830
1940 392 272
1940 307 673
1940 281 753
1940 371 994
1940 456 292
1940 459 870
1940 298 572
1940 353 294
1940 354 733
1940 465 870
1940 128 527
1940 308 671
1940 354 846
1940 284 532
1940 266 583
1940 101 593
1940 259 505
1940 389 271
1960 183 756
1960 262 726
1960 327 1073
1960 410 876
1960 439 556
1960 314 1078
1960 429 554
1960 234 532
1960 213 477
1960 433 191
1960 192 755
1960 264 504
1960 333 220
1960 331 206
1960 106 405
1960 396 878
1960 280 698
1960 193 756
1960 66 520
1960 221 627
1960 122 382
1960 405 857
1960 301 681
1960 422 997
1960 199 752
1960 299 680
1960 369 185
1960 301 570
1960 399 157
1960 427 959
1960 375 216
1960 122 384
1960 363 869
1960 89 411
1960 285 530
1960 266 587
1960 80 510
1960 264 505
1960 369 227
1960 186 756
1960 91 413
1960 161 442
1960 313 1077
1960 169 446
1980 273 703
1980 402 839
1980 364 489
1980 245 1170
1980 241 537
1980 119 466
1980 143 725
1980 322 128
1980 361 491
1980 84 415
1980 393 856
1980 372 489
1980 411 1040
1980 275 675
1980 91 758
1980 63 441
1980 217 626
1980 377 1044
1980 172 492
1980 400 831
1980 298 678
1980 408 1052
1980 280 1162
1980 279 671
1980 455 895
1980 362 121
1980 299 568
1980 83 757
1980 466 913
1980 301 580
1980 353 842
1980 76 417
1980 285 530
1980 263 577
1980 264 505
1980 113 252
1980 89 434
1980 175 484
1980 371 1020
