1800 300 570
1800 392 827
1800 241 536
1800 292 1141
1800 315 810
1800 367 766
1800 239 63
1800 76 486
1800 217 632
1800 431 614
1800 367 764
1800 309 666
1800 279 666
1800 440 827
1800 370 766
1800 425 812
1800 288 1121
1800 310 669
1800 284 534
1800 257 533
1800 76 486
1800 259 500
1820 298 568
1820 276 850
1820 383 848
1820 227 1260
1820 238 536
1820 277 849
1820 410 647
1820 275 850
1820 428 517
1820 86 421
1820 217 628
1820 455 651
1820 360 847
1820 305 667
1820 280 663
1820 222 1231
1820 425 390
1820 451 635
1820 421 843
1820 306 667
1820 352 673
1820 86 421
1820 286 529
1820 263 507
1820 35 900
1820 262 500
1840 298 570
1840 383 858
1840 242 534
1840 394 655
1840 363 622
1840 218 628
1840 422 647
1840 365 844
1840 301 679
1840 280 665
1840 423 645
1840 408 838
1840 306 676
1840 285 531
1840 252 538
1840 59 912
1840 81 456
1840 260 502
1840 381 320
1840 424 648
1860 301 573
1860 404 838
1860 240 535
1860 465 185
1860 314 182
1860 376 704
1860 373 700
1860 471 506
1860 77 463
1860 217 625
1860 356 834
1860 308 668
1860 285 658
1860 344 499
1860 382 702
1860 408 842
1860 309 671
1860 367 687
1860 286 530
1860 257 521
1860 59 920
1860 77 462
1860 260 504
1860 286 642
1880 300 568
1880 397 857
1880 379 511
1880 467 437
1880 241 533
1880 308 740
1880 435 503
1880 56 873
1880 221 629
1880 353 832
1880 310 664
1880 283 655
1880 347 517
1880 409 838
1880 307 671
1880 336 761
1880 287 529
1880 250 542
1880 69 870
1880 270 498
1880 291 605
1900 300 573
1900 387 859
1900 390 496
1900 438 449
1900 242 531
1900 231 716
1900 430 384
1900 232 692
1900 231 724
1900 232 721
1900 435 459
1900 432 439
1900 64 649
1900 65 772
1900 218 627
1900 354 829
1900 469 836
1900 277 685
1900 431 386
1900 463 828
1900 352 492
1900 476 751
1900 65 648
1900 409 839
1900 309 670
1900 287 529
1900 252 533
1900 265 504
1900 235 713
1900 357 478
1920 303 587
1920 378 861
1920 396 542
1920 436 534
1920 239 536
1920 218 631
1920 161 633
1920 32 183
1920 296 438
1920 397 541
1920 81 690
1920 219 630
1920 300 441
1920 358 827
1920 306 665
1920 424 916
1920 282 661
1920 404 355
1920 327 477
1920 390 743
1920 456 709
1920 177 605
1920 426 920
1920 302 673
1920 283 534
1920 266 529
1920 265 506
1920 283 635
1920 394 388
1920 400 354
1920 392 751
1940 301 577
1940 362 981
1940 378 864
1940 241 537
1940 152 501
1940 465 294
1940 150 499
1940 358 982
1940 357 732
1940 425 575
1940 220 630
1940 357 984
1940 423 571
1940 349 818
1940 283 661
1940 422 318
1940 249 462
1940 462 872
1940 402 831
1940 243 436
1940 309 675
1940 127 519
1940 286 531
1940 267 565
1940 267 504
1940 375 307
1940 383 294
1960 300 571
1960 382 863
1960 236 535
1960 429 232
1960 46 262
1960 433 556
1960 422 565
1960 122 386
1960 68 515
1960 219 624
1960 302 1069
1960 435 557
1960 354 832
1960 321 1073
1960 429 947
1960 277 686
1960 384 229
1960 344 214
1960 427 957
1960 391 855
1960 216 475
1960 304 671
1960 89 406
1960 286 530
1960 271 544
1960 88 506
1960 266 504
1960 185 759
1960 302 1064
1960 122 382
1980 247 1155
1980 300 567
1980 386 863
1980 374 476
1980 238 538
1980 333 146
1980 58 294
1980 340 168
1980 380 1049
1980 351 826
1980 373 475
1980 90 757
1980 106 467
1980 217 628
1980 247 1153
1980 350 826
1980 300 668
1980 369 1081
1980 283 659
1980 159 723
1980 452 884
1980 400 835
1980 138 723
1980 82 419
1980 287 529
1980 266 532
1980 265 503
1980 115 256
1980 401 838
1980 107 464
1980 175 485
1980 362 484
