1800 289 1115
1800 298 570
1800 400 833
1800 241 537
1800 297 1193
1800 265 39
1800 316 811
1800 367 770
1800 443 601
1800 240 64
1800 314 812
1800 65 546
1800 214 635
1800 446 602
1800 372 769
1800 307 666
1800 276 670
1800 304 1201
1800 441 827
1800 424 819
1800 287 1176
1800 308 668
1800 283 532
1800 264 573
1800 76 491
1800 260 504
1800 300 668
1800 289 1115
1820 298 575
1820 276 855
1820 381 849
1820 226 1251
1820 241 539
1820 412 642
1820 280 851
1820 357 850
1820 425 516
1820 455 632
1820 85 426
1820 217 628
1820 232 1266
1820 427 523
1820 357 851
1820 302 671
1820 276 665
1820 422 386
1820 356 684
1820 420 842
1820 305 674
1820 352 673
1820 85 422
1820 284 531
1820 261 577
1820 35 896
1820 261 504
1820 299 674
1840 297 570
1840 390 864
1840 368 505
1840 241 536
1840 394 658
1840 354 841
1840 363 620
1840 80 460
1840 321 865
1840 218 631
1840 376 861
1840 305 674
1840 278 674
1840 157 1319
1840 366 506
1840 393 659
1840 419 646
1840 404 845
1840 308 680
1840 362 618
1840 284 530
1840 259 582
1840 60 911
1840 80 459
1840 260 505
1840 280 675
1840 367 288
1860 374 561
1860 300 570
1860 400 838
1860 476 522
1860 240 538
1860 315 181
1860 387 708
1860 344 851
1860 473 518
1860 74 475
1860 217 630
1860 476 518
1860 360 850
1860 305 672
1860 278 662
1860 343 501
1860 385 705
1860 277 662
1860 65 919
1860 407 832
1860 309 676
1860 365 691
1860 314 181
1860 286 530
1860 262 575
1860 59 918
1860 76 468
1860 258 509
1860 295 674
1880 299 570
1880 67 538
1880 388 860
1880 401 843
1880 379 509
1880 467 436
1880 242 536
1880 310 740
1880 354 835
1880 433 503
1880 346 518
1880 66 539
1880 52 868
1880 217 629
1880 435 506
1880 355 843
1880 306 676
1880 280 661
1880 466 438
1880 278 663
1880 406 836
1880 345 517
1880 307 676
1880 335 750
1880 285 530
1880 260 578
1880 64 858
1880 272 504
1880 300 677
1900 297 564
1900 385 859
1900 402 843
1900 381 496
1900 440 462
1900 241 535
1900 231 703
1900 234 735
1900 355 829
1900 382 494
1900 234 732
1900 437 462
1900 438 461
1900 344 518
1900 89 775
1900 60 778
1900 218 637
1900 90 773
1900 356 829
1900 303 670
1900 276 688
1900 91 775
1900 433 387
1900 469 827
1900 356 475
1900 476 747
1900 64 651
1900 405 835
1900 346 503
1900 307 673
1900 286 528
1900 258 572
1900 265 505
1900 301 668
1920 294 613
1920 380 867
1920 384 868
1920 396 545
1920 430 482
1920 243 543
1920 217 633
1920 156 641
1920 40 274
1920 358 829
1920 419 388
1920 297 441
1920 396 545
1920 81 694
1920 219 636
1920 301 445
1920 358 848
1920 300 674
1920 418 915
1920 279 669
1920 20 677
1920 408 360
1920 457 712
1920 391 745
1920 464 732
1920 178 611
1920 425 919
1920 325 479
1920 301 677
1920 283 532
1920 268 582
1920 266 509
1920 286 671
1920 381 371
1920 394 751
1940 298 574
1940 378 877
1940 400 837
1940 241 540
1940 148 504
1940 462 296
1940 126 524
1940 46 264
1940 365 1002
1940 350 829
1940 423 569
1940 127 523
1940 288 741
1940 218 632
1940 424 569
1940 350 768
1940 293 720
1940 279 674
1940 423 311
1940 388 265
1940 472 872
1940 269 486
1940 357 734
1940 73 606
1940 232 434
1940 307 674
1940 358 733
1940 126 524
1940 282 537
1940 268 574
1940 255 520
1940 297 681
1940 101 586
1940 371 310
1940 147 498
1960 299 571
1960 378 866
1960 387 872
1960 215 477
1960 250 722
1960 237 543
1960 214 627
1960 163 445
1960 434 195
1960 343 215
1960 91 415
1960 350 834
1960 251 724
1960 421 564
1960 88 513
1960 66 514
1960 218 629
1960 266 1221
1960 163 445
1960 436 557
1960 372 838
1960 302 670
1960 318 1087
1960 188 762
1960 416 956
1960 273 702
1960 325 1222
1960 384 225
1960 343 214
1960 421 968
1960 105 814
1960 384 875
1960 303 674
1960 91 413
1960 285 531
1960 262 572
1960 87 509
1960 266 506
1960 300 673
1960 187 763
1960 299 1071
1960 122 386
1980 247 1156
1980 298 570
1980 384 866
1980 395 849
1980 374 478
1980 239 540
1980 216 634
1980 176 486
1980 92 429
1980 324 132
1980 88 308
1980 368 1053
1980 353 829
1980 374 477
1980 88 754
1980 100 470
1980 216 632
1980 259 1175
1980 247 1155
1980 385 866
1980 298 678
1980 406 1045
1980 279 668
1980 146 726
1980 85 752
1980 358 490
1980 155 738
1980 438 1056
1980 277 667
1980 399 833
1980 274 1179
1980 302 676
1980 404 1046
1980 81 418
1980 285 530
1980 263 575
1980 265 505
1980 298 675
1980 112 251
1980 107 465
1980 177 487
