1800 299 567
1800 308 663
1800 240 532
1800 287 1120
1800 262 52
1800 248 64
1800 76 486
1800 216 627
1800 290 1179
1800 441 603
1800 316 810
1800 293 1152
1800 439 826
1800 391 810
1800 440 825
1800 308 665
1800 370 769
1800 285 530
1800 263 569
1800 260 500
1800 288 1118
1800 392 815
1820 279 851
1820 299 570
1820 228 1250
1820 305 666
1820 240 533
1820 85 424
1820 416 634
1820 428 512
1820 411 638
1820 369 846
1820 217 627
1820 453 633
1820 423 386
1820 382 847
1820 421 835
1820 306 668
1820 354 672
1820 284 528
1820 259 567
1820 34 881
1820 260 500
1840 298 570
1840 326 860
1840 361 613
1840 298 670
1840 239 533
1840 416 646
1840 326 855
1840 395 656
1840 362 619
1840 79 458
1840 363 848
1840 80 457
1840 218 629
1840 416 645
1840 322 865
1840 391 856
1840 409 830
1840 421 649
1840 285 527
1840 263 565
1840 260 500
1840 375 302
1860 299 569
1860 375 558
1860 310 667
1860 477 508
1860 239 534
1860 314 182
1860 386 700
1860 76 461
1860 352 830
1860 76 464
1860 217 627
1860 394 857
1860 406 826
1860 310 668
1860 372 681
1860 287 527
1860 263 567
1860 258 502
1860 386 698
1880 299 570
1880 308 667
1880 467 432
1880 242 533
1880 433 500
1880 68 535
1880 66 533
1880 354 830
1880 218 626
1880 433 505
1880 333 754
1880 314 719
1880 392 859
1880 332 754
1880 288 525
1880 261 564
1880 270 496
1900 435 451
1900 297 568
1900 304 661
1900 433 446
1900 241 531
1900 436 385
1900 227 715
1900 228 721
1900 434 447
1900 434 386
1900 354 827
1900 217 627
1900 231 705
1900 92 756
1900 432 385
1900 465 828
1900 349 475
1900 386 858
1900 462 828
1900 87 766
1900 473 825
1900 287 525
1900 260 567
1900 262 498
1900 231 720
1900 350 474
1900 355 827
1920 397 342
1920 297 570
1920 410 901
1920 305 662
1920 447 398
1920 240 533
1920 156 633
1920 155 633
1920 396 543
1920 315 463
1920 381 372
1920 388 740
1920 354 821
1920 219 632
1920 156 633
1920 455 712
1920 379 859
1920 78 675
1920 77 681
1920 313 655
1920 389 739
1920 108 673
1920 282 526
1920 268 569
1920 264 502
1920 390 740
1940 298 571
1940 362 978
1940 288 718
1940 240 532
1940 437 314
1940 361 977
1940 391 272
1940 392 282
1940 70 596
1940 353 827
1940 281 668
1940 218 628
1940 423 568
1940 289 729
1940 424 311
1940 461 870
1940 124 514
1940 400 830
1940 461 870
1940 463 868
1940 307 669
1940 354 730
1940 100 585
1940 100 581
1940 284 528
1940 267 563
1940 256 511
1940 100 584
1940 270 473
1940 368 307
1940 352 731
1940 126 513
1960 300 569
1960 239 531
1960 162 443
1960 437 196
1960 90 406
1960 332 204
1960 420 562
1960 123 384
1960 429 944
1960 428 551
1960 86 506
1960 368 827
1960 248 722
1960 162 443
1960 222 625
1960 305 1070
1960 428 551
1960 186 755
1960 192 745
1960 251 725
1960 369 180
1960 336 208
1960 382 857
1960 383 862
1960 123 383
1960 303 669
1960 287 527
1960 266 564
1960 265 502
1960 252 723
1960 193 746
1960 216 473
1980 299 566
1980 356 1030
1980 299 661
1980 241 538
1980 262 1166
1980 103 468
1980 321 121
1980 352 825
1980 71 421
1980 215 625
1980 383 91
1980 157 723
1980 400 105
1980 477 910
1980 356 487
1980 400 830
1980 453 885
1980 452 884
1980 405 1047
1980 78 417
1980 286 527
1980 264 568
1980 265 501
1980 376 476
1980 160 722
1980 245 1150
1980 365 1040
1980 400 829
1980 367 483
