1800 299 567
1800 74 490
1800 307 662
1800 238 536
1800 287 1122
1800 241 65
1800 469 636
1800 398 831
1800 239 63
1800 75 493
1800 76 493
1800 216 625
1800 431 610
1800 315 813
1800 315 813
1800 287 1119
1800 294 1162
1800 442 835
1800 392 822
1800 429 823
1800 307 663
1800 368 770
1800 284 530
1800 263 571
1800 260 501
1820 354 673
1820 277 854
1820 299 569
1820 226 1242
1820 304 669
1820 423 515
1820 238 536
1820 84 425
1820 411 644
1820 354 673
1820 426 514
1820 420 392
1820 358 842
1820 217 625
1820 229 1248
1820 452 637
1820 420 387
1820 222 1231
1820 381 848
1820 421 837
1820 416 641
1820 304 670
1820 285 529
1820 260 570
1820 32 889
1820 261 501
1820 222 1231
1820 353 673
1840 298 571
1840 325 863
1840 79 460
1840 368 291
1840 281 673
1840 238 535
1840 366 289
1840 400 664
1840 323 866
1840 361 618
1840 80 460
1840 378 856
1840 49 531
1840 218 628
1840 416 647
1840 379 853
1840 408 834
1840 418 649
1840 415 646
1840 301 673
1840 381 855
1840 285 528
1840 262 568
1840 260 503
1840 368 291
1840 390 658
1860 298 569
1860 75 464
1860 374 559
1860 310 669
1860 477 521
1860 237 537
1860 314 181
1860 373 688
1860 404 826
1860 374 560
1860 75 467
1860 345 849
1860 76 462
1860 217 626
1860 386 860
1860 308 670
1860 348 835
1860 287 529
1860 262 568
1860 259 502
1860 380 695
1880 298 570
1880 348 515
1880 307 671
1880 433 502
1880 241 533
1880 288 224
1880 433 502
1880 389 862
1880 67 537
1880 351 844
1880 350 844
1880 218 626
1880 330 753
1880 311 723
1880 466 436
1880 387 861
1880 401 833
1880 305 673
1880 331 753
1880 286 526
1880 260 567
1880 56 872
1880 270 498
1900 297 569
1900 354 476
1900 299 665
1900 434 453
1900 240 532
1900 229 719
1900 430 387
1900 229 724
1900 229 722
1900 389 494
1900 405 831
1900 355 835
1900 354 834
1900 60 774
1900 217 626
1900 479 751
1900 228 722
1900 87 768
1900 431 387
1900 464 831
1900 376 498
1900 387 860
1900 463 828
1900 62 644
1900 63 644
1900 477 745
1900 345 488
1900 309 669
1900 354 833
1900 286 527
1900 259 570
1900 265 504
1900 89 778
1900 353 475
1900 234 730
1920 381 374
1920 297 572
1920 405 904
1920 300 672
1920 401 384
1920 241 534
1920 177 602
1920 177 606
1920 434 443
1920 269 568
1920 395 545
1920 424 920
1920 314 464
1920 397 353
1920 389 748
1920 351 834
1920 28 966
1920 220 631
1920 298 438
1920 157 633
1920 76 684
1920 316 465
1920 405 371
1920 455 714
1920 380 863
1920 406 904
1920 77 679
1920 77 680
1920 303 667
1920 356 823
1920 282 530
1920 267 570
1920 265 503
1920 297 441
1920 398 361
1920 389 744
1940 298 571
1940 360 981
1940 387 273
1940 362 979
1940 301 689
1940 238 537
1940 146 496
1940 436 315
1940 387 275
1940 70 595
1940 350 838
1940 217 628
1940 422 573
1940 386 867
1940 287 737
1940 417 305
1940 422 572
1940 471 874
1940 380 289
1940 234 432
1940 125 519
1940 382 869
1940 467 869
1940 239 434
1940 307 671
1940 349 736
1940 126 515
1940 284 530
1940 266 566
1940 244 542
1940 127 513
1940 100 588
1940 372 300
1940 354 731
1940 128 514
1960 299 569
1960 162 444
1960 303 670
1960 431 554
1960 241 535
1960 163 443
1960 163 443
1960 433 194
1960 90 408
1960 337 206
1960 427 947
1960 364 232
1960 431 553
1960 68 512
1960 86 508
1960 349 843
1960 253 725
1960 64 506
1960 219 626
1960 303 1062
1960 371 187
1960 420 560
1960 183 755
1960 187 756
1960 194 745
1960 250 724
1960 364 200
1960 333 204
1960 367 852
1960 428 944
1960 121 383
1960 302 671
1960 362 831
1960 306 1057
1960 287 528
1960 265 566
1960 86 509
1960 265 504
1960 255 724
1960 305 1069
1980 299 567
1980 356 1033
1980 360 488
1980 298 666
1980 238 541
1980 178 485
1980 266 1169
1980 84 424
1980 316 132
1980 108 277
1980 315 121
1980 398 832
1980 68 424
1980 352 833
1980 404 1043
1980 176 485
1980 215 624
1980 375 102
1980 143 721
1980 267 1170
1980 91 756
1980 478 917
1980 246 1152
1980 384 861
1980 463 906
1980 88 756
1980 297 577
1980 351 828
1980 405 1046
1980 67 428
1980 286 528
1980 262 569
1980 265 503
1980 377 480
1980 162 721
1980 365 1043
1980 109 464
1980 179 487
1980 384 491
