1800 298 570
1800 446 601
1800 307 660
1800 242 533
1800 289 1118
1800 264 66
1800 372 767
1800 443 599
1800 421 816
1800 76 486
1800 246 71
1800 77 487
1800 390 813
1800 77 487
1800 217 628
1800 473 626
1800 317 811
1800 288 1115
1800 296 1192
1800 441 833
1800 397 827
1800 438 825
1800 308 665
1800 368 770
1800 285 530
1800 267 569
1800 260 501
1820 299 572
1820 223 1229
1820 304 668
1820 431 512
1820 243 536
1820 453 635
1820 362 843
1820 454 631
1820 432 398
1820 360 841
1820 219 627
1820 235 1265
1820 417 633
1820 426 387
1820 421 836
1820 419 835
1820 418 635
1820 304 670
1820 285 529
1820 263 566
1820 36 903
1820 261 501
1820 222 1228
1820 354 673
1840 298 571
1840 369 501
1840 303 673
1840 242 532
1840 395 657
1840 153 1332
1840 364 848
1840 424 649
1840 362 614
1840 80 459
1840 382 854
1840 80 458
1840 219 629
1840 421 650
1840 324 868
1840 399 836
1840 405 833
1840 418 647
1840 312 670
1840 285 527
1840 266 564
1840 59 918
1840 260 501
1840 370 292
1840 419 648
1860 299 571
1860 375 558
1860 310 668
1860 473 509
1860 242 533
1860 315 183
1860 388 695
1860 357 829
1860 387 696
1860 76 465
1860 390 860
1860 77 463
1860 217 627
1860 406 826
1860 315 675
1860 382 697
1860 286 528
1860 265 566
1860 49 924
1860 260 503
1860 345 497
1860 371 682
1880 471 437
1880 300 569
1880 379 507
1880 308 670
1880 435 503
1880 244 533
1880 355 833
1880 379 508
1880 67 536
1880 387 858
1880 66 534
1880 218 628
1880 334 746
1880 333 759
1880 470 435
1880 406 830
1880 307 672
1880 287 526
1880 265 565
1880 68 866
1880 271 498
1880 335 756
1900 437 456
1900 299 568
1900 376 493
1900 310 666
1900 436 385
1900 244 529
1900 231 710
1900 356 832
1900 444 396
1900 379 491
1900 392 862
1900 57 774
1900 218 627
1900 236 700
1900 90 762
1900 433 385
1900 477 828
1900 404 826
1900 466 830
1900 63 642
1900 63 643
1900 321 682
1900 287 526
1900 267 504
1900 265 503
1900 355 475
1900 391 496
1920 405 351
1920 299 572
1920 290 662
1920 422 368
1920 242 530
1920 176 606
1920 157 635
1920 424 922
1920 356 818
1920 402 368
1920 393 749
1920 381 862
1920 7 509
1920 26 968
1920 220 630
1920 109 676
1920 455 710
1920 156 635
1920 321 470
1920 456 709
1920 410 903
1920 426 921
1920 78 683
1920 77 685
1920 389 743
1920 108 676
1920 286 532
1920 273 572
1920 267 503
1920 301 440
1920 327 472
1940 300 570
1940 363 981
1940 296 708
1940 241 532
1940 147 497
1940 466 287
1940 352 828
1940 423 569
1940 399 280
1940 70 594
1940 384 863
1940 220 630
1940 288 738
1940 465 287
1940 466 868
1940 147 498
1940 398 829
1940 236 432
1940 307 674
1940 355 729
1940 100 582
1940 286 527
1940 274 554
1940 264 500
1940 128 515
1940 99 584
1940 373 301
1940 374 296
1940 358 981
1940 359 729
1940 135 504
1960 300 569
1960 388 846
1960 304 671
1960 436 555
1960 247 536
1960 161 445
1960 437 193
1960 299 1066
1960 90 408
1960 122 384
1960 429 942
1960 356 826
1960 394 221
1960 428 553
1960 72 514
1960 86 506
1960 383 862
1960 65 509
1960 225 627
1960 299 1066
1960 192 751
1960 189 746
1960 251 724
1960 368 180
1960 342 212
1960 397 820
1960 429 942
1960 217 474
1960 123 384
1960 303 671
1960 90 406
1960 287 528
1960 269 557
1960 266 504
1960 255 727
1960 305 1064
1980 299 567
1980 372 472
1980 296 658
1980 241 537
1980 265 1170
1980 78 418
1980 319 129
1980 86 280
1980 353 826
1980 399 833
1980 389 857
1980 221 629
1980 248 1154
1980 245 1152
1980 375 99
1980 403 1047
1980 267 1170
1980 375 103
1980 333 114
1980 246 1152
1980 400 827
1980 460 883
1980 80 414
1980 286 528
1980 265 566
1980 266 503
1980 355 1026
1980 367 480
1980 357 1024
1980 378 478
1980 356 1027
