1800 297 571
1800 318 816
1800 316 814
1800 402 826
1800 398 831
1800 306 656
1800 239 525
1800 293 1167
1800 278 666
1800 317 816
1800 367 768
1800 77 490
1800 76 493
1800 216 625
1800 293 1190
1800 440 609
1800 318 816
1800 396 832
1800 295 1146
1800 441 836
1800 371 761
1800 446 604
1800 440 838
1800 289 1136
1800 308 662
1800 372 765
1800 281 531
1800 43 912
1800 264 568
1800 77 491
1800 260 496
1800 276 663
1800 400 828
1820 278 858
1820 298 566
1820 279 861
1820 454 647
1820 416 834
1820 228 1258
1820 417 830
1820 298 671
1820 430 528
1820 241 533
1820 416 650
1820 278 848
1820 369 854
1820 363 846
1820 355 678
1820 430 520
1820 422 646
1820 359 843
1820 216 621
1820 453 637
1820 419 839
1820 277 861
1820 430 388
1820 383 847
1820 454 645
1820 419 838
1820 418 840
1820 420 639
1820 305 668
1820 353 670
1820 87 427
1820 284 526
1820 261 563
1820 37 904
1820 86 427
1820 260 498
1820 278 663
1820 225 1232
1820 421 837
1820 418 841
1840 370 494
1840 298 560
1840 420 651
1840 372 852
1840 400 858
1840 398 864
1840 363 622
1840 303 654
1840 239 531
1840 396 656
1840 328 873
1840 359 838
1840 380 854
1840 422 652
1840 368 497
1840 79 458
1840 217 622
1840 366 844
1840 419 645
1840 381 857
1840 362 615
1840 405 845
1840 390 871
1840 411 833
1840 363 611
1840 306 679
1840 393 660
1840 283 524
1840 262 564
1840 61 920
1840 79 458
1840 259 499
1840 278 663
1840 330 868
1840 385 320
1840 367 497
1840 408 837
1860 375 560
1860 302 581
1860 347 852
1860 406 834
1860 406 831
1860 383 704
1860 306 664
1860 474 517
1860 240 532
1860 315 179
1860 385 705
1860 358 841
1860 369 854
1860 357 699
1860 346 499
1860 375 561
1860 345 849
1860 76 472
1860 216 625
1860 347 852
1860 473 521
1860 390 860
1860 346 510
1860 373 710
1860 393 712
1860 376 560
1860 309 667
1860 374 699
1860 316 188
1860 347 852
1860 284 525
1860 263 564
1860 54 925
1860 77 467
1860 259 499
1860 280 661
1860 406 835
1880 379 510
1880 299 561
1880 352 848
1880 408 832
1880 407 828
1880 306 664
1880 435 504
1880 241 532
1880 391 64
1880 353 848
1880 357 851
1880 332 767
1880 435 505
1880 347 513
1880 377 512
1880 67 538
1880 220 624
1880 369 847
1880 324 762
1880 467 438
1880 351 848
1880 435 503
1880 420 837
1880 71 871
1880 67 541
1880 310 665
1880 352 835
1880 285 521
1880 261 561
1880 60 877
1880 270 493
1880 272 676
1880 409 833
1900 390 495
1900 301 558
1900 465 826
1900 408 833
1900 406 824
1900 304 662
1900 436 459
1900 241 527
1900 432 381
1900 234 718
1900 357 835
1900 358 842
1900 234 719
1900 435 451
1900 356 479
1900 376 493
1900 59 772
1900 218 618
1900 359 842
1900 90 774
1900 477 738
1900 392 862
1900 433 386
1900 464 823
1900 357 837
1900 474 831
1900 414 835
1900 63 648
1900 419 835
1900 479 761
1900 325 685
1900 402 840
1900 284 525
1900 262 560
1900 265 500
1900 281 665
1900 355 477
1900 408 835
1900 390 498
1920 396 542
1920 296 580
1920 455 711
1920 301 435
1920 388 866
1920 304 661
1920 450 429
1920 240 535
1920 180 604
1920 158 637
1920 381 860
1920 368 856
1920 402 337
1920 449 436
1920 331 475
1920 385 371
1920 396 755
1920 397 544
1920 35 1009
1920 219 626
1920 304 442
1920 377 861
1920 455 711
1920 424 919
1920 79 685
1920 416 368
1920 372 815
1920 455 715
1920 197 618
1920 429 920
1920 304 664
1920 388 747
1920 283 524
1920 264 565
1920 264 500
1920 276 662
1920 400 367
1920 403 851
1940 424 569
1940 298 567
1940 423 576
1940 359 983
1940 402 826
1940 237 435
1940 402 825
1940 300 683
1940 241 530
1940 150 509
1940 467 288
1940 367 987
1940 375 869
1940 402 291
1940 363 730
1940 398 315
1940 396 305
1940 403 834
1940 69 593
1940 219 627
1940 363 858
1940 151 497
1940 424 570
1940 353 736
1940 289 744
1940 406 834
1940 392 276
1940 462 871
1940 358 732
1940 71 597
1940 238 434
1940 307 668
1940 354 735
1940 127 518
1940 280 525
1940 268 563
1940 79 880
1940 261 499
1940 293 739
1940 275 678
1940 374 309
1940 402 828
1960 301 1060
1960 299 560
1960 322 1080
1960 391 848
1960 164 444
1960 304 669
1960 437 559
1960 239 530
1960 427 219
1960 121 394
1960 47 270
1960 370 181
1960 372 859
1960 389 284
1960 77 515
1960 87 510
1960 163 444
1960 68 524
1960 223 623
1960 308 1063
1960 374 866
1960 423 205
1960 436 560
1960 417 951
1960 251 719
1960 375 209
1960 337 205
1960 374 830
1960 431 943
1960 217 476
1960 336 209
1960 381 870
1960 86 407
1960 284 526
1960 265 563
1960 87 507
1960 264 501
1960 274 697
1960 315 1073
1960 416 854
1960 124 384
1980 367 487
1980 302 559
1980 399 829
1980 177 485
1980 299 659
1980 239 537
1980 417 96
1980 109 466
1980 108 282
1980 397 1070
1980 387 858
1980 366 487
1980 90 434
1980 177 485
1980 66 434
1980 220 625
1980 371 1055
1980 287 1185
1980 374 116
1980 479 681
1980 407 1046
1980 453 897
1980 451 884
1980 276 1168
1980 405 1047
1980 284 525
1980 262 564
1980 96 441
1980 265 498
1980 275 661
1980 364 1032
1980 365 488
1980 129 275
1980 156 724
1980 271 1160
1980 399 829
1980 177 484
1980 380 486
