1800 446 602
1800 289 1116
1800 300 568
1800 308 662
1800 241 532
1800 290 1134
1800 263 48
1800 317 810
1800 448 602
1800 397 824
1800 240 59
1800 78 486
1800 78 486
1800 217 627
1800 295 1162
1800 441 827
1800 316 811
1800 292 1148
1800 441 827
1800 395 823
1800 307 663
1800 394 818
1800 285 530
1800 266 567
1800 260 500
1800 279 663
1820 431 514
1820 280 851
1820 300 569
1820 225 1240
1820 431 512
1820 242 533
1820 418 641
1820 368 843
1820 418 633
1820 423 837
1820 86 421
1820 368 841
1820 218 627
1820 424 385
1820 383 848
1820 278 850
1820 420 631
1820 305 669
1820 377 841
1820 286 529
1820 263 564
1820 34 880
1820 261 501
1820 280 671
1820 225 1244
1820 355 673
1840 299 569
1840 327 857
1840 362 612
1840 241 532
1840 396 657
1840 362 836
1840 362 613
1840 422 647
1840 409 829
1840 363 617
1840 80 458
1840 382 855
1840 81 458
1840 219 628
1840 391 857
1840 423 652
1840 299 674
1840 408 828
1840 286 527
1840 265 563
1840 60 912
1840 260 500
1840 277 672
1840 367 498
1840 395 656
1860 300 569
1860 376 559
1860 241 535
1860 315 181
1860 314 180
1860 388 699
1860 356 827
1860 407 828
1860 388 692
1860 347 845
1860 76 462
1860 218 627
1860 406 829
1860 309 668
1860 358 825
1860 287 528
1860 264 566
1860 56 915
1860 260 502
1860 281 661
1860 345 495
1860 375 687
1880 434 503
1880 301 567
1880 348 511
1880 434 503
1880 244 533
1880 355 830
1880 408 831
1880 67 534
1880 355 832
1880 220 627
1880 333 750
1880 310 745
1880 408 831
1880 308 668
1880 288 527
1880 264 564
1880 72 870
1880 273 498
1880 280 662
1880 347 512
1900 390 494
1900 299 567
1900 435 447
1900 246 529
1900 230 703
1900 230 693
1900 230 696
1900 356 830
1900 439 387
1900 407 831
1900 356 831
1900 61 771
1900 219 624
1900 433 384
1900 466 826
1900 405 829
1900 88 771
1900 65 643
1900 325 686
1900 356 830
1900 288 526
1900 256 527
1900 265 502
1900 283 677
1900 356 475
1920 397 542
1920 299 569
1920 240 531
1920 181 608
1920 158 631
1920 359 825
1920 404 365
1920 400 843
1920 108 673
1920 357 828
1920 221 631
1920 159 633
1920 410 353
1920 410 904
1920 430 917
1920 78 681
1920 80 677
1920 388 794
1920 283 528
1920 267 558
1920 267 504
1920 108 676
1920 300 437
1940 301 569
1940 359 981
1940 308 668
1940 241 533
1940 148 496
1940 467 289
1940 352 827
1940 424 568
1940 393 272
1940 403 830
1940 70 598
1940 353 828
1940 220 628
1940 129 510
1940 465 870
1940 353 734
1940 286 726
1940 267 474
1940 425 311
1940 465 866
1940 234 432
1940 127 511
1940 402 830
1940 464 868
1940 70 599
1940 235 432
1940 308 669
1940 350 825
1940 100 580
1940 127 513
1940 286 527
1940 273 556
1940 265 498
1940 277 666
1940 376 306
1940 359 980
1940 358 731
1940 129 512
1960 434 553
1960 301 568
1960 431 554
1960 247 532
1960 338 208
1960 162 444
1960 439 194
1960 335 205
1960 124 383
1960 424 948
1960 354 826
1960 385 217
1960 187 753
1960 420 561
1960 394 843
1960 78 511
1960 362 830
1960 254 725
1960 68 511
1960 226 625
1960 300 1062
1960 386 217
1960 186 751
1960 192 748
1960 369 181
1960 342 213
1960 218 474
1960 384 861
1960 430 945
1960 218 474
1960 125 382
1960 375 832
1960 287 527
1960 269 556
1960 266 504
1960 285 677
1980 377 477
1980 266 1168
1980 300 567
1980 358 1025
1980 357 1024
1980 300 566
1980 243 536
1980 302 120
1980 405 1045
1980 354 826
1980 400 832
1980 89 424
1980 354 826
1980 72 425
1980 223 629
1980 361 1025
1980 268 1168
1980 380 90
1980 468 909
1980 247 1151
1980 165 723
1980 400 835
1980 453 886
1980 91 746
1980 401 829
1980 97 436
1980 287 527
1980 266 564
1980 266 502
1980 366 482
1980 164 731
1980 405 1044
