1800 276 665
1800 391 823
1800 239 534
1800 289 1149
1800 307 663
1800 393 824
1800 443 828
1800 235 54
1800 76 488
1800 217 629
1800 285 1148
1800 432 611
1800 318 815
1800 287 1126
1800 466 610
1800 443 836
1800 300 568
1800 370 769
1800 427 820
1800 451 606
1800 307 664
1800 283 532
1800 261 571
1800 41 926
1800 259 501
1800 277 665
1820 277 670
1820 419 838
1820 222 1299
1820 429 395
1820 238 537
1820 302 671
1820 420 836
1820 361 848
1820 427 394
1820 217 626
1820 453 634
1820 429 520
1820 224 1259
1820 299 570
1820 357 845
1820 419 637
1820 304 670
1820 86 421
1820 284 529
1820 258 575
1820 38 914
1820 86 422
1820 260 502
1820 278 668
1820 352 672
1840 276 673
1840 406 836
1840 363 619
1840 241 532
1840 296 671
1840 364 620
1840 402 860
1840 325 868
1840 363 619
1840 217 627
1840 368 498
1840 415 648
1840 323 867
1840 298 570
1840 356 836
1840 416 654
1840 307 670
1840 285 530
1840 257 577
1840 80 458
1840 259 501
1840 278 671
1840 364 291
1840 365 497
1860 278 661
1860 406 826
1860 374 559
1860 373 701
1860 474 517
1860 240 536
1860 315 185
1860 305 669
1860 405 830
1860 354 836
1860 374 557
1860 389 703
1860 76 462
1860 216 626
1860 341 499
1860 374 558
1860 388 699
1860 292 594
1860 352 843
1860 308 668
1860 285 530
1860 259 572
1860 77 463
1860 258 505
1860 281 666
1860 316 189
1860 373 695
1880 273 664
1880 405 827
1880 348 514
1880 328 764
1880 432 502
1880 241 536
1880 378 512
1880 305 669
1880 405 830
1880 352 845
1880 469 437
1880 405 828
1880 67 536
1880 65 530
1880 221 627
1880 348 515
1880 472 440
1880 332 757
1880 431 501
1880 298 570
1880 353 830
1880 306 669
1880 285 528
1880 259 568
1880 270 499
1880 275 664
1880 378 510
1900 279 673
1900 406 832
1900 451 412
1900 241 533
1900 389 496
1900 306 668
1900 399 840
1900 353 838
1900 450 429
1900 218 625
1900 355 477
1900 87 763
1900 440 453
1900 464 825
1900 297 570
1900 352 838
1900 87 755
1900 62 645
1900 478 751
1900 353 499
1900 308 668
1900 233 731
1900 286 529
1900 263 564
1900 265 502
1900 277 669
1900 355 476
1920 274 671
1920 384 868
1920 445 455
1920 242 539
1920 178 605
1920 299 666
1920 406 876
1920 403 368
1920 399 777
1920 217 627
1920 396 546
1920 423 925
1920 81 690
1920 298 440
1920 407 382
1920 429 917
1920 280 613
1920 354 834
1920 180 609
1920 313 473
1920 298 628
1920 107 680
1920 281 529
1920 265 566
1920 265 504
1920 277 665
1920 402 349
1920 382 371
1940 277 666
1940 355 985
1940 400 832
1940 363 994
1940 359 732
1940 240 534
1940 149 501
1940 463 305
1940 299 665
1940 400 836
1940 351 846
1940 423 317
1940 70 603
1940 70 600
1940 362 987
1940 219 626
1940 424 574
1940 389 272
1940 233 431
1940 462 868
1940 298 571
1940 351 846
1940 70 604
1940 308 670
1940 280 537
1940 266 570
1940 258 507
1940 276 667
1940 389 270
1940 359 731
1940 127 520
1960 289 679
1960 381 870
1960 163 443
1960 433 555
1960 236 536
1960 439 199
1960 187 757
1960 338 208
1960 192 755
1960 48 265
1960 303 669
1960 186 757
1960 350 842
1960 68 518
1960 121 384
1960 65 511
1960 224 628
1960 430 553
1960 431 946
1960 251 727
1960 320 1079
1960 427 552
1960 369 195
1960 375 184
1960 299 570
1960 356 843
1960 429 952
1960 216 475
1960 303 672
1960 336 206
1960 89 407
1960 285 531
1960 261 571
1960 89 411
1960 266 503
1960 256 731
1960 183 756
1960 163 444
1980 277 660
1980 399 840
1980 365 1035
1980 240 542
1980 160 721
1980 339 128
1980 372 475
1980 85 295
1980 299 669
1980 398 827
1980 355 835
1980 399 825
1980 372 1025
1980 217 627
1980 362 487
1980 269 1182
1980 249 1153
1980 453 887
1980 338 127
1980 299 568
1980 160 723
1980 354 831
1980 247 1153
1980 298 570
1980 406 1046
1980 83 413
1980 284 529
1980 261 573
1980 87 427
1980 266 504
1980 278 662
1980 113 256
1980 106 465
1980 175 484
1980 364 487
