1800 288 1119
1800 301 564
1800 371 765
1800 397 822
1800 276 664
1800 260 502
1800 317 811
1800 289 1134
1800 236 55
1800 233 54
1800 442 603
1800 76 488
1800 318 811
1800 260 502
1800 216 627
1800 284 1180
1800 447 601
1800 306 660
1800 427 824
1800 442 828
1800 21 739
1800 415 833
1800 292 1189
1800 307 664
1800 285 531
1800 263 566
1800 76 488
1800 246 526
1800 307 662
1800 391 818
1820 431 516
1820 300 572
1820 276 853
1820 377 847
1820 416 836
1820 224 1253
1820 277 664
1820 260 501
1820 414 648
1820 430 396
1820 432 518
1820 83 423
1820 217 627
1820 453 634
1820 344 853
1820 264 568
1820 424 387
1820 413 645
1820 453 634
1820 416 836
1820 305 668
1820 84 422
1820 285 529
1820 262 566
1820 33 888
1820 83 423
1820 244 528
1820 304 668
1820 383 841
1840 368 500
1840 300 569
1840 358 838
1840 388 856
1840 361 615
1840 277 669
1840 260 501
1840 395 660
1840 149 1347
1840 322 863
1840 360 500
1840 79 459
1840 323 865
1840 79 458
1840 218 629
1840 362 839
1840 419 645
1840 360 838
1840 280 666
1840 361 500
1840 393 659
1840 415 646
1840 407 838
1840 416 645
1840 304 671
1840 361 615
1840 285 528
1840 262 565
1840 79 459
1840 242 531
1840 303 671
1840 368 290
1840 367 290
1840 407 830
1860 302 575
1860 76 462
1860 357 832
1860 402 830
1860 374 559
1860 276 592
1860 477 519
1860 259 504
1860 317 184
1860 374 559
1860 377 696
1860 375 558
1860 75 462
1860 344 849
1860 259 504
1860 75 462
1860 216 624
1860 356 828
1860 287 656
1860 344 497
1860 388 702
1860 406 828
1860 308 669
1860 316 183
1860 286 529
1860 262 566
1860 71 919
1860 76 461
1860 241 530
1860 308 668
1860 405 821
1880 379 507
1880 299 567
1880 352 839
1880 404 825
1880 379 508
1880 289 665
1880 434 503
1880 244 531
1880 317 721
1880 329 751
1880 469 437
1880 345 517
1880 379 507
1880 346 514
1880 350 844
1880 243 531
1880 218 628
1880 351 834
1880 276 662
1880 472 439
1880 345 516
1880 285 528
1880 261 563
1880 243 532
1880 307 669
1880 65 538
1880 405 826
1900 230 689
1900 389 496
1900 299 568
1900 355 827
1900 395 837
1900 437 453
1900 264 504
1900 437 455
1900 233 724
1900 435 386
1900 354 475
1900 389 495
1900 356 486
1900 63 646
1900 60 773
1900 217 626
1900 88 764
1900 353 828
1900 89 757
1900 439 460
1900 462 822
1900 353 475
1900 63 646
1900 307 666
1900 285 527
1900 262 561
1900 245 529
1900 306 665
1900 230 724
1900 403 832
1900 371 492
1920 396 545
1920 302 605
1920 357 826
1920 298 436
1920 409 902
1920 445 425
1920 268 504
1920 156 638
1920 396 544
1920 39 256
1920 391 366
1920 402 352
1920 313 465
1920 396 544
1920 77 689
1920 219 631
1920 300 437
1920 355 820
1920 277 659
1920 425 921
1920 78 689
1920 183 616
1920 456 707
1920 330 476
1920 157 640
1920 389 745
1920 460 712
1920 179 612
1920 17 633
1920 386 861
1920 77 685
1920 280 524
1920 263 569
1920 244 533
1920 305 625
1920 402 340
1920 401 363
1920 156 637
1920 410 821
1940 423 569
1940 300 569
1940 349 827
1940 398 824
1940 277 666
1940 252 529
1940 146 493
1940 466 288
1940 125 514
1940 35 261
1940 360 980
1940 353 733
1940 423 310
1940 423 569
1940 69 593
1940 349 840
1940 248 532
1940 219 629
1940 359 984
1940 360 980
1940 423 569
1940 347 823
1940 287 736
1940 388 267
1940 465 863
1940 69 599
1940 307 668
1940 100 585
1940 284 529
1940 268 561
1940 241 533
1940 307 669
1940 127 512
1940 102 589
1940 391 272
1940 369 302
1940 401 827
1940 146 493
1960 431 553
1960 302 1057
1960 300 568
1960 359 840
1960 216 476
1960 187 757
1960 283 672
1960 266 504
1960 164 445
1960 161 445
1960 437 187
1960 423 562
1960 45 271
1960 247 726
1960 421 561
1960 427 555
1960 68 514
1960 93 503
1960 350 840
1960 160 446
1960 64 505
1960 230 628
1960 416 234
1960 163 445
1960 431 554
1960 351 831
1960 332 1065
1960 431 945
1960 340 213
1960 336 207
1960 90 404
1960 91 502
1960 285 530
1960 265 565
1960 95 501
1960 265 506
1960 302 670
1960 91 505
1960 387 249
1960 335 208
1960 305 1051
1960 385 855
1960 123 386
1960 163 445
1960 169 749
1980 381 484
1980 300 567
1980 353 831
1980 400 824
1980 265 504
1980 177 486
1980 421 53
1980 103 468
1980 80 308
1980 337 126
1980 84 428
1980 354 835
1980 403 1042
1980 70 428
1980 216 628
1980 246 1155
1980 359 1031
1980 351 828
1980 159 725
1980 143 722
1980 246 1154
1980 359 488
1980 400 830
1980 269 1168
1980 403 1041
1980 78 415
1980 285 528
1980 264 567
1980 89 422
1980 242 535
1980 302 663
1980 400 824
1980 78 423
1980 176 486
1980 376 480
