1800 301 566
1800 392 817
1800 239 532
1800 286 1139
1800 266 51
1800 317 808
1800 368 766
1800 264 59
1800 23 642
1800 217 626
1800 438 605
1800 315 810
1800 307 662
1800 278 664
1800 289 1139
1800 442 827
1800 426 819
1800 285 1126
1800 307 663
1800 284 529
1800 264 568
1800 76 487
1800 259 499
1800 286 1120
1800 395 822
1820 277 851
1820 300 570
1820 361 845
1820 382 843
1820 223 1257
1820 239 532
1820 277 851
1820 416 634
1820 383 848
1820 427 515
1820 430 510
1820 34 892
1820 218 626
1820 226 1264
1820 455 629
1820 304 669
1820 422 384
1820 354 670
1820 418 634
1820 419 833
1820 304 670
1820 353 669
1820 85 420
1820 286 528
1820 262 568
1820 34 890
1820 260 500
1820 288 614
1820 360 843
1840 299 568
1840 356 834
1840 386 856
1840 239 532
1840 395 655
1840 365 837
1840 395 654
1840 361 617
1840 29 898
1840 219 628
1840 323 864
1840 303 673
1840 364 500
1840 395 654
1840 415 644
1840 403 833
1840 296 681
1840 81 455
1840 285 527
1840 259 571
1840 60 912
1840 81 456
1840 259 500
1840 280 667
1840 364 841
1840 367 287
1840 407 829
1860 299 566
1860 355 830
1860 402 832
1860 472 516
1860 238 534
1860 314 179
1860 387 693
1860 342 845
1860 472 512
1860 387 695
1860 75 462
1860 28 900
1860 217 623
1860 477 508
1860 308 670
1860 344 496
1860 387 693
1860 403 827
1860 307 669
1860 372 687
1860 316 182
1860 286 528
1860 263 567
1860 63 928
1860 76 459
1860 258 502
1860 284 659
1860 357 830
1860 405 822
1880 299 565
1880 354 830
1880 404 831
1880 380 506
1880 467 434
1880 241 531
1880 353 828
1880 434 500
1880 66 534
1880 220 626
1880 468 431
1880 327 760
1880 306 672
1880 468 432
1880 67 537
1880 403 827
1880 306 669
1880 287 525
1880 263 567
1880 67 868
1880 67 537
1880 267 494
1880 287 618
1880 352 827
1900 298 565
1900 355 826
1900 403 831
1900 392 495
1900 444 387
1900 240 530
1900 228 680
1900 230 712
1900 355 827
1900 389 493
1900 437 457
1900 63 646
1900 61 768
1900 218 623
1900 309 667
1900 89 756
1900 431 384
1900 462 825
1900 354 472
1900 475 751
1900 407 829
1900 306 666
1900 287 526
1900 262 563
1900 265 503
1900 230 702
1900 355 826
1900 402 828
1900 353 472
1920 295 561
1920 358 832
1920 355 839
1920 387 860
1920 396 541
1920 442 463
1920 240 535
1920 176 606
1920 42 266
1920 359 827
1920 415 389
1920 298 438
1920 387 738
1920 80 690
1920 219 630
1920 299 437
1920 301 664
1920 415 898
1920 405 349
1920 328 478
1920 458 719
1920 181 609
1920 22 599
1920 414 898
1920 312 468
1920 107 675
1920 280 525
1920 267 569
1920 265 502
1920 284 662
1920 358 838
1920 400 337
1920 395 761
1940 300 569
1940 349 835
1940 360 979
1940 391 847
1940 239 533
1940 149 502
1940 462 288
1940 148 496
1940 48 260
1940 362 977
1940 348 823
1940 148 500
1940 221 627
1940 359 980
1940 423 568
1940 304 682
1940 387 265
1940 247 445
1940 459 875
1940 358 727
1940 71 591
1940 401 826
1940 235 431
1940 307 669
1940 362 727
1940 126 512
1940 285 527
1940 269 563
1940 262 496
1940 351 829
1940 371 296
1940 392 274
1940 402 827
1960 299 567
1960 352 835
1960 386 858
1960 436 555
1960 242 529
1960 439 186
1960 336 204
1960 122 380
1960 367 833
1960 122 380
1960 65 506
1960 228 626
1960 164 443
1960 301 1056
1960 164 443
1960 434 552
1960 302 669
1960 428 945
1960 390 219
1960 365 196
1960 424 961
1960 65 507
1960 387 863
1960 216 474
1960 216 474
1960 301 670
1960 334 204
1960 395 1043
1960 91 403
1960 286 528
1960 266 564
1960 93 500
1960 265 503
1960 286 598
1960 250 719
1960 381 861
1960 337 206
1960 123 379
1960 163 443
1980 246 1148
1980 300 565
1980 352 834
1980 399 829
1980 374 473
1980 239 536
1980 337 117
1980 49 269
1980 405 1042
1980 352 825
1980 105 465
1980 216 625
1980 355 1019
1980 299 669
1980 406 1041
1980 161 722
1980 248 1146
1980 450 882
1980 345 132
1980 165 725
1980 398 829
1980 404 1045
1980 85 409
1980 287 526
1980 264 567
1980 264 501
1980 283 612
1980 399 824
1980 176 485
1980 362 482
1980 177 484
