1800 435 823
1800 317 809
1800 450 605
1800 473 628
1800 257 500
1800 277 660
1800 392 822
1800 274 50
1800 322 89
1800 389 807
1800 77 484
1800 37 917
1800 219 633
1800 288 1119
1800 295 1132
1800 428 611
1800 389 812
1800 238 67
1800 429 818
1800 298 564
1800 442 605
1800 304 658
1800 303 656
1800 316 809
1800 283 531
1800 266 575
1800 33 918
1800 239 534
1820 357 836
1820 228 1272
1820 462 616
1820 428 521
1820 257 500
1820 355 665
1820 223 1231
1820 278 668
1820 396 842
1820 364 846
1820 273 846
1820 45 1202
1820 33 884
1820 379 839
1820 38 900
1820 220 629
1820 415 628
1820 411 638
1820 279 660
1820 364 843
1820 455 576
1820 434 397
1820 421 834
1820 299 568
1820 221 1228
1820 417 629
1820 296 660
1820 82 420
1820 285 529
1820 268 561
1820 33 898
1820 240 540
1820 452 1084
1840 415 651
1840 350 833
1840 330 870
1840 413 648
1840 277 656
1840 257 501
1840 399 567
1840 275 672
1840 389 848
1840 327 863
1840 363 499
1840 391 846
1840 80 455
1840 49 914
1840 217 627
1840 323 860
1840 360 606
1840 374 303
1840 409 654
1840 281 660
1840 362 836
1840 298 568
1840 388 654
1840 307 660
1840 360 610
1840 289 652
1840 311 877
1840 80 454
1840 286 527
1840 268 566
1840 56 910
1840 241 533
1840 372 300
1840 361 610
1840 461 1103
1860 341 494
1860 259 499
1860 342 847
1860 471 515
1860 278 597
1860 473 521
1860 258 501
1860 462 182
1860 312 179
1860 383 695
1860 339 493
1860 280 656
1860 390 849
1860 369 837
1860 339 492
1860 389 850
1860 77 457
1860 41 917
1860 220 632
1860 382 697
1860 476 520
1860 373 853
1860 299 566
1860 373 691
1860 288 527
1860 266 568
1860 48 925
1860 238 535
1880 347 509
1880 352 831
1880 306 700
1880 378 508
1880 429 500
1880 268 494
1880 277 659
1880 392 852
1880 347 511
1880 378 859
1880 465 437
1880 378 508
1880 335 749
1880 396 849
1880 43 875
1880 220 629
1880 48 868
1880 477 444
1880 351 818
1880 431 502
1880 299 566
1880 310 666
1880 304 714
1880 289 525
1880 263 573
1880 49 865
1880 241 531
1900 352 470
1900 236 664
1900 80 744
1900 471 813
1900 372 488
1900 345 849
1900 377 494
1900 440 453
1900 259 497
1900 460 826
1900 353 477
1900 277 668
1900 389 849
1900 450 400
1900 356 477
1900 354 473
1900 77 1125
1900 65 768
1900 389 839
1900 218 628
1900 276 663
1900 357 834
1900 81 745
1900 232 674
1900 387 496
1900 356 487
1900 297 562
1900 238 703
1900 287 526
1900 266 555
1900 242 530
1900 237 722
1920 396 743
1920 153 637
1920 362 822
1920 295 439
1920 444 440
1920 174 601
1920 263 503
1920 155 642
1920 103 679
1920 445 422
1920 279 659
1920 386 860
1920 376 838
1920 173 608
1920 296 438
1920 412 354
1920 314 462
1920 103 679
1920 294 438
1920 379 812
1920 28 968
1920 221 638
1920 453 707
1920 372 832
1920 91 789
1920 294 609
1920 153 644
1920 453 427
1920 402 337
1920 415 878
1920 295 566
1920 170 601
1920 417 888
1920 296 437
1920 394 744
1920 293 555
1920 270 564
1920 243 537
1940 353 829
1940 283 666
1940 251 515
1940 457 286
1940 245 439
1940 395 269
1940 446 331
1940 43 277
1940 276 666
1940 234 428
1940 383 867
1940 344 831
1940 347 820
1940 356 976
1940 456 288
1940 390 265
1940 347 746
1940 31 1285
1940 291 739
1940 402 818
1940 22 596
1940 218 624
1940 388 262
1940 453 592
1940 358 731
1940 283 666
1940 360 837
1940 34 822
1940 452 286
1940 473 898
1940 300 570
1940 473 874
1940 468 864
1940 307 668
1940 27 551
1940 239 528
1940 286 529
1940 269 566
1940 100 586
1940 241 535
1940 288 717
1940 266 463
1940 457 287
1940 385 265
1940 263 464
1940 125 524
1940 461 1183
1960 268 708
1960 370 854
1960 448 567
1960 274 678
1960 317 1070
1960 427 544
1960 84 492
1960 263 501
1960 255 721
1960 419 221
1960 346 208
1960 184 748
1960 294 674
1960 388 863
1960 379 213
1960 421 208
1960 184 747
1960 192 739
1960 382 842
1960 55 508
1960 218 624
1960 440 557
1960 308 1073
1960 441 560
1960 282 667
1960 417 965
1960 366 846
1960 427 184
1960 434 945
1960 372 177
1960 300 570
1960 373 848
1960 81 492
1960 426 943
1960 425 545
1960 376 177
1960 121 380
1960 89 402
1960 287 529
1960 268 562
1960 234 533
1960 444 181
1960 425 946
1960 46 259
1980 22 718
1980 360 483
1980 172 483
1980 243 1159
1980 368 479
1980 283 655
1980 263 503
1980 372 87
1980 325 112
1980 358 489
1980 47 303
1980 276 659
1980 395 828
1980 378 1023
1980 356 485
1980 38 713
1980 397 826
1980 68 419
1980 218 623
1980 368 1023
1980 257 1178
1980 174 482
1980 479 716
1980 284 660
1980 404 1044
1980 367 852
1980 263 1173
1980 84 747
1980 386 489
1980 304 121
1980 451 886
1980 300 564
1980 165 722
1980 163 729
1980 74 422
1980 249 1147
1980 80 352
1980 287 529
1980 268 565
1980 243 534
1980 109 461
1980 172 483
1980 82 271
