1800 443 605
1800 300 566
1800 394 825
1800 307 660
1800 240 529
1800 289 1143
1800 236 58
1800 245 79
1800 76 486
1800 237 61
1800 77 486
1800 71 493
1800 217 627
1800 289 1190
1800 438 606
1800 316 814
1800 437 832
1800 285 1127
1800 440 836
1800 369 770
1800 473 633
1800 293 1189
1800 307 663
1800 286 529
1800 266 574
1800 76 485
1800 241 530
1800 396 826
1820 298 572
1820 360 843
1820 387 852
1820 231 1276
1820 306 666
1820 428 521
1820 252 520
1820 411 647
1820 282 850
1820 360 839
1820 419 384
1820 428 518
1820 217 626
1820 360 844
1820 451 637
1820 425 389
1820 452 634
1820 305 669
1820 353 672
1820 81 441
1820 286 528
1820 263 566
1820 35 898
1820 246 528
1820 223 1231
1840 298 569
1840 384 853
1840 361 619
1840 303 646
1840 243 530
1840 394 656
1840 154 1337
1840 369 846
1840 79 458
1840 329 864
1840 217 627
1840 413 650
1840 360 610
1840 306 663
1840 390 655
1840 285 527
1840 264 566
1840 59 921
1840 79 458
1840 240 533
1840 371 495
1860 298 569
1860 406 835
1860 376 695
1860 314 668
1860 471 511
1860 242 536
1860 314 183
1860 386 697
1860 354 827
1860 343 496
1860 377 557
1860 77 463
1860 75 467
1860 218 628
1860 371 705
1860 310 668
1860 371 689
1860 64 498
1860 286 527
1860 265 564
1860 77 461
1860 240 537
1860 406 829
1880 378 508
1880 298 565
1880 408 834
1880 311 667
1880 433 501
1880 244 537
1880 354 830
1880 433 499
1880 346 514
1880 66 535
1880 221 628
1880 328 755
1880 318 741
1880 351 844
1880 474 439
1880 337 749
1880 286 528
1880 264 562
1880 67 870
1880 242 535
1880 378 506
1900 428 451
1900 297 561
1900 406 836
1900 312 666
1900 437 458
1900 242 531
1900 230 700
1900 357 834
1900 431 385
1900 230 711
1900 436 458
1900 355 476
1900 430 449
1900 377 494
1900 61 775
1900 220 626
1900 230 683
1900 87 757
1900 431 385
1900 462 826
1900 358 482
1900 355 832
1900 479 715
1900 61 643
1900 330 672
1900 286 528
1900 263 563
1900 241 530
1900 355 473
1900 376 493
1920 396 543
1920 295 570
1920 298 437
1920 380 865
1920 309 673
1920 414 378
1920 241 538
1920 177 601
1920 156 634
1920 358 830
1920 401 363
1920 119 75
1920 402 372
1920 328 471
1920 397 373
1920 450 412
1920 17 996
1920 220 630
1920 300 438
1920 428 924
1920 78 686
1920 401 352
1920 368 822
1920 220 628
1920 17 666
1920 424 924
1920 317 690
1920 107 679
1920 283 526
1920 266 564
1920 240 534
1920 105 679
1920 405 368
1920 390 750
1920 396 542
1940 423 569
1940 300 569
1940 357 985
1940 403 843
1940 307 688
1940 239 520
1940 149 492
1940 461 301
1940 362 979
1940 370 856
1940 414 323
1940 68 594
1940 221 628
1940 364 983
1940 423 569
1940 350 735
1940 293 737
1940 423 311
1940 386 269
1940 460 875
1940 354 730
1940 69 598
1940 307 670
1940 358 729
1940 38 316
1940 126 520
1940 283 530
1940 276 558
1940 266 528
1940 283 749
1940 128 514
1940 375 300
1960 418 561
1960 302 1063
1960 299 568
1960 384 859
1960 185 758
1960 305 670
1960 428 557
1960 215 475
1960 430 188
1960 123 380
1960 51 308
1960 371 180
1960 414 964
1960 367 849
1960 67 514
1960 86 505
1960 164 442
1960 65 510
1960 225 627
1960 388 115
1960 432 556
1960 430 944
1960 250 725
1960 371 208
1960 336 206
1960 430 943
1960 215 475
1960 337 210
1960 38 359
1960 285 529
1960 270 557
1960 88 505
1960 242 531
1960 289 716
1960 300 1066
1960 309 1054
1960 122 383
1980 300 567
1980 400 830
1980 247 1157
1980 309 668
1980 241 536
1980 416 75
1980 110 464
1980 82 291
1980 337 139
1980 366 1026
1980 358 835
1980 86 422
1980 2 417
1980 86 749
1980 225 629
1980 361 1026
1980 280 1169
1980 448 880
1980 159 721
1980 89 754
1980 452 884
1980 247 1155
1980 351 826
1980 273 1164
1980 406 1042
1980 86 291
1980 286 528
1980 265 565
1980 88 425
1980 242 535
1980 361 487
1980 400 825
1980 176 484
1980 372 479
