1800 303 656
1800 293 571
1800 390 818
1800 240 536
1800 293 1161
1800 366 765
1800 239 64
1800 77 487
1800 35 896
1800 213 630
1800 397 833
1800 448 602
1800 314 811
1800 274 663
1800 294 1159
1800 273 662
1800 443 834
1800 417 810
1800 276 660
1800 429 811
1800 286 1120
1800 308 665
1800 280 538
1800 263 571
1800 40 920
1800 76 486
1800 258 501
1800 271 653
1800 287 1121
1800 393 821
1820 297 672
1820 297 568
1820 385 847
1820 229 1280
1820 237 538
1820 274 852
1820 451 631
1820 363 848
1820 420 386
1820 38 901
1820 216 625
1820 360 840
1820 416 636
1820 360 842
1820 427 855
1820 273 666
1820 431 513
1820 421 840
1820 411 641
1820 455 630
1820 277 665
1820 417 828
1820 305 670
1820 352 672
1820 283 529
1820 262 570
1820 36 904
1820 261 500
1820 269 604
1820 389 852
1820 84 422
1840 294 677
1840 297 569
1840 317 863
1840 405 835
1840 370 848
1840 238 535
1840 316 865
1840 408 836
1840 360 838
1840 394 655
1840 362 618
1840 82 460
1840 217 628
1840 407 828
1840 414 649
1840 275 671
1840 154 1348
1840 393 655
1840 276 669
1840 407 831
1840 305 667
1840 363 614
1840 284 530
1840 258 578
1840 58 915
1840 81 457
1840 258 501
1840 270 627
1840 321 863
1840 317 864
1840 393 879
1860 300 668
1860 297 570
1860 354 843
1860 404 829
1860 373 558
1860 235 538
1860 315 186
1860 358 839
1860 387 706
1860 279 671
1860 78 465
1860 214 623
1860 278 638
1860 276 659
1860 475 511
1860 342 502
1860 378 703
1860 279 659
1860 404 829
1860 308 671
1860 368 688
1860 316 188
1860 284 530
1860 264 571
1860 59 925
1860 77 464
1860 257 503
1860 278 621
1860 402 827
1880 304 670
1880 298 568
1880 380 873
1880 382 853
1880 379 509
1880 467 434
1880 240 534
1880 378 511
1880 351 832
1880 466 434
1880 68 537
1880 284 673
1880 52 868
1880 217 626
1880 405 833
1880 328 755
1880 272 666
1880 435 500
1880 344 514
1880 279 659
1880 407 831
1880 343 511
1880 307 672
1880 285 530
1880 260 572
1880 52 868
1880 266 495
1880 276 621
1880 401 827
1900 299 665
1900 298 569
1900 353 845
1900 407 830
1900 383 491
1900 234 711
1900 438 387
1900 238 533
1900 230 691
1900 391 494
1900 231 726
1900 355 827
1900 436 450
1900 58 776
1900 215 624
1900 402 833
1900 354 476
1900 229 723
1900 234 695
1900 84 769
1900 274 666
1900 435 455
1900 470 820
1900 354 477
1900 298 563
1900 62 646
1900 406 832
1900 350 476
1900 308 672
1900 285 528
1900 260 565
1900 81 774
1900 263 501
1900 269 616
1900 400 828
1900 351 475
1920 299 663
1920 296 574
1920 387 866
1920 378 860
1920 396 542
1920 424 435
1920 237 539
1920 281 608
1920 155 640
1920 396 541
1920 358 821
1920 398 359
1920 404 370
1920 294 440
1920 390 747
1920 279 668
1920 217 628
1920 311 469
1920 457 710
1920 381 861
1920 420 908
1920 79 688
1920 276 659
1920 433 466
1920 427 916
1920 324 477
1920 29 684
1920 178 607
1920 296 568
1920 399 879
1920 309 593
1920 156 635
1920 304 668
1920 105 682
1920 277 530
1920 20 916
1920 266 568
1920 263 503
1920 275 625
1920 400 348
1920 278 609
1920 392 841
1940 302 670
1940 298 571
1940 355 982
1940 362 978
1940 369 865
1940 437 318
1940 237 538
1940 150 501
1940 463 287
1940 125 518
1940 285 737
1940 229 438
1940 362 998
1940 352 827
1940 71 596
1940 127 511
1940 217 626
1940 423 570
1940 338 765
1940 276 687
1940 275 666
1940 424 311
1940 232 432
1940 464 864
1940 404 832
1940 307 671
1940 364 732
1940 125 514
1940 282 532
1940 265 565
1940 260 507
1940 270 617
1940 280 695
1940 126 509
1940 129 517
1940 371 302
1940 353 298
1940 372 298
1940 397 826
1940 148 498
1960 251 725
1960 299 669
1960 173 747
1960 299 568
1960 346 848
1960 371 857
1960 249 723
1960 233 537
1960 432 195
1960 332 203
1960 187 748
1960 41 267
1960 187 750
1960 362 832
1960 383 864
1960 421 560
1960 77 516
1960 94 419
1960 122 381
1960 65 508
1960 219 625
1960 321 1069
1960 122 379
1960 301 1057
1960 435 555
1960 319 1074
1960 185 754
1960 428 939
1960 172 747
1960 311 1311
1960 273 676
1960 400 223
1960 371 182
1960 175 748
1960 424 969
1960 385 872
1960 216 475
1960 299 1064
1960 303 671
1960 396 988
1960 284 532
1960 262 566
1960 85 508
1960 264 503
1960 274 654
1960 271 712
1960 367 205
1960 185 752
1960 339 224
1960 188 751
1960 391 843
1960 100 497
1980 300 667
1980 300 565
1980 367 480
1980 214 625
1980 238 539
1980 273 1168
1980 325 113
1980 369 480
1980 106 284
1980 370 1048
1980 351 825
1980 213 629
1980 282 671
1980 108 468
1980 59 443
1980 218 630
1980 262 1167
1980 279 658
1980 109 465
1980 274 1177
1980 159 726
1980 84 752
1980 276 663
1980 454 889
1980 338 130
1980 157 723
1980 144 722
1980 439 985
1980 398 830
1980 311 597
1980 404 1047
1980 283 529
1980 261 570
1980 86 431
1980 264 503
1980 272 611
1980 285 668
1980 276 663
1980 103 289
1980 398 826
1980 105 465
1980 167 490
1980 363 487
