1800 279 670
1800 393 825
1800 315 815
1800 239 531
1800 216 624
1800 252 31
1800 297 662
1800 398 837
1800 369 767
1800 240 56
1800 7 495
1800 217 626
1800 292 1191
1800 285 1153
1800 431 611
1800 321 815
1800 288 1122
1800 441 835
1800 297 571
1800 187 1296
1800 369 767
1800 446 605
1800 306 663
1800 284 529
1800 262 572
1800 45 913
1800 77 483
1800 241 532
1820 283 668
1820 417 840
1820 229 1272
1820 423 385
1820 239 532
1820 276 851
1820 217 629
1820 291 667
1820 414 844
1820 361 844
1820 421 386
1820 353 673
1820 355 684
1820 32 891
1820 217 625
1820 456 634
1820 429 519
1820 225 1254
1820 298 573
1820 359 844
1820 417 636
1820 419 646
1820 305 667
1820 277 854
1820 86 419
1820 285 529
1820 259 569
1820 32 910
1820 87 420
1820 259 501
1820 260 539
1820 351 673
1840 279 673
1840 382 858
1840 362 615
1840 239 530
1840 368 500
1840 361 609
1840 404 834
1840 351 836
1840 362 602
1840 7 487
1840 58 903
1840 218 628
1840 362 501
1840 415 650
1840 391 660
1840 319 866
1840 297 570
1840 160 1337
1840 352 836
1840 419 650
1840 415 654
1840 310 668
1840 284 527
1840 259 574
1840 57 906
1840 80 455
1840 252 519
1840 374 303
1840 367 499
1860 281 665
1860 346 492
1860 403 838
1860 377 698
1860 475 510
1860 239 532
1860 216 624
1860 314 180
1860 291 661
1860 402 830
1860 343 849
1860 371 688
1860 386 702
1860 75 467
1860 51 897
1860 218 621
1860 347 494
1860 386 702
1860 475 509
1860 291 587
1860 346 851
1860 309 667
1860 285 529
1860 259 569
1860 54 918
1860 77 460
1860 252 516
1860 369 687
1880 279 670
1880 351 512
1880 403 828
1880 328 762
1880 465 435
1880 239 530
1880 218 624
1880 378 512
1880 288 662
1880 403 827
1880 351 846
1880 66 533
1880 64 529
1880 52 870
1880 219 621
1880 348 512
1880 467 436
1880 273 500
1880 433 501
1880 298 567
1880 347 825
1880 67 531
1880 294 549
1880 308 668
1880 285 526
1880 259 568
1880 73 862
1880 242 533
1880 335 752
1880 379 511
1900 281 696
1900 356 478
1900 398 856
1900 436 450
1900 240 527
1900 226 643
1900 389 495
1900 294 664
1900 402 832
1900 351 838
1900 429 385
1900 217 619
1900 352 480
1900 86 761
1900 232 695
1900 287 526
1900 435 453
1900 464 827
1900 298 567
1900 352 844
1900 86 756
1900 474 765
1900 308 666
1900 230 724
1900 286 527
1900 260 557
1900 255 505
1900 429 382
1900 375 489
1920 281 663
1920 385 871
1920 441 432
1920 239 532
1920 177 601
1920 218 631
1920 298 439
1920 102 680
1920 396 544
1920 289 662
1920 405 899
1920 353 843
1920 404 353
1920 389 746
1920 29 980
1920 218 623
1920 326 475
1920 422 928
1920 22 674
1920 404 371
1920 425 922
1920 285 620
1920 358 836
1920 179 609
1920 103 682
1920 16 597
1920 458 711
1920 314 474
1920 303 668
1920 108 676
1920 159 634
1920 284 531
1920 263 564
1920 239 533
1920 400 350
1940 282 729
1940 357 983
1940 398 832
1940 357 990
1940 239 529
1940 147 496
1940 217 625
1940 441 330
1940 292 679
1940 400 831
1940 351 844
1940 417 322
1940 71 595
1940 71 595
1940 364 992
1940 219 626
1940 422 570
1940 276 475
1940 387 267
1940 236 431
1940 464 867
1940 297 571
1940 341 800
1940 71 598
1940 307 671
1940 284 529
1940 265 565
1940 241 489
1940 382 280
1940 386 283
1940 360 730
1940 146 489
1960 293 673
1960 382 876
1960 163 441
1960 237 530
1960 164 439
1960 223 625
1960 437 197
1960 337 202
1960 255 722
1960 50 261
1960 302 671
1960 387 884
1960 355 845
1960 67 512
1960 120 382
1960 65 504
1960 221 618
1960 420 564
1960 430 956
1960 258 718
1960 367 201
1960 373 180
1960 298 570
1960 353 844
1960 429 948
1960 215 474
1960 305 671
1960 343 209
1960 90 407
1960 287 528
1960 264 568
1960 94 494
1960 265 502
1960 270 707
1960 187 757
1960 89 410
1960 165 441
1960 317 1078
1980 278 658
1980 363 484
1980 399 836
1980 175 484
1980 238 534
1980 161 721
1980 327 114
1980 372 473
1980 48 266
1980 283 661
1980 398 833
1980 353 839
1980 368 1030
1980 219 618
1980 274 1176
1980 266 1178
1980 283 1212
1980 361 1032
1980 89 754
1980 286 526
1980 452 887
1980 374 101
1980 298 568
1980 161 721
1980 351 828
1980 402 1045
1980 300 566
1980 403 1045
1980 86 408
1980 285 525
1980 262 567
1980 81 423
1980 239 531
1980 105 284
1980 92 429
1980 175 482
1980 363 484
