1800 321 806
1800 75 482
1800 396 825
1800 428 610
1800 241 532
1800 187 1299
1800 385 781
1800 249 75
1800 78 482
1800 45 904
1800 214 627
1800 294 1180
1800 370 758
1800 428 608
1800 306 658
1800 290 1113
1800 279 662
1800 439 821
1800 300 570
1800 188 1265
1800 319 808
1800 438 822
1800 308 663
1800 285 529
1800 264 572
1800 78 480
1800 256 498
1800 293 1111
1820 399 854
1820 430 513
1820 231 1267
1820 417 629
1820 446 635
1820 244 533
1820 380 842
1820 420 384
1820 38 887
1820 218 627
1820 418 630
1820 304 660
1820 281 670
1820 427 849
1820 300 571
1820 238 1262
1820 231 1253
1820 83 421
1820 287 526
1820 265 568
1820 37 913
1820 260 500
1820 84 420
1840 395 854
1840 363 613
1840 431 643
1840 243 529
1840 174 1325
1840 396 857
1840 363 497
1840 367 295
1840 79 454
1840 58 896
1840 216 624
1840 414 646
1840 389 653
1840 297 661
1840 277 673
1840 300 571
1840 181 1334
1840 310 867
1840 364 285
1840 396 653
1840 286 527
1840 263 566
1840 83 457
1840 259 503
1840 374 314
1860 403 839
1860 383 693
1860 478 512
1860 242 528
1860 467 346
1860 313 172
1860 318 174
1860 336 499
1860 384 853
1860 77 465
1860 41 907
1860 216 626
1860 475 508
1860 371 689
1860 303 663
1860 281 674
1860 300 573
1860 386 694
1860 309 675
1860 377 558
1860 314 179
1860 288 525
1860 263 568
1860 53 918
1860 81 470
1860 257 511
1880 360 838
1880 71 532
1880 397 851
1880 380 514
1880 242 528
1880 338 506
1880 217 622
1880 383 853
1880 465 436
1880 381 512
1880 303 772
1880 67 526
1880 47 857
1880 217 623
1880 299 670
1880 279 657
1880 302 567
1880 334 743
1880 311 677
1880 288 524
1880 261 566
1880 68 860
1880 67 530
1880 270 496
1880 349 510
1880 343 503
1900 394 855
1900 386 495
1900 244 527
1900 237 695
1900 350 494
1900 394 841
1900 348 479
1900 432 383
1900 65 648
1900 216 623
1900 377 844
1900 86 754
1900 303 664
1900 60 646
1900 463 836
1900 300 566
1900 67 759
1900 313 683
1900 31 410
1900 288 525
1900 262 555
1900 265 503
1900 233 726
1900 351 490
1920 278 697
1920 401 848
1920 396 537
1920 297 436
1920 459 706
1920 241 530
1920 105 672
1920 220 632
1920 391 838
1920 417 358
1920 295 439
1920 84 688
1920 219 630
1920 376 826
1920 453 707
1920 296 655
1920 99 675
1920 280 669
1920 380 365
1920 285 615
1920 186 611
1920 420 898
1920 31 757
1920 159 640
1920 287 541
1920 266 568
1920 266 504
1920 183 605
1940 284 727
1940 76 590
1940 390 853
1940 423 566
1940 238 529
1940 152 492
1940 459 288
1940 236 431
1940 385 863
1940 430 313
1940 289 733
1940 358 980
1940 219 629
1940 385 264
1940 426 573
1940 298 695
1940 282 725
1940 370 979
1940 277 667
1940 467 852
1940 299 574
1940 350 284
1940 468 855
1940 127 522
1940 309 665
1940 288 527
1940 270 561
1940 261 502
1940 387 261
1940 266 471
1940 287 726
1940 477 866
1960 75 513
1960 397 848
1960 427 548
1960 241 529
1960 434 177
1960 329 203
1960 47 262
1960 390 842
1960 68 507
1960 215 620
1960 317 1072
1960 425 550
1960 301 664
1960 412 962
1960 214 472
1960 302 564
1960 332 204
1960 428 939
1960 344 208
1960 162 439
1960 351 832
1960 285 532
1960 265 565
1960 81 501
1960 265 501
1960 375 217
1960 91 408
1960 163 441
1960 307 1057
1960 120 379
1980 396 838
1980 372 476
1980 236 1213
1980 241 531
1980 174 509
1980 316 123
1980 360 485
1980 387 857
1980 405 1053
1980 217 618
1980 375 1108
1980 279 1174
1980 293 1218
1980 297 665
1980 416 1023
1980 278 658
1980 452 881
1980 340 99
1980 301 562
1980 176 484
1980 104 463
1980 79 415
1980 287 528
1980 264 568
1980 265 503
1980 248 1144
1980 97 309
1980 99 454
1980 175 481
