1800 300 564
1800 77 484
1800 388 814
1800 391 814
1800 470 636
1800 276 664
1800 259 501
1800 286 1124
1800 265 30
1800 474 634
1800 237 43
1800 76 485
1800 77 484
1800 215 628
1800 432 610
1800 439 834
1800 442 830
1800 368 768
1800 478 631
1800 264 25
1800 394 825
1800 289 1179
1800 307 666
1800 451 601
1800 284 530
1800 261 571
1800 37 876
1800 239 534
1800 307 663
1820 300 571
1820 275 853
1820 358 842
1820 416 834
1820 222 1239
1820 276 666
1820 429 513
1820 260 501
1820 415 644
1820 423 384
1820 428 516
1820 213 23
1820 83 422
1820 217 629
1820 222 1257
1820 453 632
1820 357 840
1820 424 385
1820 454 631
1820 416 836
1820 304 670
1820 352 665
1820 84 421
1820 284 530
1820 258 568
1820 34 881
1820 84 421
1820 237 534
1820 302 669
1820 417 635
1840 298 567
1840 358 838
1840 384 852
1840 360 613
1840 276 671
1840 258 500
1840 395 656
1840 322 857
1840 79 459
1840 324 862
1840 79 458
1840 218 631
1840 414 645
1840 355 838
1840 415 647
1840 390 860
1840 287 671
1840 360 612
1840 285 527
1840 257 571
1840 63 908
1840 80 457
1840 239 534
1840 278 669
1840 365 288
1840 395 657
1860 299 568
1860 356 833
1860 402 845
1860 380 701
1860 275 662
1860 473 515
1860 258 502
1860 314 183
1860 370 684
1860 375 557
1860 76 459
1860 77 460
1860 215 627
1860 340 848
1860 357 840
1860 344 492
1860 376 698
1860 404 841
1860 308 668
1860 372 684
1860 287 529
1860 259 570
1860 61 923
1860 77 458
1860 238 536
1860 292 661
1860 385 701
1860 375 556
1880 379 507
1880 299 568
1880 352 836
1880 401 841
1880 275 664
1880 433 501
1880 270 495
1880 302 729
1880 285 63
1880 389 48
1880 468 439
1880 328 752
1880 467 437
1880 345 515
1880 216 628
1880 351 829
1880 470 437
1880 379 506
1880 65 536
1880 404 839
1880 306 671
1880 285 525
1880 258 567
1880 56 864
1880 239 535
1880 305 671
1900 225 683
1900 390 496
1900 297 568
1900 355 828
1900 395 845
1900 278 691
1900 428 457
1900 260 497
1900 429 459
1900 227 722
1900 431 385
1900 351 473
1900 390 496
1900 352 473
1900 62 645
1900 59 778
1900 216 628
1900 87 765
1900 353 827
1900 88 762
1900 432 385
1900 462 829
1900 347 471
1900 479 745
1900 398 844
1900 306 666
1900 285 527
1900 258 561
1900 240 531
1900 296 675
1900 226 691
1900 88 762
1900 376 492
1920 395 545
1920 288 598
1920 355 843
1920 298 436
1920 404 900
1920 274 662
1920 432 441
1920 265 503
1920 155 634
1920 41 238
1920 393 359
1920 106 682
1920 394 359
1920 313 464
1920 395 544
1920 77 691
1920 216 629
1920 298 437
1920 77 688
1920 357 816
1920 424 923
1920 77 689
1920 407 360
1920 311 475
1920 156 636
1920 388 744
1920 456 709
1920 177 609
1920 21 595
1920 385 860
1920 290 605
1920 401 336
1920 299 661
1920 107 681
1920 277 521
1920 263 569
1920 238 537
1920 281 657
1920 400 344
1920 388 740
1940 299 570
1940 359 851
1940 395 836
1940 233 431
1940 277 663
1940 251 507
1940 145 492
1940 464 289
1940 145 494
1940 43 254
1940 358 982
1940 353 730
1940 397 302
1940 68 598
1940 216 631
1940 358 983
1940 356 985
1940 422 569
1940 342 830
1940 279 704
1940 386 267
1940 462 867
1940 349 737
1940 68 599
1940 398 836
1940 307 672
1940 125 520
1940 283 531
1940 265 566
1940 237 536
1940 296 671
1940 126 510
1940 100 584
1940 373 295
1940 475 875
1940 145 492
1960 299 568
1960 361 867
1960 381 860
1960 176 750
1960 265 714
1960 264 503
1960 435 195
1960 321 1086
1960 337 208
1960 44 261
1960 341 215
1960 163 442
1960 425 548
1960 88 504
1960 89 506
1960 163 443
1960 64 507
1960 219 628
1960 368 208
1960 162 440
1960 428 554
1960 349 825
1960 323 1068
1960 429 947
1960 363 199
1960 331 205
1960 366 831
1960 64 512
1960 382 864
1960 299 675
1960 331 204
1960 393 949
1960 89 405
1960 284 530
1960 262 571
1960 91 503
1960 232 548
1960 300 671
1960 300 1063
1960 121 382
1960 163 444
1960 365 178
1980 371 475
1980 298 569
1980 385 860
1980 395 833
1980 276 661
1980 262 503
1980 416 48
1980 88 423
1980 83 293
1980 335 121
1980 160 198
1980 81 424
1980 404 1042
1980 56 432
1980 214 626
1980 245 1151
1980 355 1021
1980 90 751
1980 479 663
1980 351 824
1980 146 724
1980 466 908
1980 246 1152
1980 88 751
1980 474 910
1980 358 488
1980 394 840
1980 394 842
1980 273 1168
1980 295 579
1980 403 1042
1980 75 415
1980 284 529
1980 261 573
1980 87 416
1980 237 540
1980 280 663
1980 108 464
1980 175 485
1980 368 481
1980 454 953
