1800 307 662
1800 396 826
1800 318 811
1800 239 533
1800 287 1167
1800 244 60
1800 235 52
1800 370 771
1800 76 486
1800 219 630
1800 288 1157
1800 432 610
1800 314 811
1800 290 1130
1800 443 820
1800 300 569
1800 192 1289
1800 426 817
1800 445 601
1800 307 662
1800 283 531
1800 266 573
1800 77 488
1800 258 500
1800 368 764
1820 302 670
1820 418 840
1820 225 1266
1820 421 385
1820 238 532
1820 278 851
1820 354 672
1820 420 385
1820 376 847
1820 37 889
1820 217 625
1820 225 1267
1820 452 638
1820 224 1254
1820 430 510
1820 219 1234
1820 299 569
1820 358 845
1820 419 830
1820 412 640
1820 306 669
1820 86 422
1820 285 530
1820 267 539
1820 44 929
1820 259 501
1820 352 669
1840 294 677
1840 413 642
1840 371 498
1840 405 828
1840 362 616
1840 323 865
1840 240 533
1840 369 500
1840 381 848
1840 79 458
1840 61 917
1840 217 625
1840 361 499
1840 415 649
1840 392 656
1840 363 287
1840 298 570
1840 151 1344
1840 354 831
1840 407 828
1840 414 646
1840 306 667
1840 360 500
1840 283 529
1840 264 568
1840 63 931
1840 81 458
1840 259 499
1860 303 671
1860 374 556
1860 406 821
1860 364 694
1860 472 519
1860 239 537
1860 312 179
1860 374 559
1860 368 687
1860 386 855
1860 75 464
1860 56 930
1860 217 627
1860 341 494
1860 373 558
1860 385 693
1860 300 568
1860 350 834
1860 310 671
1860 343 493
1860 4 317
1860 285 530
1860 265 564
1860 50 926
1860 77 465
1860 257 504
1860 368 687
1880 305 745
1880 374 522
1880 403 826
1880 465 436
1880 241 530
1880 379 508
1880 465 436
1880 347 512
1880 152 124
1880 380 844
1880 66 538
1880 221 626
1880 347 511
1880 469 434
1880 322 731
1880 432 497
1880 299 570
1880 352 832
1880 403 825
1880 306 673
1880 373 523
1880 285 528
1880 264 566
1880 69 867
1880 267 498
1880 333 751
1900 303 669
1900 356 473
1900 404 823
1900 437 453
1900 239 530
1900 232 697
1900 218 627
1900 388 495
1900 430 384
1900 347 512
1900 383 818
1900 62 645
1900 219 628
1900 351 481
1900 79 770
1900 435 455
1900 462 825
1900 297 568
1900 354 825
1900 63 648
1900 474 761
1900 307 669
1900 230 722
1900 350 475
1900 285 528
1900 265 549
1900 260 498
1900 234 698
1920 300 669
1920 453 708
1920 405 834
1920 266 579
1920 429 491
1920 238 534
1920 176 608
1920 177 608
1920 297 438
1920 396 543
1920 406 897
1920 399 339
1920 375 852
1920 79 686
1920 220 627
1920 328 477
1920 446 424
1920 386 746
1920 419 907
1920 84 690
1920 302 451
1920 314 463
1920 380 372
1920 456 705
1920 299 568
1920 354 823
1920 156 636
1920 84 693
1920 455 704
1920 297 439
1920 303 665
1920 103 687
1920 318 472
1920 278 525
1920 268 552
1920 297 439
1920 218 639
1920 265 504
1920 387 370
1940 298 700
1940 400 825
1940 239 532
1940 149 498
1940 435 314
1940 74 594
1940 369 965
1940 411 290
1940 348 738
1940 71 594
1940 78 598
1940 361 977
1940 148 498
1940 219 627
1940 421 572
1940 368 299
1940 239 437
1940 459 874
1940 385 265
1940 298 571
1940 247 433
1940 349 829
1940 306 672
1940 87 598
1940 364 987
1940 280 530
1940 269 562
1940 258 501
1940 388 261
1940 348 736
1940 128 519
1940 457 869
1960 246 719
1960 303 672
1960 401 850
1960 222 475
1960 435 195
1960 432 551
1960 117 386
1960 386 846
1960 71 515
1960 163 442
1960 65 513
1960 222 629
1960 165 441
1960 419 560
1960 425 956
1960 273 725
1960 315 1071
1960 328 1072
1960 371 201
1960 299 570
1960 350 842
1960 415 962
1960 214 477
1960 215 476
1960 303 671
1960 339 205
1960 284 532
1960 269 558
1960 83 506
1960 195 746
1960 264 503
1960 196 747
1960 245 699
1960 332 205
1960 365 190
1960 194 748
1960 91 409
1980 303 675
1980 370 474
1980 399 821
1980 239 1160
1980 239 534
1980 278 1184
1980 161 722
1980 332 134
1980 372 472
1980 43 268
1980 392 847
1980 66 439
1980 216 626
1980 371 1043
1980 278 1169
1980 261 1175
1980 287 1208
1980 451 881
1980 346 1134
1980 88 753
1980 453 883
1980 378 97
1980 299 568
1980 159 724
1980 353 827
1980 448 881
1980 403 1042
1980 477 912
1980 297 568
1980 359 486
1980 361 1020
1980 83 412
1980 160 725
1980 284 530
1980 264 564
1980 83 423
1980 264 503
1980 82 286
1980 100 466
1980 174 484
