1800 288 1114
1800 298 568
1800 391 812
1800 239 532
1800 288 1141
1800 237 61
1800 368 767
1800 433 608
1800 239 57
1800 75 540
1800 217 631
1800 443 605
1800 316 811
1800 307 662
1800 277 665
1800 295 1192
1800 188 1324
1800 442 828
1800 439 826
1800 292 1158
1800 308 666
1800 285 529
1800 263 572
1800 260 500
1820 298 575
1820 382 844
1820 225 1252
1820 429 393
1820 239 533
1820 276 854
1820 413 643
1820 277 850
1820 359 843
1820 428 512
1820 418 642
1820 84 427
1820 217 626
1820 452 635
1820 303 670
1820 277 665
1820 222 1231
1820 433 397
1820 421 835
1820 412 642
1820 420 837
1820 305 670
1820 354 672
1820 85 421
1820 286 529
1820 258 571
1820 36 894
1820 261 500
1820 428 388
1840 297 570
1840 327 866
1840 384 850
1840 240 532
1840 396 656
1840 362 839
1840 415 646
1840 362 616
1840 218 628
1840 417 645
1840 330 865
1840 299 676
1840 279 669
1840 407 831
1840 302 680
1840 285 527
1840 258 579
1840 60 920
1840 259 501
1840 280 671
1840 380 851
1840 371 291
1840 395 660
1860 298 570
1860 396 852
1860 238 534
1860 466 510
1860 315 181
1860 373 690
1860 351 847
1860 476 516
1860 77 463
1860 218 626
1860 300 667
1860 282 661
1860 344 496
1860 386 698
1860 405 830
1860 313 675
1860 371 685
1860 287 528
1860 260 569
1860 57 926
1860 259 504
1860 280 641
1860 386 699
1880 298 568
1880 395 846
1880 379 510
1880 466 436
1880 242 533
1880 303 740
1880 353 834
1880 433 503
1880 53 872
1880 221 627
1880 326 760
1880 305 669
1880 282 661
1880 468 435
1880 346 516
1880 241 533
1880 306 672
1880 288 526
1880 263 566
1880 63 871
1880 270 498
1880 284 632
1900 297 566
1900 386 856
1900 391 496
1900 445 407
1900 241 532
1900 429 384
1900 228 716
1900 355 828
1900 446 443
1900 434 458
1900 61 777
1900 227 682
1900 88 771
1900 478 747
1900 304 666
1900 276 664
1900 88 761
1900 433 386
1900 464 824
1900 345 492
1900 313 669
1900 288 525
1900 260 568
1900 265 504
1900 281 621
1900 230 722
1900 432 385
1900 355 477
1920 294 574
1920 365 841
1920 385 856
1920 396 542
1920 450 413
1920 240 537
1920 218 629
1920 360 827
1920 390 366
1920 420 515
1920 298 438
1920 396 543
1920 221 629
1920 300 438
1920 457 710
1920 301 661
1920 427 916
1920 281 664
1920 414 366
1920 428 919
1920 327 484
1920 390 745
1920 177 606
1920 296 590
1920 299 672
1920 109 678
1920 282 528
1920 266 569
1920 265 503
1920 281 643
1920 382 851
1920 401 341
1920 400 354
1920 391 744
1940 297 574
1940 359 981
1940 380 861
1940 437 329
1940 239 534
1940 148 498
1940 466 289
1940 148 499
1940 359 991
1940 348 821
1940 422 568
1940 221 630
1940 358 982
1940 336 785
1940 294 703
1940 277 668
1940 427 317
1940 234 432
1940 462 870
1940 263 475
1940 356 728
1940 235 434
1940 308 671
1940 126 518
1940 285 529
1940 269 564
1940 256 505
1940 286 615
1940 380 861
1940 372 311
1940 377 293
1960 299 569
1960 383 862
1960 239 533
1960 203 604
1960 429 212
1960 315 1094
1960 122 381
1960 370 839
1960 420 562
1960 89 513
1960 65 508
1960 222 627
1960 351 826
1960 302 670
1960 319 1072
1960 431 943
1960 279 674
1960 387 221
1960 334 205
1960 170 774
1960 171 190
1960 386 863
1960 303 672
1960 332 204
1960 92 405
1960 286 529
1960 265 566
1960 266 503
1960 283 634
1960 251 723
1960 336 209
1960 187 756
1960 301 1063
1980 265 1170
1980 299 567
1980 387 857
1980 375 476
1980 239 537
1980 214 627
1980 85 415
1980 405 1044
1980 352 826
1980 104 467
1980 8 418
1980 220 628
1980 358 1030
1980 89 755
1980 351 827
1980 299 670
1980 358 1021
1980 289 662
1980 160 723
1980 246 1149
1980 453 886
1980 339 136
1980 159 724
1980 399 831
1980 266 1169
1980 298 580
1980 404 1046
1980 81 411
1980 287 527
1980 264 569
1980 264 502
1980 282 626
1980 112 256
1980 176 485
1980 362 483
