1800 441 599
1800 240 532
1800 287 1158
1800 306 659
1800 76 486
1800 215 625
1800 289 1182
1800 316 810
1800 294 1187
1800 442 824
1800 300 569
1800 368 768
1800 430 817
1800 397 825
1800 285 1122
1800 307 661
1800 284 529
1800 264 569
1800 33 906
1800 76 487
1800 259 500
1800 367 765
1820 222 1267
1820 454 629
1820 238 532
1820 276 850
1820 429 511
1820 302 668
1820 419 385
1820 406 637
1820 414 638
1820 217 626
1820 414 637
1820 430 513
1820 300 567
1820 221 1244
1820 357 842
1820 420 835
1820 420 835
1820 305 667
1820 352 668
1820 285 529
1820 262 568
1820 36 909
1820 260 500
1840 362 625
1840 241 532
1840 286 667
1840 322 866
1840 391 656
1840 393 654
1840 361 616
1840 78 459
1840 218 628
1840 414 644
1840 299 570
1840 356 835
1840 401 829
1840 406 829
1840 309 668
1840 284 529
1840 261 569
1840 57 909
1840 259 500
1840 317 861
1840 366 293
1840 360 499
1860 374 557
1860 477 511
1860 239 536
1860 314 184
1860 305 665
1860 344 845
1860 385 698
1860 370 691
1860 75 462
1860 215 621
1860 475 514
1860 301 569
1860 347 837
1860 405 823
1860 404 824
1860 307 667
1860 361 692
1860 285 529
1860 264 564
1860 53 914
1860 257 503
1860 342 495
1880 379 508
1880 466 434
1880 241 535
1880 379 508
1880 304 668
1880 345 515
1880 352 832
1880 466 434
1880 68 536
1880 217 622
1880 378 508
1880 332 752
1880 430 499
1880 300 568
1880 352 829
1880 404 826
1880 308 668
1880 285 527
1880 260 565
1880 51 868
1880 62 528
1880 264 494
1880 378 508
1900 370 487
1900 240 529
1900 229 686
1900 223 707
1900 389 494
1900 304 665
1900 345 508
1900 429 385
1900 58 781
1900 217 626
1900 389 495
1900 477 726
1900 230 701
1900 85 771
1900 436 457
1900 468 822
1900 298 568
1900 354 825
1900 401 829
1900 63 645
1900 402 826
1900 308 666
1900 226 716
1900 285 527
1900 259 520
1900 259 496
1900 354 474
1920 392 888
1920 383 865
1920 395 543
1920 237 533
1920 176 605
1920 396 543
1920 301 664
1920 352 836
1920 101 686
1920 400 346
1920 383 736
1920 328 475
1920 217 626
1920 312 463
1920 422 914
1920 29 696
1920 448 417
1920 457 707
1920 282 608
1920 357 838
1920 397 801
1920 178 606
1920 23 713
1920 382 867
1920 302 665
1920 105 680
1920 382 372
1920 154 636
1920 283 532
1920 264 569
1920 263 503
1920 400 353
1920 298 441
1920 376 860
1920 172 604
1940 294 703
1940 357 982
1940 363 868
1940 358 983
1940 422 571
1940 238 531
1940 142 498
1940 463 288
1940 302 668
1940 358 989
1940 348 842
1940 409 310
1940 70 591
1940 99 586
1940 219 626
1940 345 732
1940 421 310
1940 386 266
1940 231 431
1940 465 865
1940 300 570
1940 254 468
1940 349 842
1940 400 821
1940 230 430
1940 145 497
1940 307 668
1940 354 730
1940 282 531
1940 270 562
1940 260 477
1940 128 516
1940 373 294
1940 352 289
1940 370 299
1940 356 728
1940 126 512
1960 161 444
1960 250 718
1960 429 546
1960 243 532
1960 143 437
1960 439 184
1960 431 547
1960 189 746
1960 302 669
1960 350 834
1960 65 507
1960 120 384
1960 64 506
1960 226 623
1960 165 440
1960 317 1068
1960 431 186
1960 430 941
1960 247 720
1960 362 197
1960 360 211
1960 300 569
1960 350 839
1960 427 960
1960 391 852
1960 304 669
1960 333 202
1960 89 404
1960 282 530
1960 270 562
1960 88 501
1960 264 502
1960 256 727
1960 333 201
1960 183 755
1960 188 751
1980 174 485
1980 239 536
1980 260 1169
1980 301 119
1980 371 471
1980 77 292
1980 297 664
1980 363 1025
1980 353 826
1980 102 469
1980 67 432
1980 217 627
1980 260 1171
1980 371 472
1980 88 754
1980 456 888
1980 338 114
1980 300 568
1980 158 721
1980 353 829
1980 398 824
1980 406 1040
1980 398 818
1980 405 1043
1980 80 416
1980 283 528
1980 266 568
1980 264 503
1980 106 284
1980 104 466
1980 359 485
