1800 299 569
1800 395 825
1800 240 533
1800 289 1135
1800 257 63
1800 368 764
1800 434 607
1800 417 814
1800 240 66
1800 76 491
1800 216 632
1800 294 1168
1800 433 608
1800 316 812
1800 287 1119
1800 288 1114
1800 276 664
1800 188 1317
1800 442 835
1800 430 610
1800 419 841
1800 287 1117
1800 308 664
1800 284 531
1800 265 571
1800 76 488
1800 261 500
1800 281 668
1800 374 765
1820 298 574
1820 382 847
1820 224 1252
1820 428 514
1820 239 534
1820 275 852
1820 450 641
1820 384 847
1820 429 515
1820 413 640
1820 36 907
1820 217 628
1820 453 641
1820 277 666
1820 422 385
1820 226 1261
1820 220 1232
1820 418 639
1820 420 839
1820 305 670
1820 354 673
1820 86 422
1820 286 530
1820 264 567
1820 37 911
1820 262 501
1820 279 670
1820 85 423
1840 299 570
1840 381 854
1840 385 858
1840 367 500
1840 240 531
1840 394 655
1840 361 610
1840 81 461
1840 218 629
1840 367 844
1840 417 647
1840 276 671
1840 365 500
1840 392 656
1840 416 649
1840 408 836
1840 306 670
1840 286 529
1840 260 582
1840 64 916
1840 80 458
1840 261 501
1840 278 677
1840 327 865
1840 370 296
1860 300 575
1860 404 832
1860 238 534
1860 315 184
1860 306 669
1860 407 828
1860 386 698
1860 405 830
1860 77 471
1860 216 626
1860 343 500
1860 282 665
1860 344 498
1860 373 698
1860 474 517
1860 56 924
1860 404 837
1860 310 668
1860 369 689
1860 287 530
1860 263 572
1860 88 924
1860 260 503
1860 285 668
1860 343 850
1880 298 572
1880 385 855
1880 379 512
1880 467 437
1880 241 534
1880 379 511
1880 308 670
1880 336 762
1880 433 503
1880 48 872
1880 221 632
1880 467 436
1880 330 754
1880 266 593
1880 468 435
1880 347 518
1880 308 671
1880 286 529
1880 265 569
1880 270 498
1880 290 662
1880 353 833
1880 351 839
1900 298 571
1900 386 857
1900 356 829
1900 390 495
1900 448 433
1900 241 531
1900 231 693
1900 388 495
1900 231 721
1900 303 669
1900 354 836
1900 435 459
1900 406 835
1900 63 647
1900 59 772
1900 218 627
1900 477 750
1900 87 763
1900 280 670
1900 430 385
1900 467 825
1900 357 479
1900 63 647
1900 405 837
1900 309 668
1900 288 528
1900 263 568
1900 266 504
1900 293 662
1900 356 826
1900 356 825
1900 356 476
1920 298 577
1920 370 852
1920 379 859
1920 449 420
1920 241 537
1920 183 614
1920 157 641
1920 445 432
1920 219 634
1920 396 542
1920 303 665
1920 362 829
1920 387 367
1920 396 543
1920 297 438
1920 389 741
1920 386 866
1920 33 1006
1920 218 630
1920 314 466
1920 421 913
1920 267 598
1920 79 687
1920 275 613
1920 398 347
1920 328 478
1920 457 712
1920 120 44
1920 178 606
1920 20 607
1920 396 912
1920 318 482
1920 304 666
1920 104 685
1920 283 532
1920 267 572
1920 266 503
1920 281 659
1920 396 357
1920 360 821
1940 297 574
1940 357 984
1940 379 863
1940 380 864
1940 437 324
1940 240 535
1940 148 499
1940 430 323
1940 127 520
1940 357 982
1940 356 729
1940 71 595
1940 127 518
1940 13 414
1940 220 628
1940 388 267
1940 422 569
1940 355 727
1940 289 727
1940 278 665
1940 420 311
1940 389 270
1940 234 431
1940 461 870
1940 258 481
1940 72 596
1940 402 831
1940 308 670
1940 126 518
1940 285 531
1940 270 568
1940 258 505
1940 291 682
1940 352 828
1940 367 305
1940 373 301
1940 350 731
1940 147 498
1960 300 570
1960 383 862
1960 385 868
1960 255 726
1960 242 533
1960 434 187
1960 424 567
1960 122 380
1960 187 756
1960 352 839
1960 420 562
1960 93 500
1960 122 380
1960 66 514
1960 227 626
1960 123 378
1960 433 556
1960 301 1062
1960 429 939
1960 315 1303
1960 280 678
1960 392 225
1960 367 204
1960 177 751
1960 436 557
1960 427 960
1960 217 475
1960 217 475
1960 305 670
1960 333 205
1960 92 410
1960 287 531
1960 266 564
1960 94 501
1960 266 503
1960 285 677
1960 255 727
1960 351 835
1960 338 214
1960 192 752
1960 191 757
1960 91 408
1980 301 568
1980 386 859
1980 387 858
1980 383 487
1980 239 537
1980 272 1167
1980 332 114
1980 373 478
1980 54 285
1980 362 1026
1980 353 826
1980 70 434
1980 56 459
1980 87 754
1980 217 629
1980 371 1051
1980 247 1150
1980 453 890
1980 158 724
1980 245 1151
1980 88 754
1980 270 602
1980 452 885
1980 338 129
1980 161 724
1980 400 834
1980 306 669
1980 406 1044
1980 80 415
1980 287 529
1980 264 572
1980 88 418
1980 266 503
1980 288 664
1980 355 827
1980 106 283
1980 400 825
1980 107 465
1980 176 485
1980 363 487
