1800 266 503
1800 293 535
1800 474 222
1800 264 500
1800 436 616
1800 422 812
1800 235 76
1800 79 476
1800 51 971
1800 215 624
1800 313 1148
1800 304 1134
1800 311 662
1800 304 819
1800 307 1191
1800 467 630
1800 405 836
1800 292 1110
1800 311 581
1800 392 800
1800 451 846
1800 263 577
1800 247 526
1820 263 499
1820 293 536
1820 433 517
1820 263 500
1820 420 634
1820 223 1222
1820 429 838
1820 241 45
1820 356 679
1820 86 415
1820 218 606
1820 313 664
1820 281 876
1820 225 1290
1820 432 665
1820 385 849
1820 415 634
1820 239 1250
1820 461 880
1820 452 643
1820 268 582
1820 246 535
1820 462 1072
1840 264 497
1840 361 840
1840 293 527
1840 264 500
1840 139 1352
1840 363 620
1840 429 853
1840 394 656
1840 322 859
1840 87 452
1840 62 867
1840 218 618
1840 310 668
1840 317 860
1840 435 647
1840 290 663
1840 388 851
1840 313 587
1840 419 654
1840 264 619
1840 248 532
1840 466 1073
1860 347 507
1860 264 501
1860 336 510
1860 358 841
1860 295 537
1860 474 437
1860 264 500
1860 324 187
1860 418 826
1860 322 184
1860 398 684
1860 86 460
1860 60 929
1860 214 622
1860 311 664
1860 377 701
1860 476 513
1860 405 858
1860 311 596
1860 391 689
1860 370 714
1860 266 592
1860 247 532
1880 354 841
1880 337 742
1880 340 517
1880 357 843
1880 291 529
1880 379 505
1880 439 510
1880 270 496
1880 425 503
1880 415 833
1880 302 669
1880 58 857
1880 218 609
1880 308 663
1880 398 878
1880 431 501
1880 395 841
1880 311 589
1880 267 640
1880 253 554
1900 350 473
1900 265 508
1900 349 849
1900 331 512
1900 358 836
1900 293 531
1900 395 503
1900 447 461
1900 263 506
1900 393 497
1900 418 840
1900 370 487
1900 84 751
1900 215 625
1900 310 668
1900 432 403
1900 387 855
1900 391 496
1900 337 521
1900 434 381
1900 260 718
1900 398 866
1900 312 594
1900 461 859
1900 265 601
1900 247 529
1900 463 1164
1920 265 503
1920 355 831
1920 116 682
1920 324 474
1920 362 834
1920 296 543
1920 398 545
1920 452 412
1920 267 504
1920 417 815
1920 404 339
1920 101 686
1920 12 509
1920 216 635
1920 389 853
1920 287 502
1920 417 386
1920 328 483
1920 399 825
1920 380 762
1920 182 598
1920 456 711
1920 311 459
1920 173 602
1920 263 573
1920 244 536
1920 431 902
1940 265 485
1940 348 844
1940 358 772
1940 291 527
1940 262 469
1940 446 291
1940 429 573
1940 420 864
1940 369 963
1940 388 257
1940 286 664
1940 85 595
1940 3 583
1940 218 608
1940 315 671
1940 290 668
1940 386 863
1940 311 580
1940 461 884
1940 266 588
1940 123 545
1940 247 546
1940 379 286
1940 470 1166
1960 265 503
1960 363 849
1960 296 526
1960 432 542
1960 266 503
1960 424 216
1960 425 541
1960 108 398
1960 438 931
1960 88 406
1960 213 633
1960 321 1075
1960 316 670
1960 307 1065
1960 426 974
1960 387 807
1960 408 985
1960 100 514
1960 240 537
1960 429 959
1980 267 504
1980 350 846
1980 364 844
1980 292 534
1980 371 479
1980 266 505
1980 147 718
1980 382 69
1980 312 124
1980 424 861
1980 160 721
1980 91 402
1980 214 615
1980 311 578
1980 258 1132
1980 439 1017
1980 370 1133
1980 390 869
1980 287 1170
1980 391 495
1980 399 831
1980 311 596
1980 245 1172
1980 463 905
1980 20 432
1980 265 601
1980 249 536
1980 188 488
1980 448 1013
