1800 316 814
1800 72 491
1800 442 603
1800 239 537
1800 243 69
1800 374 788
1800 239 61
1800 364 767
1800 75 491
1800 38 920
1800 215 631
1800 287 1169
1800 387 812
1800 283 1130
1800 442 605
1800 304 659
1800 282 1129
1800 276 672
1800 439 837
1800 297 573
1800 311 817
1800 318 815
1800 442 834
1800 429 611
1800 438 836
1800 298 577
1800 282 533
1800 261 572
1800 75 492
1800 255 505
1800 276 668
1800 446 1075
1820 412 844
1820 221 1238
1820 350 671
1820 415 638
1820 426 525
1820 239 535
1820 383 849
1820 36 900
1820 37 913
1820 217 629
1820 448 642
1820 345 689
1820 298 672
1820 277 679
1820 298 572
1820 223 1236
1820 417 635
1820 406 650
1820 80 422
1820 283 531
1820 259 583
1820 256 504
1820 444 1053
1840 320 865
1840 406 831
1840 359 504
1840 359 628
1840 241 535
1840 157 1346
1840 382 857
1840 44 909
1840 77 460
1840 48 910
1840 216 628
1840 359 619
1840 295 665
1840 298 573
1840 310 878
1840 361 294
1840 416 656
1840 361 614
1840 392 658
1840 301 577
1840 360 502
1840 284 529
1840 262 574
1840 78 458
1840 256 504
1860 398 846
1860 361 687
1860 355 698
1860 373 560
1860 237 536
1860 33 924
1860 466 297
1860 309 179
1860 338 504
1860 384 862
1860 74 472
1860 31 909
1860 216 632
1860 386 844
1860 471 501
1860 370 692
1860 298 663
1860 300 572
1860 42 946
1860 339 853
1860 473 514
1860 381 703
1860 372 559
1860 320 183
1860 285 530
1860 260 584
1860 77 469
1860 255 509
1860 412 847
1880 65 533
1880 408 835
1880 376 516
1880 429 505
1880 240 532
1880 342 518
1880 383 863
1880 345 519
1880 345 831
1880 65 533
1880 47 877
1880 217 630
1880 383 863
1880 463 444
1880 301 678
1880 300 572
1880 342 866
1880 306 673
1880 373 528
1880 284 528
1880 261 575
1880 267 500
1880 346 515
1900 403 834
1900 371 492
1900 435 457
1900 239 537
1900 341 507
1900 381 863
1900 445 403
1900 343 517
1900 216 631
1900 390 862
1900 78 769
1900 479 708
1900 299 673
1900 63 648
1900 281 701
1900 430 384
1900 459 828
1900 301 573
1900 350 847
1900 461 833
1900 64 652
1900 466 774
1900 463 837
1900 318 689
1900 358 487
1900 285 528
1900 256 546
1900 63 648
1900 257 499
1900 231 736
1900 346 518
1900 447 1039
1920 407 883
1920 378 736
1920 297 443
1920 393 547
1920 416 397
1920 239 537
1920 104 683
1920 22 193
1920 380 861
1920 399 346
1920 295 443
1920 358 827
1920 81 696
1920 221 636
1920 391 821
1920 71 720
1920 182 613
1920 439 457
1920 297 669
1920 81 694
1920 382 357
1920 311 491
1920 455 733
1920 281 623
1920 178 611
1920 412 895
1920 29 750
1920 36 756
1920 457 712
1920 390 744
1920 155 652
1920 394 547
1920 281 530
1920 263 576
1920 264 510
1920 178 613
1940 280 754
1940 64 597
1940 390 840
1940 285 738
1940 351 736
1940 423 326
1940 235 535
1940 149 522
1940 463 295
1940 228 431
1940 382 864
1940 421 313
1940 290 743
1940 65 608
1940 216 630
1940 394 830
1940 387 269
1940 421 574
1940 297 691
1940 283 759
1940 360 990
1940 273 681
1940 457 885
1940 298 572
1940 347 856
1940 121 520
1940 451 870
1940 307 676
1940 96 595
1940 358 996
1940 284 531
1940 263 571
1940 260 501
1940 387 267
1940 286 743
1940 123 525
1960 72 526
1960 118 378
1960 428 548
1960 424 555
1960 212 476
1960 210 481
1960 423 174
1960 187 754
1960 331 205
1960 254 752
1960 44 265
1960 385 870
1960 409 221
1960 173 749
1960 61 516
1960 214 625
1960 313 1083
1960 394 862
1960 398 202
1960 424 564
1960 297 683
1960 421 994
1960 368 188
1960 300 571
1960 425 947
1960 442 559
1960 425 549
1960 340 207
1960 283 530
1960 264 568
1960 66 518
1960 265 509
1960 355 216
1960 76 508
1960 154 449
1960 431 1011
1960 307 1076
1980 394 835
1980 365 485
1980 240 537
1980 102 464
1980 330 112
1980 86 304
1980 387 858
1980 399 1047
1980 211 630
1980 357 1034
1980 277 1192
1980 397 832
1980 248 1167
1980 298 695
1980 401 1037
1980 278 662
1980 451 886
1980 327 90
1980 297 571
1980 151 724
1980 172 485
1980 362 488
1980 69 425
1980 285 529
1980 260 569
1980 85 426
1980 265 511
1980 241 1153
1980 175 486
1980 442 1113
