1800 439 830
1800 447 598
1800 278 662
1800 450 602
1800 259 499
1800 247 69
1800 368 764
1800 373 773
1800 76 486
1800 40 923
1800 218 629
1800 285 1143
1800 432 613
1800 283 1131
1800 424 820
1800 300 565
1800 440 822
1800 78 487
1800 305 660
1800 287 529
1800 260 571
1800 284 1121
1800 36 919
1800 280 663
1800 240 531
1800 247 69
1820 229 1273
1820 431 516
1820 275 669
1820 429 396
1820 259 499
1820 356 672
1820 219 1229
1820 378 844
1820 379 839
1820 41 911
1820 217 625
1820 222 1229
1820 417 626
1820 417 629
1820 226 1253
1820 425 839
1820 301 563
1820 226 1249
1820 419 836
1820 225 1227
1820 285 528
1820 257 566
1820 238 538
1840 417 696
1840 280 679
1840 259 500
1840 358 499
1840 411 831
1840 386 847
1840 74 465
1840 49 916
1840 217 625
1840 363 610
1840 414 648
1840 410 817
1840 299 566
1840 421 852
1840 371 644
1840 307 662
1840 365 616
1840 325 875
1840 289 523
1840 259 566
1840 58 922
1840 242 534
1840 362 610
1840 463 1105
1840 363 608
1860 341 495
1860 348 844
1860 341 848
1860 376 555
1860 276 660
1860 472 518
1860 259 501
1860 325 185
1860 343 489
1860 378 851
1860 76 462
1860 44 919
1860 215 627
1860 477 510
1860 302 568
1860 344 491
1860 309 669
1860 298 551
1860 261 564
1860 51 928
1860 240 535
1880 349 511
1880 341 865
1880 380 507
1880 276 667
1880 432 503
1880 272 495
1880 347 514
1880 404 828
1880 462 442
1880 337 748
1880 386 859
1880 62 532
1880 48 871
1880 218 627
1880 475 434
1880 430 503
1880 401 862
1880 299 562
1880 468 435
1880 305 663
1880 311 732
1880 292 531
1880 260 564
1880 245 535
1900 350 474
1900 242 692
1900 81 758
1900 462 843
1900 379 496
1900 276 691
1900 262 502
1900 353 475
1900 409 830
1900 380 848
1900 441 387
1900 61 649
1900 399 828
1900 215 627
1900 478 751
1900 238 704
1900 427 443
1900 299 563
1900 243 735
1900 460 829
1900 477 752
1900 374 488
1900 287 525
1900 258 548
1900 242 530
1900 234 680
1900 349 519
1920 398 749
1920 300 436
1920 42 258
1920 466 437
1920 180 609
1920 264 502
1920 160 648
1920 173 605
1920 94 686
1920 396 545
1920 407 891
1920 296 439
1920 407 345
1920 330 478
1920 79 695
1920 300 437
1920 385 842
1920 217 635
1920 397 542
1920 403 336
1920 461 708
1920 283 609
1920 40 257
1920 156 649
1920 325 476
1920 420 920
1920 300 565
1920 315 462
1920 381 757
1920 176 602
1920 422 905
1920 300 437
1920 396 540
1920 295 546
1920 265 563
1920 239 531
1920 39 267
1920 154 637
1940 459 881
1940 49 258
1940 151 505
1940 48 262
1940 277 689
1940 431 579
1940 260 496
1940 458 285
1940 245 449
1940 355 736
1940 47 259
1940 447 308
1940 346 751
1940 288 740
1940 75 597
1940 380 861
1940 216 626
1940 33 269
1940 423 572
1940 389 269
1940 46 262
1940 363 1002
1940 45 263
1940 399 276
1940 291 738
1940 389 271
1940 455 872
1940 301 568
1940 48 259
1940 348 745
1940 458 869
1940 474 877
1940 230 427
1940 422 567
1940 306 666
1940 292 529
1940 261 564
1940 99 599
1940 240 529
1940 373 286
1940 125 527
1940 455 1194
1960 342 876
1960 47 262
1960 427 546
1960 429 546
1960 264 501
1960 92 408
1960 419 246
1960 91 402
1960 128 381
1960 337 199
1960 183 745
1960 122 381
1960 384 852
1960 166 441
1960 63 502
1960 216 624
1960 297 1066
1960 436 177
1960 442 560
1960 413 1001
1960 429 946
1960 363 202
1960 303 567
1960 49 257
1960 427 943
1960 420 561
1960 124 381
1960 125 379
1960 88 401
1960 287 527
1960 264 572
1960 238 541
1960 194 745
1960 190 745
1960 434 977
1980 86 757
1980 449 890
1980 371 473
1980 355 826
1980 350 840
1980 239 1166
1980 370 474
1980 277 665
1980 263 503
1980 81 417
1980 157 725
1980 47 294
1980 74 415
1980 313 121
1980 360 489
1980 45 263
1980 19 380
1980 43 263
1980 87 413
1980 401 823
1980 354 824
1980 84 408
1980 111 278
1980 388 857
1980 92 420
1980 215 621
1980 365 1027
1980 174 481
1980 46 261
1980 56 286
1980 175 483
1980 82 276
1980 83 294
1980 282 659
1980 84 413
1980 113 277
1980 372 466
1980 82 269
1980 110 285
1980 109 282
1980 446 886
1980 301 563
1980 87 419
1980 355 825
1980 448 885
1980 474 915
1980 112 277
1980 367 479
1980 260 1167
1980 86 406
1980 290 526
1980 262 561
1980 245 540
1980 85 409
1980 111 462
1980 12 221
1980 45 262
