1800 299 577
1800 398 834
1800 290 657
1800 240 531
1800 292 1166
1800 263 62
1800 320 809
1800 393 830
1800 237 57
1800 76 483
1800 72 493
1800 217 631
1800 290 1209
1800 443 608
1800 317 813
1800 441 835
1800 368 769
1800 443 824
1800 285 530
1800 264 570
1800 35 903
1800 259 500
1800 278 664
1800 422 814
1820 428 514
1820 281 850
1820 300 574
1820 408 857
1820 226 1256
1820 297 673
1820 246 533
1820 280 851
1820 358 840
1820 430 513
1820 427 389
1820 217 626
1820 453 631
1820 422 385
1820 423 849
1820 352 673
1820 87 423
1820 285 527
1820 262 567
1820 35 891
1820 260 499
1820 282 668
1820 231 1260
1820 424 846
1840 299 572
1840 396 867
1840 362 614
1840 286 670
1840 242 531
1840 330 865
1840 362 837
1840 397 659
1840 365 498
1840 79 458
1840 79 458
1840 218 626
1840 419 646
1840 353 834
1840 366 495
1840 411 831
1840 392 654
1840 284 528
1840 261 566
1840 57 916
1840 259 501
1840 278 670
1840 364 494
1840 363 497
1860 295 601
1860 405 832
1860 376 694
1860 291 678
1860 475 505
1860 240 535
1860 315 182
1860 358 839
1860 374 560
1860 77 466
1860 77 465
1860 218 630
1860 346 504
1860 375 705
1860 331 673
1860 370 690
1860 318 187
1860 285 527
1860 265 568
1860 58 918
1860 258 502
1860 284 663
1860 343 497
1880 379 508
1880 300 568
1880 406 832
1880 295 680
1880 467 437
1880 243 534
1880 355 833
1880 434 505
1880 377 512
1880 66 537
1880 222 627
1880 329 755
1880 347 510
1880 400 842
1880 308 669
1880 285 526
1880 262 563
1880 50 870
1880 270 493
1880 281 664
1880 381 515
1900 390 495
1900 300 570
1900 406 834
1900 443 453
1900 240 530
1900 230 721
1900 356 829
1900 230 689
1900 437 459
1900 356 493
1900 59 774
1900 219 626
1900 234 697
1900 61 643
1900 432 385
1900 464 821
1900 350 501
1900 357 831
1900 479 758
1900 79 769
1900 61 644
1900 284 528
1900 260 565
1900 265 501
1900 291 675
1900 351 476
1900 380 500
1920 396 543
1920 301 586
1920 385 868
1920 291 667
1920 439 454
1920 239 533
1920 190 617
1920 179 608
1920 178 607
1920 396 545
1920 36 256
1920 413 907
1920 362 848
1920 327 477
1920 397 364
1920 222 629
1920 449 442
1920 159 645
1920 362 834
1920 79 685
1920 412 355
1920 388 750
1920 456 708
1920 14 691
1920 427 924
1920 107 675
1920 285 530
1920 265 565
1920 265 501
1920 280 664
1920 156 633
1920 408 346
1920 330 473
1940 423 571
1940 300 573
1940 363 984
1940 401 830
1940 301 695
1940 240 532
1940 443 326
1940 423 570
1940 42 263
1940 356 846
1940 391 271
1940 398 312
1940 70 594
1940 22 416
1940 377 871
1940 221 629
1940 361 982
1940 147 490
1940 422 572
1940 343 741
1940 290 745
1940 422 317
1940 390 275
1940 461 870
1940 127 518
1940 355 726
1940 236 429
1940 236 431
1940 308 671
1940 357 727
1940 127 522
1940 283 530
1940 270 567
1940 260 505
1940 277 665
1940 377 307
1940 359 983
1960 438 554
1960 300 568
1960 216 473
1960 384 859
1960 163 442
1960 301 679
1960 240 533
1960 437 195
1960 119 381
1960 420 570
1960 44 284
1960 415 949
1960 368 862
1960 402 229
1960 83 516
1960 86 505
1960 253 725
1960 65 513
1960 221 626
1960 433 554
1960 188 758
1960 187 755
1960 412 957
1960 252 722
1960 373 209
1960 360 209
1960 431 941
1960 285 528
1960 265 565
1960 265 502
1960 279 685
1960 318 1056
1960 120 383
1980 376 481
1980 302 569
1980 356 1029
1980 398 831
1980 288 680
1980 239 536
1980 175 482
1980 420 65
1980 277 1164
1980 105 465
1980 330 120
1980 110 267
1980 334 118
1980 359 841
1980 363 488
1980 82 432
1980 175 485
1980 69 427
1980 79 785
1980 217 627
1980 285 1183
1980 359 1028
1980 387 84
1980 403 1036
1980 144 720
1980 451 883
1980 363 485
1980 353 827
1980 248 1155
1980 407 1042
1980 74 424
1980 285 527
1980 263 568
1980 265 501
1980 280 661
1980 361 486
1980 120 258
1980 161 721
1980 244 1175
1980 449 881
1980 177 483
1980 377 480
