1800 300 568
1800 240 532
1800 292 1152
1800 259 44
1800 317 808
1800 368 768
1800 244 56
1800 75 494
1800 216 627
1800 293 1151
1800 438 604
1800 315 808
1800 444 833
1800 278 659
1800 474 678
1800 381 785
1800 441 826
1800 301 569
1800 407 836
1800 287 1118
1800 13 360
1800 307 660
1800 285 529
1800 266 567
1800 38 915
1800 76 488
1800 260 501
1800 287 1127
1800 396 821
1820 300 568
1820 228 1282
1820 416 634
1820 279 850
1820 427 513
1820 238 534
1820 284 848
1820 429 513
1820 363 853
1820 421 385
1820 413 638
1820 218 627
1820 411 635
1820 277 664
1820 222 1234
1820 415 637
1820 418 837
1820 306 666
1820 356 671
1820 286 529
1820 262 565
1820 36 913
1820 83 421
1820 260 501
1820 385 846
1820 84 421
1840 299 570
1840 364 626
1840 239 530
1840 304 667
1840 362 614
1840 357 841
1840 398 659
1840 402 831
1840 363 618
1840 79 464
1840 219 629
1840 415 643
1840 276 670
1840 399 849
1840 395 656
1840 363 618
1840 285 667
1840 362 617
1840 365 287
1840 286 528
1840 263 568
1840 62 919
1840 79 459
1840 260 500
1840 363 287
1840 368 289
1840 385 856
1860 300 569
1860 374 558
1860 477 510
1860 239 534
1860 317 186
1860 478 522
1860 354 829
1860 383 692
1860 75 471
1860 217 628
1860 343 499
1860 281 665
1860 479 518
1860 344 495
1860 384 693
1860 404 822
1860 309 668
1860 372 681
1860 322 187
1860 287 528
1860 263 567
1860 78 923
1860 74 462
1860 258 504
1860 403 822
1880 300 566
1880 379 508
1880 434 499
1880 240 534
1880 379 509
1880 318 720
1880 317 719
1880 352 840
1880 469 433
1880 403 827
1880 67 533
1880 326 730
1880 219 625
1880 334 752
1880 265 567
1880 468 434
1880 377 518
1880 404 823
1880 403 825
1880 309 664
1880 287 528
1880 263 567
1880 56 870
1880 269 496
1880 402 825
1900 300 568
1900 230 697
1900 448 431
1900 241 530
1900 231 704
1900 390 495
1900 231 722
1900 354 831
1900 356 824
1900 233 699
1900 433 385
1900 59 772
1900 218 625
1900 355 473
1900 231 696
1900 89 770
1900 284 668
1900 435 450
1900 466 821
1900 353 478
1900 404 821
1900 64 646
1900 403 823
1900 353 475
1900 309 666
1900 400 831
1900 287 527
1900 264 564
1900 263 499
1900 401 826
1920 300 570
1920 413 898
1920 396 543
1920 450 417
1920 239 536
1920 156 637
1920 396 543
1920 357 833
1920 397 354
1920 405 360
1920 298 441
1920 390 741
1920 32 996
1920 220 632
1920 314 463
1920 424 919
1920 81 690
1920 276 585
1920 428 917
1920 328 476
1920 389 739
1920 178 610
1920 19 697
1920 404 853
1920 457 707
1920 108 684
1920 287 530
1920 265 566
1920 265 503
1920 299 439
1920 391 867
1940 299 571
1940 358 981
1940 239 534
1940 150 500
1940 463 286
1940 127 515
1940 361 998
1940 352 840
1940 418 322
1940 403 827
1940 71 596
1940 101 587
1940 218 626
1940 389 266
1940 346 731
1940 289 722
1940 279 661
1940 404 286
1940 233 430
1940 462 869
1940 475 874
1940 400 822
1940 149 506
1940 308 668
1940 357 727
1940 148 498
1940 286 527
1940 270 561
1940 257 500
1940 128 515
1940 133 511
1940 372 297
1940 369 306
1940 372 297
1940 399 822
1940 145 491
1940 145 494
1960 278 718
1960 300 569
1960 313 1072
1960 247 715
1960 429 549
1960 238 530
1960 435 186
1960 301 1059
1960 193 745
1960 335 207
1960 436 554
1960 195 747
1960 44 262
1960 194 744
1960 352 842
1960 66 510
1960 121 386
1960 183 751
1960 65 509
1960 223 625
1960 122 382
1960 328 1068
1960 290 673
1960 318 1073
1960 430 944
1960 247 716
1960 279 672
1960 430 948
1960 371 181
1960 430 945
1960 381 859
1960 216 475
1960 303 668
1960 333 204
1960 90 405
1960 287 529
1960 267 562
1960 97 482
1960 265 502
1960 251 724
1960 360 213
1960 339 210
1960 187 755
1960 372 186
1960 189 752
1960 382 864
1960 122 384
1960 246 716
1980 300 567
1980 238 539
1980 176 484
1980 331 122
1980 373 475
1980 79 285
1980 370 1039
1980 353 835
1980 176 484
1980 106 467
1980 26 441
1980 86 754
1980 218 628
1980 260 1169
1980 87 752
1980 272 564
1980 452 889
1980 351 134
1980 159 722
1980 475 914
1980 162 725
1980 398 824
1980 402 1050
1980 82 421
1980 287 526
1980 265 566
1980 88 420
1980 265 503
1980 109 280
1980 397 833
1980 108 465
1980 175 484
