1800 381 771
1800 278 526
1800 255 501
1800 435 607
1800 394 825
1800 305 817
1800 302 646
1800 264 79
1800 245 87
1800 71 483
1800 36 902
1800 213 621
1800 297 1158
1800 288 1115
1800 463 619
1800 390 823
1800 281 1126
1800 418 805
1800 297 554
1800 369 758
1800 442 828
1800 275 1148
1800 324 815
1800 260 574
1800 236 533
1800 463 1192
1820 280 526
1820 459 638
1820 429 396
1820 255 500
1820 341 687
1820 415 629
1820 412 833
1820 303 660
1820 287 861
1820 73 417
1820 28 892
1820 213 621
1820 215 1263
1820 467 651
1820 203 1252
1820 421 630
1820 217 1249
1820 472 1116
1820 374 850
1820 423 502
1820 435 394
1820 415 835
1820 297 558
1820 225 1267
1820 428 847
1820 419 627
1820 22 368
1820 260 576
1820 235 536
1820 353 664
1820 465 1078
1840 343 846
1840 42 901
1840 278 525
1840 315 1192
1840 256 499
1840 401 832
1840 302 656
1840 353 825
1840 80 451
1840 54 904
1840 215 619
1840 428 645
1840 463 1080
1840 381 848
1840 291 923
1840 416 825
1840 297 555
1840 416 655
1840 355 609
1840 25 1281
1840 260 587
1840 234 551
1840 469 1074
1860 328 845
1860 279 531
1860 284 571
1860 473 434
1860 254 501
1860 312 177
1860 398 829
1860 309 667
1860 387 689
1860 80 459
1860 45 917
1860 211 618
1860 363 709
1860 477 503
1860 469 1105
1860 389 856
1860 444 807
1860 299 561
1860 376 698
1860 346 697
1860 259 578
1860 45 915
1860 232 546
1860 460 1043
1880 350 822
1880 328 747
1880 277 519
1880 374 511
1880 285 538
1880 455 448
1880 262 490
1880 437 506
1880 400 831
1880 301 659
1880 339 517
1880 50 869
1880 209 623
1880 470 424
1880 279 84
1880 468 420
1880 372 863
1880 425 495
1880 344 514
1880 298 560
1880 318 769
1880 264 583
1880 41 875
1880 234 534
1880 339 521
1880 465 1069
1900 357 472
1900 229 690
1900 54 783
1900 332 511
1900 281 524
1900 373 491
1900 280 524
1900 452 400
1900 256 495
1900 427 436
1900 399 829
1900 300 653
1900 424 388
1900 343 497
1900 104 780
1900 214 626
1900 340 519
1900 435 452
1900 368 846
1900 97 749
1900 402 515
1900 332 511
1900 420 449
1900 239 703
1900 416 838
1900 299 545
1900 411 844
1900 457 853
1900 477 741
1900 29 1195
1900 263 557
1900 224 620
1900 241 525
1900 213 727
1900 463 1165
1900 345 474
1920 351 813
1920 89 691
1920 402 796
1920 20 1010
1920 281 522
1920 404 550
1920 461 426
1920 258 503
1920 449 184
1920 399 849
1920 300 665
1920 299 436
1920 400 335
1920 426 344
1920 22 676
1920 188 608
1920 290 447
1920 33 998
1920 213 629
1920 311 458
1920 458 427
1920 451 405
1920 366 856
1920 39 774
1920 399 544
1920 369 80
1920 413 867
1920 298 550
1920 374 787
1920 166 607
1920 460 709
1920 305 452
1920 256 622
1920 173 600
1920 231 553
1920 422 922
1940 341 851
1940 340 742
1940 281 521
1940 465 279
1940 257 489
1940 147 498
1940 376 284
1940 448 288
1940 279 745
1940 239 436
1940 393 817
1940 308 670
1940 339 944
1940 405 273
1940 372 276
1940 70 582
1940 210 616
1940 439 323
1940 459 283
1940 366 858
1940 446 331
1940 353 982
1940 444 874
1940 298 559
1940 363 731
1940 464 851
1940 477 873
1940 141 501
1940 243 459
1940 263 586
1940 233 537
1940 371 280
1940 228 428
1940 470 1234
1940 277 746
1960 337 847
1960 280 528
1960 330 1060
1960 425 544
1960 257 505
1960 156 443
1960 418 197
1960 425 209
1960 434 550
1960 95 405
1960 210 477
1960 404 857
1960 295 637
1960 419 964
1960 425 163
1960 15 539
1960 207 621
1960 320 1065
1960 278 1110
1960 422 546
1960 466 1078
1960 378 849
1960 428 543
1960 447 943
1960 339 195
1960 300 562
1960 264 577
1960 95 402
1960 219 473
1960 431 942
1980 355 486
1980 340 847
1980 280 524
1980 363 489
1980 336 1090
1980 257 511
1980 309 118
1980 30 396
1980 395 827
1980 296 552
1980 459 894
1980 372 1011
1980 353 87
1980 110 454
1980 277 669
1980 153 726
1980 89 753
1980 75 403
1980 211 619
1980 333 1153
1980 233 1194
1980 408 1024
1980 370 861
1980 86 744
1980 360 55
1980 437 915
1980 349 90
1980 299 556
1980 406 828
1980 461 884
1980 477 909
1980 371 121
1980 254 1157
1980 44 437
1980 259 573
1980 235 539
1980 406 183
1980 92 409
1980 182 483
1980 456 1146
