1800 300 567
1800 315 810
1800 307 660
1800 240 533
1800 287 1125
1800 260 56
1800 368 767
1800 448 602
1800 441 831
1800 238 57
1800 75 487
1800 391 814
1800 75 487
1800 217 628
1800 291 1138
1800 289 1122
1800 448 602
1800 314 811
1800 288 1116
1800 291 1132
1800 442 831
1800 393 819
1800 308 663
1800 392 814
1800 30 388
1800 284 531
1800 266 568
1800 260 501
1800 276 662
1820 431 513
1820 277 851
1820 300 569
1820 221 1229
1820 304 667
1820 430 513
1820 241 532
1820 85 424
1820 416 641
1820 221 1230
1820 360 841
1820 353 671
1820 454 632
1820 422 384
1820 370 850
1820 218 626
1820 416 635
1820 422 385
1820 420 834
1820 418 633
1820 305 669
1820 357 844
1820 86 422
1820 285 530
1820 262 567
1820 34 882
1820 86 422
1820 261 501
1820 277 668
1820 221 1229
1820 355 673
1840 299 569
1840 327 863
1840 368 501
1840 284 670
1840 240 532
1840 395 656
1840 354 835
1840 363 616
1840 422 648
1840 362 616
1840 79 459
1840 379 856
1840 80 458
1840 218 629
1840 416 644
1840 407 832
1840 414 645
1840 312 670
1840 379 854
1840 286 527
1840 264 566
1840 60 912
1840 260 501
1840 369 290
1840 363 499
1840 366 623
1860 300 568
1860 342 847
1860 375 558
1860 307 666
1860 472 509
1860 241 536
1860 313 179
1860 387 696
1860 350 831
1860 75 464
1860 388 860
1860 76 463
1860 218 628
1860 405 822
1860 324 686
1860 392 857
1860 287 528
1860 263 568
1860 53 915
1860 261 503
1860 276 623
1860 344 495
1860 374 683
1880 433 502
1880 300 568
1880 352 836
1880 379 508
1880 304 666
1880 434 502
1880 242 535
1880 283 88
1880 353 827
1880 68 535
1880 390 860
1880 50 867
1880 220 628
1880 333 753
1880 466 434
1880 406 826
1880 324 691
1880 352 840
1880 287 526
1880 264 565
1880 62 861
1880 272 497
1880 347 513
1900 385 492
1900 297 566
1900 355 828
1900 375 492
1900 306 666
1900 436 452
1900 243 531
1900 434 384
1900 229 705
1900 355 828
1900 432 384
1900 385 859
1900 58 773
1900 219 628
1900 89 768
1900 228 714
1900 89 760
1900 433 383
1900 463 826
1900 399 824
1900 61 641
1900 62 640
1900 477 747
1900 313 669
1900 355 829
1900 288 525
1900 261 558
1900 264 502
1900 278 664
1900 354 474
1920 298 568
1920 351 834
1920 394 544
1920 298 664
1920 395 358
1920 241 534
1920 177 604
1920 156 634
1920 359 820
1920 395 542
1920 401 366
1920 391 755
1920 381 865
1920 220 630
1920 298 438
1920 455 709
1920 156 633
1920 33 746
1920 400 344
1920 455 710
1920 411 901
1920 428 917
1920 77 677
1920 77 681
1920 306 664
1920 359 824
1920 105 679
1920 287 529
1920 267 566
1920 265 501
1920 279 660
1920 77 683
1920 317 463
1920 399 359
1920 329 474
1940 300 569
1940 350 841
1940 357 983
1940 358 980
1940 296 712
1940 240 533
1940 146 498
1940 463 287
1940 350 820
1940 423 570
1940 404 288
1940 70 594
1940 382 864
1940 289 735
1940 218 628
1940 286 734
1940 422 312
1940 461 866
1940 232 431
1940 126 514
1940 401 825
1940 308 670
1940 350 826
1940 99 582
1940 127 518
1940 285 528
1940 268 564
1940 263 479
1940 100 587
1940 373 294
1940 373 293
1940 357 980
1940 355 728
1940 129 514
1960 300 1064
1960 300 568
1960 348 851
1960 161 445
1960 304 669
1960 428 551
1960 241 533
1960 162 443
1960 161 444
1960 437 192
1960 333 203
1960 122 383
1960 429 944
1960 350 824
1960 368 202
1960 190 753
1960 420 559
1960 73 513
1960 87 503
1960 386 865
1960 253 724
1960 64 506
1960 224 626
1960 301 1062
1960 383 218
1960 185 754
1960 180 742
1960 367 180
1960 334 204
1960 390 848
1960 430 939
1960 216 474
1960 122 382
1960 373 840
1960 90 405
1960 287 527
1960 268 562
1960 266 502
1960 254 727
1980 377 475
1980 300 565
1980 351 836
1980 356 1032
1980 373 473
1980 300 667
1980 241 539
1980 177 484
1980 267 1174
1980 78 419
1980 320 127
1980 44 277
1980 303 119
1980 403 1047
1980 353 825
1980 399 833
1980 85 422
1980 388 859
1980 66 434
1980 219 629
1980 365 1043
1980 265 1169
1980 261 1167
1980 385 78
1980 266 1170
1980 375 106
1980 452 888
1980 337 106
1980 245 1150
1980 399 827
1980 177 484
1980 399 834
1980 86 409
1980 287 528
1980 265 566
1980 266 501
1980 375 475
1980 161 721
1980 365 1030
1980 78 425
1980 177 483
