1800 307 659
1800 78 486
1800 427 819
1800 392 819
1800 240 539
1800 288 1141
1800 238 55
1800 236 56
1800 237 56
1800 76 486
1800 42 907
1800 216 626
1800 290 1179
1800 284 1148
1800 432 609
1800 391 815
1800 281 660
1800 443 824
1800 302 568
1800 315 811
1800 436 606
1800 307 660
1800 284 530
1800 263 576
1800 40 910
1800 78 485
1800 258 501
1800 372 764
1820 297 670
1820 85 422
1820 421 838
1820 382 847
1820 276 851
1820 225 1256
1820 429 514
1820 238 538
1820 349 680
1820 422 385
1820 37 908
1820 216 626
1820 226 1276
1820 455 636
1820 282 667
1820 429 518
1820 300 570
1820 223 1262
1820 419 833
1820 419 633
1820 412 638
1820 86 422
1820 285 529
1820 262 572
1820 258 501
1820 276 852
1820 351 678
1840 278 672
1840 81 458
1840 381 856
1840 361 613
1840 325 867
1840 239 535
1840 363 500
1840 152 1337
1840 362 615
1840 363 500
1840 340 869
1840 380 856
1840 77 457
1840 58 916
1840 216 625
1840 424 649
1840 280 663
1840 369 279
1840 299 570
1840 415 654
1840 415 649
1840 303 667
1840 369 628
1840 284 529
1840 259 571
1840 69 931
1840 80 458
1840 258 501
1840 79 458
1840 363 613
1860 285 673
1860 77 464
1860 387 856
1860 374 558
1860 477 514
1860 238 539
1860 318 187
1860 475 514
1860 380 697
1860 342 495
1860 383 704
1860 341 848
1860 76 463
1860 50 920
1860 216 627
1860 298 569
1860 478 518
1860 282 651
1860 474 512
1860 299 568
1860 342 495
1860 306 670
1860 369 685
1860 344 494
1860 285 529
1860 262 572
1860 83 960
1860 77 461
1860 253 507
1860 367 692
1880 296 665
1880 387 859
1880 433 502
1880 237 536
1880 379 509
1880 469 435
1880 348 511
1880 350 849
1880 218 624
1880 471 436
1880 303 731
1880 285 650
1880 299 570
1880 328 758
1880 64 530
1880 304 668
1880 282 528
1880 260 565
1880 61 874
1880 65 529
1880 271 499
1900 295 666
1900 465 826
1900 386 858
1900 435 449
1900 239 529
1900 384 493
1900 437 386
1900 353 487
1900 351 840
1900 62 645
1900 217 629
1900 479 747
1900 396 820
1900 275 669
1900 62 646
1900 390 496
1900 470 831
1900 298 568
1900 60 775
1900 479 762
1900 344 493
1900 478 744
1900 304 669
1900 352 480
1900 286 527
1900 264 549
1900 262 504
1900 227 725
1900 233 705
1920 300 661
1920 411 894
1920 381 865
1920 425 410
1920 238 537
1920 175 607
1920 402 350
1920 295 440
1920 82 687
1920 218 627
1920 371 830
1920 280 660
1920 80 689
1920 297 439
1920 389 372
1920 456 709
1920 301 570
1920 412 898
1920 154 638
1920 457 708
1920 329 477
1920 305 664
1920 154 639
1920 278 526
1920 264 575
1920 264 504
1920 404 354
1940 295 680
1940 467 857
1940 387 266
1940 377 861
1940 236 540
1940 465 287
1940 100 589
1940 366 975
1940 232 430
1940 404 281
1940 80 595
1940 217 627
1940 422 569
1940 376 294
1940 388 268
1940 469 849
1940 298 570
1940 423 572
1940 125 513
1940 474 881
1940 306 670
1940 97 595
1940 365 975
1940 283 529
1940 263 575
1940 255 513
1940 392 269
1940 387 267
1940 353 734
1940 126 521
1960 301 673
1960 89 406
1960 383 862
1960 164 442
1960 435 553
1960 238 531
1960 441 187
1960 118 385
1960 256 724
1960 348 847
1960 368 853
1960 64 511
1960 218 628
1960 422 559
1960 389 816
1960 178 748
1960 371 178
1960 300 568
1960 214 478
1960 415 950
1960 424 957
1960 425 554
1960 166 441
1960 344 214
1960 167 442
1960 68 513
1960 87 403
1960 285 530
1960 261 570
1960 84 508
1960 192 745
1960 264 502
1960 334 204
1960 301 1057
1980 286 668
1980 89 426
1980 449 886
1980 385 862
1980 237 546
1980 176 482
1980 422 57
1980 319 119
1980 376 480
1980 372 1023
1980 402 1046
1980 368 480
1980 352 837
1980 65 437
1980 216 630
1980 351 1033
1980 262 1167
1980 249 1158
1980 267 1179
1980 398 822
1980 459 896
1980 300 567
1980 402 1044
1980 90 428
1980 299 568
1980 362 487
1980 360 1030
1980 82 410
1980 285 529
1980 261 577
1980 265 504
1980 102 465
1980 177 483
