1800 300 566
1800 392 813
1800 238 537
1800 286 1134
1800 258 60
1800 369 766
1800 447 599
1800 240 58
1800 67 512
1800 216 625
1800 436 605
1800 315 810
1800 285 1127
1800 287 1119
1800 275 661
1800 441 828
1800 434 607
1800 419 820
1800 286 1122
1800 307 663
1800 282 531
1800 263 569
1800 75 488
1800 259 501
1800 276 664
1800 288 1120
1800 371 767
1820 299 570
1820 357 845
1820 385 841
1820 225 1259
1820 427 387
1820 237 535
1820 275 852
1820 276 852
1820 429 512
1820 34 881
1820 217 626
1820 227 1255
1820 453 634
1820 422 384
1820 219 1231
1820 417 641
1820 419 836
1820 306 668
1820 353 671
1820 86 421
1820 284 530
1820 260 570
1820 33 887
1820 260 500
1820 276 662
1820 359 844
1840 361 612
1840 298 570
1840 364 837
1840 317 864
1840 386 846
1840 365 499
1840 240 535
1840 316 864
1840 395 656
1840 362 616
1840 79 465
1840 55 901
1840 218 627
1840 414 643
1840 156 1327
1840 393 658
1840 416 644
1840 398 844
1840 303 657
1840 285 528
1840 257 573
1840 64 907
1840 259 501
1840 278 670
1840 359 831
1840 365 288
1860 298 568
1860 343 842
1860 399 834
1860 239 537
1860 313 179
1860 75 469
1860 216 624
1860 344 498
1860 382 692
1860 281 664
1860 404 829
1860 309 667
1860 363 689
1860 286 529
1860 261 568
1860 66 925
1860 258 504
1860 285 669
1860 350 824
1880 298 568
1880 353 835
1880 400 828
1880 379 508
1880 465 435
1880 240 535
1880 333 754
1880 433 501
1880 50 865
1880 218 624
1880 314 730
1880 467 438
1880 290 676
1880 308 668
1880 286 528
1880 260 566
1880 58 866
1880 65 532
1880 267 495
1880 279 660
1880 352 835
1900 297 568
1900 354 828
1900 387 857
1900 397 836
1900 390 495
1900 443 389
1900 240 534
1900 226 682
1900 229 694
1900 431 462
1900 63 645
1900 63 777
1900 216 620
1900 87 755
1900 433 456
1900 465 821
1900 354 475
1900 404 831
1900 311 666
1900 286 526
1900 258 546
1900 264 503
1900 282 672
1900 355 824
1900 355 825
1900 354 475
1920 296 567
1920 355 826
1920 382 860
1920 390 852
1920 446 420
1920 240 539
1920 218 629
1920 156 640
1920 396 543
1920 388 740
1920 297 439
1920 386 737
1920 80 686
1920 218 629
1920 298 439
1920 458 709
1920 414 905
1920 79 685
1920 413 377
1920 325 478
1920 455 713
1920 106 678
1920 276 523
1920 264 572
1920 263 502
1920 276 661
1920 357 824
1920 398 345
1920 357 816
1940 299 570
1940 349 827
1940 369 952
1940 397 826
1940 440 323
1940 237 538
1940 147 498
1940 463 287
1940 126 513
1940 354 733
1940 126 516
1940 218 626
1940 355 986
1940 282 693
1940 276 666
1940 387 266
1940 232 431
1940 462 866
1940 70 599
1940 400 828
1940 307 670
1940 126 517
1940 284 531
1940 268 565
1940 255 506
1940 291 673
1940 349 822
1940 371 297
1940 373 294
1960 299 569
1960 352 837
1960 383 862
1960 392 849
1960 251 724
1960 241 530
1960 430 188
1960 121 382
1960 431 551
1960 121 383
1960 65 509
1960 219 619
1960 160 443
1960 317 1072
1960 422 941
1960 314 1278
1960 379 215
1960 363 198
1960 423 950
1960 65 506
1960 216 475
1960 216 474
1960 90 403
1960 284 529
1960 264 566
1960 89 500
1960 264 503
1960 297 679
1960 250 723
1960 354 833
1960 364 197
1960 193 748
1960 355 826
1960 122 381
1960 163 445
1980 243 1150
1980 299 567
1980 352 827
1980 399 824
1980 386 489
1980 238 541
1980 315 110
1980 45 266
1980 366 1040
1980 353 826
1980 218 627
1980 355 1026
1980 159 723
1980 247 1154
1980 452 889
1980 333 105
1980 159 720
1980 280 666
1980 398 828
1980 406 1040
1980 85 409
1980 285 528
1980 263 570
1980 264 503
1980 280 659
1980 353 826
1980 398 825
1980 107 466
1980 360 488
1980 175 485
