1800 298 663
1800 418 815
1800 398 831
1800 318 816
1800 238 535
1800 285 1163
1800 240 55
1800 235 59
1800 76 484
1800 35 922
1800 216 628
1800 293 1154
1800 431 608
1800 372 771
1800 281 1136
1800 281 1124
1800 445 601
1800 300 567
1800 315 813
1800 442 824
1800 446 604
1800 307 664
1800 285 529
1800 261 568
1800 76 486
1800 257 500
1800 369 764
1800 284 529
1820 300 672
1820 87 422
1820 417 838
1820 385 852
1820 277 850
1820 225 1267
1820 352 676
1820 422 385
1820 237 533
1820 419 385
1820 360 851
1820 37 908
1820 217 627
1820 222 1251
1820 453 631
1820 220 1232
1820 429 510
1820 299 566
1820 418 830
1820 408 641
1820 305 665
1820 285 528
1820 263 568
1820 258 500
1820 285 529
1840 290 671
1840 80 459
1840 363 498
1840 400 831
1840 362 617
1840 329 870
1840 240 534
1840 359 499
1840 360 833
1840 323 865
1840 78 457
1840 58 913
1840 217 626
1840 416 645
1840 299 569
1840 316 868
1840 416 647
1840 307 665
1840 361 500
1840 284 528
1840 257 579
1840 80 458
1840 258 499
1840 363 286
1840 283 529
1860 301 669
1860 77 466
1860 405 829
1860 342 492
1860 402 828
1860 371 686
1860 343 847
1860 476 517
1860 238 537
1860 313 180
1860 340 853
1860 74 463
1860 50 916
1860 216 627
1860 386 698
1860 299 569
1860 308 667
1860 381 700
1860 344 490
1860 285 529
1860 259 577
1860 76 462
1860 256 503
1860 312 182
1860 370 698
1860 284 530
1880 302 670
1880 379 507
1880 401 833
1880 353 837
1880 432 498
1880 240 532
1880 378 507
1880 468 432
1880 346 511
1880 64 529
1880 351 836
1880 51 873
1880 220 624
1880 432 499
1880 299 569
1880 307 670
1880 285 526
1880 259 572
1880 59 874
1880 265 494
1880 285 530
1900 299 663
1900 461 835
1900 355 475
1900 396 850
1900 273 663
1900 353 836
1900 441 455
1900 240 529
1900 388 492
1900 434 385
1900 348 512
1900 352 832
1900 86 756
1900 218 625
1900 83 757
1900 479 742
1900 85 770
1900 441 445
1900 473 831
1900 297 569
1900 78 762
1900 50 786
1900 479 743
1900 308 666
1900 234 733
1900 351 479
1900 287 525
1900 262 565
1900 258 496
1900 231 690
1920 301 664
1920 428 925
1920 394 874
1920 342 865
1920 448 427
1920 236 534
1920 174 605
1920 182 610
1920 399 343
1920 366 847
1920 346 851
1920 218 630
1920 314 463
1920 385 741
1920 394 544
1920 456 709
1920 300 568
1920 408 899
1920 298 437
1920 302 663
1920 386 738
1920 101 684
1920 315 463
1920 283 528
1920 269 584
1920 297 438
1920 263 502
1920 401 353
1920 388 741
1920 281 530
1920 39 254
1940 292 706
1940 384 859
1940 143 495
1940 360 726
1940 276 591
1940 237 536
1940 146 500
1940 441 313
1940 98 586
1940 363 974
1940 233 429
1940 423 311
1940 352 835
1940 69 598
1940 346 832
1940 145 496
1940 219 628
1940 359 980
1940 388 265
1940 423 567
1940 282 745
1940 475 879
1940 418 299
1940 298 571
1940 233 429
1940 306 669
1940 361 981
1940 281 530
1940 266 567
1940 252 516
1940 371 298
1940 356 730
1940 127 519
1940 298 571
1960 302 671
1960 308 1056
1960 88 409
1960 385 863
1960 278 665
1960 349 832
1960 240 531
1960 436 193
1960 337 205
1960 120 383
1960 367 847
1960 68 514
1960 351 842
1960 64 509
1960 221 629
1960 394 258
1960 419 559
1960 427 956
1960 250 721
1960 312 1048
1960 317 1068
1960 419 557
1960 374 146
1960 299 568
1960 425 958
1960 215 476
1960 214 476
1960 163 442
1960 303 670
1960 340 208
1960 189 758
1960 90 406
1960 286 529
1960 261 571
1960 83 503
1960 192 753
1960 264 502
1960 336 205
1960 394 826
1960 95 412
1960 177 748
1980 297 681
1980 83 419
1980 451 885
1980 365 480
1980 398 829
1980 269 583
1980 353 827
1980 236 538
1980 395 88
1980 329 120
1980 372 471
1980 39 305
1980 333 121
1980 380 1030
1980 382 1048
1980 113 254
1980 371 852
1980 353 827
1980 66 440
1980 219 630
1980 375 1044
1980 242 1157
1980 272 1171
1980 248 1167
1980 250 1155
1980 300 567
1980 158 724
1980 452 885
1980 402 1044
1980 84 760
1980 297 570
1980 336 122
1980 359 487
1980 357 1016
1980 81 409
1980 285 528
1980 263 573
1980 264 502
1980 36 214
1980 353 825
1980 101 467
