1800 306 661
1800 421 812
1800 467 618
1800 239 534
1800 287 1164
1800 258 27
1800 240 53
1800 317 810
1800 84 482
1800 34 906
1800 215 631
1800 291 1198
1800 431 607
1800 390 809
1800 277 665
1800 370 1162
1800 296 1192
1800 442 830
1800 298 561
1800 185 1294
1800 398 836
1800 307 660
1800 284 527
1800 263 573
1800 40 923
1800 80 482
1800 259 495
1800 368 760
1820 290 662
1820 420 837
1820 226 1256
1820 431 514
1820 238 535
1820 353 675
1820 421 383
1820 36 895
1820 217 629
1820 406 651
1820 232 1293
1820 453 635
1820 380 844
1820 224 1235
1820 276 668
1820 431 516
1820 422 836
1820 299 561
1820 228 1306
1820 419 828
1820 412 644
1820 412 645
1820 304 664
1820 354 674
1820 83 421
1820 284 528
1820 261 560
1820 35 887
1820 260 502
1820 382 848
1840 293 664
1840 409 830
1840 365 613
1840 320 869
1840 241 527
1840 153 1345
1840 363 613
1840 365 497
1840 328 869
1840 80 450
1840 56 909
1840 216 626
1840 393 654
1840 417 650
1840 402 853
1840 281 653
1840 364 286
1840 368 279
1840 297 568
1840 157 1339
1840 405 832
1840 103 46
1840 404 671
1840 419 648
1840 308 660
1840 371 628
1840 284 530
1840 264 561
1840 61 910
1840 260 503
1840 361 839
1860 292 662
1860 404 841
1860 375 557
1860 238 533
1860 464 100
1860 314 179
1860 374 558
1860 382 705
1860 341 497
1860 386 702
1860 76 460
1860 47 919
1860 217 629
1860 389 702
1860 479 509
1860 387 857
1860 281 657
1860 298 566
1860 401 836
1860 306 667
1860 372 695
1860 314 177
1860 345 499
1860 286 528
1860 261 576
1860 52 931
1860 259 503
1860 348 847
1880 292 661
1880 401 830
1880 380 514
1880 434 505
1880 241 530
1880 380 512
1880 470 435
1880 349 507
1880 67 530
1880 51 869
1880 221 627
1880 281 659
1880 469 431
1880 298 565
1880 328 761
1880 404 827
1880 304 668
1880 350 508
1880 284 525
1880 261 564
1880 55 865
1880 67 533
1880 268 499
1880 356 835
1900 292 661
1900 427 850
1900 465 441
1900 389 499
1900 443 452
1900 242 527
1900 224 640
1900 390 495
1900 432 384
1900 355 474
1900 67 650
1900 217 620
1900 348 494
1900 275 662
1900 88 755
1900 431 419
1900 467 826
1900 299 568
1900 403 828
1900 59 774
1900 355 479
1900 308 667
1900 231 727
1900 351 489
1900 286 531
1900 263 555
1900 262 505
1900 232 727
1900 235 702
1900 354 834
1920 182 610
1920 297 656
1920 413 895
1920 434 484
1920 239 532
1920 177 606
1920 104 683
1920 398 545
1920 41 253
1920 405 359
1920 86 687
1920 382 865
1920 219 626
1920 315 463
1920 430 437
1920 280 649
1920 24 692
1920 302 440
1920 397 359
1920 299 581
1920 407 874
1920 155 636
1920 37 748
1920 460 711
1920 327 491
1920 394 741
1920 304 665
1920 321 476
1920 156 638
1920 282 532
1920 265 566
1920 264 507
1920 155 635
1920 301 439
1920 356 818
1940 298 689
1940 95 590
1940 406 831
1940 362 983
1940 238 534
1940 236 531
1940 465 290
1940 367 977
1940 417 319
1940 78 593
1940 362 979
1940 219 628
1940 422 569
1940 272 681
1940 373 300
1940 377 309
1940 239 434
1940 466 859
1940 300 581
1940 402 850
1940 476 873
1940 128 516
1940 472 867
1940 307 670
1940 96 588
1940 360 979
1940 283 535
1940 267 565
1940 101 590
1940 256 510
1940 388 262
1940 342 825
1940 147 494
1960 295 676
1960 303 1070
1960 445 930
1960 381 953
1960 124 379
1960 425 549
1960 217 473
1960 431 188
1960 337 206
1960 214 474
1960 256 731
1960 429 201
1960 360 867
1960 66 510
1960 217 625
1960 324 1098
1960 425 552
1960 391 835
1960 242 672
1960 294 1075
1960 374 179
1960 370 189
1960 301 568
1960 393 890
1960 424 954
1960 169 441
1960 303 670
1960 332 200
1960 91 406
1960 285 534
1960 266 563
1960 83 503
1960 194 750
1960 264 503
1960 255 731
1960 378 227
1960 356 836
1960 90 407
1960 315 1068
1980 290 672
1980 418 853
1980 380 1000
1980 238 534
1980 276 1167
1980 140 723
1980 314 123
1980 377 479
1980 87 307
1980 330 102
1980 373 1038
1980 413 1040
1980 360 485
1980 387 859
1980 218 629
1980 284 1218
1980 255 1166
1980 258 1168
1980 403 832
1980 269 604
1980 95 762
1980 458 888
1980 301 569
1980 162 724
1980 397 828
1980 404 1040
1980 92 758
1980 94 436
1980 299 569
1980 361 1024
1980 80 422
1980 284 529
1980 264 573
1980 58 810
1980 264 502
1980 351 825
1980 102 457
