1800 406 835
1800 321 1201
1800 261 502
1800 274 54
1800 296 554
1800 290 63
1800 419 781
1800 280 531
1800 313 805
1800 262 514
1800 269 44
1800 263 487
1800 50 950
1800 315 1196
1800 282 1130
1800 326 820
1800 298 1120
1800 305 653
1800 474 887
1800 281 519
1800 283 1106
1800 322 788
1800 428 733
1800 440 605
1800 476 521
1800 250 530
1800 285 547
1800 466 809
1800 262 544
1800 477 843
1800 309 799
1820 364 837
1820 455 605
1820 283 658
1820 449 589
1820 220 601
1820 225 29
1820 239 1236
1820 436 840
1820 275 504
1820 264 480
1820 41 880
1820 287 887
1820 230 1266
1820 465 590
1820 270 539
1820 280 519
1820 421 813
1820 440 824
1820 282 842
1820 355 662
1820 239 1218
1820 320 668
1820 441 678
1820 267 615
1820 300 516
1820 219 604
1820 10 345
1820 268 505
1820 476 781
1840 372 842
1840 293 604
1840 279 527
1840 258 495
1840 262 492
1840 84 456
1840 283 522
1840 362 601
1840 293 536
1840 365 832
1840 304 581
1840 277 509
1840 266 486
1840 64 881
1840 300 563
1840 336 865
1840 277 652
1840 471 1071
1840 436 613
1840 363 596
1840 293 607
1840 449 693
1840 221 610
1840 258 558
1840 244 525
1840 291 554
1840 260 498
1860 366 565
1860 362 817
1860 401 801
1860 265 494
1860 86 450
1860 373 701
1860 450 873
1860 298 599
1860 387 677
1860 388 679
1860 311 569
1860 357 819
1860 266 490
1860 253 505
1860 41 461
1860 299 581
1860 356 706
1860 285 558
1860 475 839
1860 415 813
1860 380 674
1860 215 633
1860 435 888
1860 383 537
1860 465 539
1860 279 665
1860 295 542
1860 223 603
1860 263 548
1860 304 654
1860 477 750
1880 362 501
1880 366 797
1880 341 803
1880 292 616
1880 326 521
1880 375 549
1880 273 507
1880 440 479
1880 259 511
1880 340 742
1880 469 722
1880 293 629
1880 304 567
1880 278 496
1880 382 494
1880 269 521
1880 212 617
1880 306 578
1880 474 382
1880 394 500
1880 410 819
1880 357 507
1880 466 699
1880 307 564
1880 466 418
1880 300 596
1880 345 501
1880 254 618
1880 284 556
1880 50 549
1880 476 834
1900 360 457
1900 361 824
1900 402 823
1900 362 474
1900 400 502
1900 462 391
1900 265 499
1900 441 873
1900 301 647
1900 270 500
1900 235 641
1900 270 494
1900 453 387
1900 290 648
1900 466 825
1900 406 815
1900 381 479
1900 347 458
1900 224 594
1900 455 827
1900 467 373
1900 246 505
1900 288 657
1900 223 656
1900 300 568
1900 467 741
1900 222 611
1900 264 523
1900 255 494
1900 475 815
1900 348 469
1920 346 480
1920 364 819
1920 381 725
1920 112 678
1920 322 465
1920 244 539
1920 331 468
1920 439 530
1920 255 524
1920 457 365
1920 267 505
1920 222 602
1920 173 601
1920 433 712
1920 311 454
1920 270 529
1920 405 332
1920 115 682
1920 260 505
1920 218 595
1920 393 381
1920 434 891
1920 405 699
1920 167 599
1920 334 498
1920 456 759
1920 396 695
1920 467 611
1920 288 660
1920 296 557
1920 319 476
1920 258 526
1920 235 537
1920 250 527
1920 476 867
1920 385 352
1940 289 653
1940 365 706
1940 381 738
1940 291 652
1940 368 996
1940 313 595
1940 272 470
1940 270 459
1940 149 479
1940 458 220
1940 283 735
1940 245 454
1940 414 852
1940 301 529
1940 305 488
1940 387 890
1940 276 458
1940 397 223
1940 271 486
1940 3 565
1940 209 604
1940 301 575
1940 280 668
1940 288 740
1940 385 243
1940 390 254
1940 439 865
1940 283 675
1940 297 550
1940 474 843
1940 259 543
1940 154 493
1940 247 525
1940 274 556
1940 131 485
1940 474 847
1940 275 635
1940 390 250
1960 358 823
1960 267 498
1960 172 740
1960 96 397
1960 99 400
1960 85 514
1960 108 387
1960 227 483
1960 436 829
1960 274 531
1960 421 181
1960 58 502
1960 275 520
1960 127 373
1960 95 386
1960 210 626
1960 322 1062
1960 298 521
1960 300 1082
1960 447 909
1960 406 809
1960 433 179
1960 459 140
1960 268 669
1960 287 630
1960 449 207
1960 265 541
1960 128 367
1960 213 498
1960 227 464
1960 439 917
1980 363 833
1980 285 652
1980 264 499
1980 271 502
1980 265 511
1980 248 1155
1980 247 515
1980 414 835
1980 307 526
1980 400 990
1980 273 525
1980 368 59
1980 269 518
1980 91 393
1980 204 622
1980 279 1308
1980 303 552
1980 352 828
1980 279 671
1980 247 1176
1980 177 488
1980 460 896
1980 376 1016
1980 408 797
1980 382 479
1980 369 463
1980 305 556
1980 287 663
1980 288 605
1980 467 903
1980 390 116
1980 353 483
1980 109 411
1980 89 399
1980 258 525
1980 249 520
1980 285 674
1980 390 105
1980 181 478
1980 447 1011
