1800 77 492
1800 27 913
1800 304 657
1800 402 840
1800 392 826
1800 441 824
1800 239 534
1800 38 913
1800 290 1160
1800 240 59
1800 242 66
1800 384 807
1800 77 487
1800 27 911
1800 216 623
1800 297 1195
1800 288 1169
1800 446 602
1800 442 833
1800 288 1143
1800 440 823
1800 294 559
1800 188 1302
1800 373 770
1800 441 829
1800 277 663
1800 446 603
1800 441 821
1800 306 658
1800 283 527
1800 260 570
1800 79 483
1800 256 499
1820 272 639
1820 416 823
1820 383 848
1820 227 1290
1820 359 842
1820 406 639
1820 238 535
1820 41 910
1820 349 674
1820 359 839
1820 37 905
1820 217 627
1820 219 1270
1820 451 633
1820 348 669
1820 409 412
1820 452 632
1820 298 563
1820 223 1254
1820 382 849
1820 421 841
1820 419 639
1820 419 636
1820 301 666
1820 285 528
1820 258 577
1820 260 499
1840 287 658
1840 408 821
1840 387 857
1840 356 834
1840 392 655
1840 239 531
1840 44 899
1840 381 852
1840 319 867
1840 320 864
1840 358 827
1840 80 456
1840 36 900
1840 217 626
1840 363 291
1840 296 565
1840 382 854
1840 406 835
1840 418 643
1840 421 660
1840 302 642
1840 29 893
1840 285 528
1840 253 572
1840 70 926
1840 258 499
1840 383 854
1860 33 907
1860 296 656
1860 403 819
1860 263 563
1860 389 856
1860 351 824
1860 385 696
1860 471 500
1860 237 534
1860 39 910
1860 340 498
1860 361 695
1860 356 830
1860 78 465
1860 26 893
1860 215 626
1860 374 558
1860 475 513
1860 346 699
1860 311 177
1860 298 564
1860 386 859
1860 407 826
1860 476 511
1860 374 562
1860 341 500
1860 308 668
1860 285 528
1860 257 571
1860 30 903
1860 254 504
1860 385 885
1880 299 663
1880 73 542
1880 402 826
1880 388 856
1880 350 834
1880 434 500
1880 240 528
1880 381 100
1880 345 513
1880 354 831
1880 43 870
1880 219 627
1880 467 435
1880 467 434
1880 297 566
1880 305 740
1880 390 859
1880 307 671
1880 379 511
1880 283 526
1880 259 572
1880 266 494
1880 304 736
1880 351 510
1900 236 703
1900 235 700
1900 300 662
1900 405 828
1900 434 442
1900 386 857
1900 348 835
1900 238 704
1900 432 446
1900 240 528
1900 38 809
1900 344 510
1900 236 704
1900 22 733
1900 354 830
1900 217 624
1900 479 749
1900 442 394
1900 351 477
1900 461 829
1900 297 565
1900 398 840
1900 431 394
1900 267 665
1900 57 778
1900 471 765
1900 308 665
1900 387 492
1900 226 721
1900 284 529
1900 258 560
1900 259 494
1900 230 728
1900 355 484
1920 296 655
1920 417 884
1920 267 573
1920 383 864
1920 352 821
1920 386 734
1920 421 407
1920 240 538
1920 180 608
1920 6 979
1920 105 683
1920 39 256
1920 408 895
1920 296 438
1920 315 465
1920 81 690
1920 358 831
1920 219 631
1920 36 780
1920 400 340
1920 422 921
1920 82 686
1920 400 350
1920 311 458
1920 373 367
1920 294 601
1920 381 855
1920 419 913
1920 275 666
1920 453 714
1920 316 466
1920 395 752
1920 296 612
1920 397 540
1920 104 681
1920 155 637
1920 282 530
1920 263 576
1920 36 253
1920 266 505
1920 178 607
1940 296 687
1940 72 590
1940 401 821
1940 263 569
1940 382 863
1940 125 519
1940 342 819
1940 464 867
1940 450 303
1940 235 535
1940 252 517
1940 465 291
1940 373 978
1940 400 282
1940 72 600
1940 353 831
1940 217 628
1940 385 268
1940 420 566
1940 285 718
1940 10 748
1940 361 981
1940 366 306
1940 462 876
1940 299 568
1940 380 864
1940 400 830
1940 271 668
1940 143 494
1940 463 862
1940 143 501
1940 304 668
1940 385 269
1940 281 531
1940 262 575
1940 260 469
1940 384 262
1940 128 519
1940 368 864
1960 200 754
1960 301 664
1960 214 477
1960 388 842
1960 194 754
1960 345 838
1960 175 750
1960 425 180
1960 237 533
1960 16 972
1960 39 584
1960 215 473
1960 433 180
1960 94 411
1960 190 750
1960 71 517
1960 215 476
1960 394 193
1960 192 753
1960 197 750
1960 359 843
1960 65 510
1960 216 625
1960 318 1082
1960 108 400
1960 427 549
1960 254 727
1960 424 953
1960 429 551
1960 301 568
1960 385 853
1960 426 948
1960 449 194
1960 92 409
1960 429 543
1960 348 212
1960 161 443
1960 324 1069
1960 87 403
1960 285 531
1960 264 570
1960 46 262
1960 70 512
1960 34 186
1960 185 749
1960 266 502
1960 256 731
1960 189 753
1960 365 180
1960 192 751
1960 173 745
1960 165 440
1980 300 667
1980 402 826
1980 387 858
1980 102 463
1980 352 826
1980 239 534
1980 13 1031
1980 325 114
1980 319 127
1980 363 1022
1980 400 1039
1980 354 831
1980 218 626
1980 237 1191
1980 243 1188
1980 26 317
1980 452 885
1980 300 565
1980 161 723
1980 398 830
1980 92 759
1980 273 664
1980 299 568
1980 379 484
1980 354 1020
1980 79 410
1980 286 529
1980 261 576
1980 89 759
1980 265 504
1980 313 74
1980 114 256
1980 175 484
1980 90 757
