1800 395 822
1800 395 815
1800 445 601
1800 241 531
1800 290 1144
1800 278 665
1800 277 662
1800 369 767
1800 77 485
1800 216 627
1800 287 1159
1800 286 1137
1800 291 1136
1800 444 834
1800 301 568
1800 441 821
1800 306 661
1800 284 527
1800 264 569
1800 39 912
1800 80 485
1800 259 500
1820 421 828
1820 223 1264
1820 285 864
1820 455 628
1820 240 531
1820 279 855
1820 427 518
1820 276 665
1820 352 670
1820 292 573
1820 420 385
1820 411 636
1820 380 800
1820 218 627
1820 418 630
1820 300 568
1820 223 1234
1820 421 833
1820 305 668
1820 87 420
1820 285 528
1820 260 569
1820 37 908
1820 259 500
1820 419 386
1820 354 670
1840 429 647
1840 405 823
1840 246 525
1840 277 668
1840 360 612
1840 331 867
1840 279 670
1840 395 654
1840 394 657
1840 80 458
1840 218 629
1840 361 496
1840 419 644
1840 390 653
1840 299 570
1840 381 852
1840 400 829
1840 428 646
1840 309 666
1840 285 528
1840 259 570
1840 60 912
1840 259 500
1840 363 287
1840 391 652
1860 374 554
1860 403 825
1860 375 558
1860 243 533
1860 281 667
1860 346 836
1860 281 660
1860 386 698
1860 388 694
1860 75 462
1860 216 622
1860 342 494
1860 473 499
1860 298 562
1860 404 825
1860 345 489
1860 307 669
1860 285 529
1860 260 570
1860 52 917
1860 257 503
1860 372 696
1860 375 558
1880 402 825
1880 379 507
1880 242 528
1880 379 508
1880 281 659
1880 352 829
1880 284 656
1880 467 435
1880 67 534
1880 220 623
1880 348 510
1880 432 497
1880 299 565
1880 380 508
1880 350 510
1880 308 668
1880 284 525
1880 259 564
1880 70 858
1880 267 495
1880 379 509
1900 356 477
1900 405 828
1900 240 529
1900 388 493
1900 232 712
1900 305 665
1900 346 509
1900 283 681
1900 438 389
1900 355 474
1900 64 770
1900 219 626
1900 353 474
1900 389 494
1900 233 715
1900 83 765
1900 431 384
1900 464 826
1900 298 567
1900 404 829
1900 352 484
1900 308 666
1900 80 758
1900 232 710
1900 286 527
1900 264 555
1900 260 499
1900 432 383
1900 386 494
1920 79 683
1920 382 865
1920 397 540
1920 238 531
1920 181 609
1920 397 540
1920 279 662
1920 383 858
1920 279 611
1920 83 687
1920 400 338
1920 299 437
1920 390 744
1920 387 861
1920 219 626
1920 314 463
1920 457 709
1920 430 925
1920 80 683
1920 402 361
1920 395 742
1920 299 571
1920 382 855
1920 180 604
1920 393 743
1920 331 475
1920 304 666
1920 154 633
1920 279 526
1920 266 563
1920 263 502
1920 399 355
1920 300 437
1940 287 736
1940 359 978
1940 398 824
1940 364 982
1940 238 528
1940 148 491
1940 464 292
1940 275 666
1940 365 982
1940 347 819
1940 279 671
1940 424 311
1940 358 731
1940 70 595
1940 99 581
1940 221 627
1940 289 710
1940 462 876
1940 298 567
1940 400 818
1940 234 430
1940 307 668
1940 127 518
1940 282 528
1940 271 559
1940 255 500
1940 386 268
1940 361 731
1940 359 983
1960 381 861
1960 377 864
1960 429 550
1960 216 474
1960 444 186
1960 163 740
1960 427 552
1960 193 743
1960 384 989
1960 359 831
1960 275 718
1960 377 809
1960 123 384
1960 66 514
1960 224 627
1960 168 439
1960 325 1066
1960 323 1038
1960 431 946
1960 246 713
1960 390 216
1960 214 475
1960 362 93
1960 301 568
1960 430 946
1960 303 670
1960 89 401
1960 284 528
1960 270 563
1960 85 500
1960 264 503
1960 254 727
1960 335 207
1960 193 747
1980 359 1017
1980 399 827
1980 375 1048
1980 239 536
1980 330 122
1980 373 477
1980 42 260
1980 280 661
1980 378 1030
1980 352 826
1980 285 606
1980 352 825
1980 102 467
1980 72 426
1980 221 628
1980 281 1189
1980 364 481
1980 88 752
1980 454 884
1980 374 100
1980 300 568
1980 162 724
1980 251 1158
1980 301 566
1980 87 754
1980 407 1042
1980 82 411
1980 286 529
1980 264 569
1980 264 503
1980 107 281
1980 105 463
1980 175 483
