1800 282 532
1800 187 1316
1800 279 667
1800 451 603
1800 259 501
1800 284 1140
1800 306 664
1800 304 661
1800 252 88
1800 372 777
1800 398 835
1800 75 479
1800 39 934
1800 214 631
1800 299 1204
1800 293 1195
1800 446 603
1800 422 1164
1800 297 1196
1800 293 583
1800 367 766
1800 429 832
1800 448 847
1800 245 65
1800 324 815
1800 264 584
1800 239 533
1800 306 661
1820 287 686
1820 360 843
1820 283 533
1820 222 1229
1820 284 719
1820 427 522
1820 259 501
1820 303 673
1820 428 852
1820 300 678
1820 273 859
1820 435 401
1820 355 837
1820 39 920
1820 217 626
1820 222 1248
1820 356 672
1820 273 861
1820 417 633
1820 239 1285
1820 439 540
1820 299 575
1820 233 1270
1820 368 851
1820 419 840
1820 226 1260
1820 262 585
1820 236 537
1840 371 513
1840 80 457
1840 284 693
1840 355 840
1840 283 533
1840 159 1342
1840 260 502
1840 361 622
1840 293 664
1840 399 855
1840 300 667
1840 350 837
1840 73 454
1840 53 921
1840 217 627
1840 322 869
1840 356 616
1840 415 658
1840 299 572
1840 371 849
1840 388 659
1840 326 868
1840 262 583
1840 54 920
1840 241 544
1840 370 305
1860 341 508
1860 383 707
1860 355 836
1860 283 537
1860 377 563
1860 475 524
1860 258 503
1860 317 179
1860 301 671
1860 388 856
1860 304 678
1860 354 837
1860 74 462
1860 39 921
1860 215 630
1860 362 707
1860 299 571
1860 372 856
1860 421 843
1860 373 561
1860 360 705
1860 262 574
1860 44 926
1860 238 533
1860 309 683
1880 379 516
1880 65 534
1880 282 687
1880 359 844
1880 286 530
1880 309 728
1880 378 515
1880 272 717
1880 428 500
1880 269 505
1880 295 678
1880 388 865
1880 299 690
1880 465 442
1880 346 523
1880 353 832
1880 49 874
1880 218 627
1880 477 458
1880 431 506
1880 299 569
1880 375 859
1880 66 527
1880 308 757
1880 260 593
1880 240 531
1880 345 526
1900 354 482
1900 237 711
1900 77 721
1900 374 495
1900 357 842
1900 285 531
1900 388 501
1900 461 478
1900 265 506
1900 472 427
1900 298 675
1900 395 860
1900 297 690
1900 434 423
1900 57 652
1900 88 747
1900 350 847
1900 42 922
1900 216 629
1900 477 747
1900 396 853
1900 90 759
1900 429 437
1900 288 577
1900 378 857
1900 437 854
1900 263 575
1900 242 533
1900 238 683
1900 225 729
1920 86 695
1920 380 752
1920 157 657
1920 359 833
1920 281 532
1920 446 465
1920 450 444
1920 265 505
1920 434 457
1920 296 674
1920 218 637
1920 403 890
1920 296 444
1920 407 363
1920 76 689
1920 293 445
1920 358 832
1920 13 510
1920 20 1035
1920 218 636
1920 396 381
1920 459 712
1920 421 935
1920 377 861
1920 29 744
1920 418 589
1920 334 481
1920 422 920
1920 300 574
1920 374 837
1920 154 653
1920 457 714
1920 297 442
1920 265 572
1920 278 586
1920 238 538
1920 249 611
1940 391 269
1940 356 838
1940 284 534
1940 460 289
1940 428 579
1940 260 503
1940 148 513
1940 448 287
1940 249 500
1940 381 272
1940 303 671
1940 232 429
1940 227 607
1940 384 867
1940 306 670
1940 356 989
1940 289 736
1940 79 601
1940 353 835
1940 215 627
1940 371 984
1940 22 749
1940 299 575
1940 360 840
1940 451 868
1940 470 862
1940 137 537
1940 286 755
1940 262 583
1940 106 594
1940 239 541
1940 365 303
1940 375 294
1940 246 441
1960 250 719
1960 2 700
1960 45 260
1960 358 841
1960 285 532
1960 427 547
1960 264 510
1960 88 419
1960 215 475
1960 329 200
1960 120 386
1960 298 684
1960 212 478
1960 391 875
1960 360 850
1960 169 436
1960 66 510
1960 216 627
1960 314 1075
1960 200 755
1960 407 1011
1960 202 744
1960 22 824
1960 434 550
1960 424 952
1960 367 189
1960 302 564
1960 128 379
1960 372 853
1960 84 412
1960 195 745
1960 265 577
1960 84 528
1960 232 534
1960 256 729
1960 193 748
1960 445 172
1960 43 264
1960 125 382
1960 431 989
1980 356 493
1980 344 1111
1980 94 761
1980 380 493
1980 354 838
1980 284 530
1980 174 486
1980 367 485
1980 277 677
1980 264 507
1980 158 726
1980 331 141
1980 44 446
1980 297 668
1980 398 837
1980 303 657
1980 402 1043
1980 22 994
1980 2 583
1980 353 835
1980 26 1017
1980 216 629
1980 375 1071
1980 279 1248
1980 176 485
1980 321 1229
1980 479 916
1980 411 1031
1980 269 1180
1980 81 752
1980 298 568
1980 360 843
1980 443 890
1980 475 916
1980 250 1168
1980 257 1157
1980 81 413
1980 263 576
1980 241 545
1980 102 445
1980 437 1054
