1800 306 666
1800 398 827
1800 240 533
1800 288 1116
1800 256 43
1800 255 44
1800 76 485
1800 215 628
1800 289 1130
1800 432 608
1800 289 1113
1800 293 1121
1800 441 596
1800 443 826
1800 299 568
1800 187 1303
1800 438 823
1800 474 630
1800 307 662
1800 370 765
1800 283 531
1800 264 570
1800 76 485
1800 260 499
1800 368 764
1820 296 676
1820 420 834
1820 230 1259
1820 353 668
1820 429 513
1820 238 535
1820 420 384
1820 362 854
1820 40 889
1820 216 625
1820 454 637
1820 228 1262
1820 426 518
1820 219 1233
1820 299 569
1820 225 1255
1820 421 834
1820 18 723
1820 417 630
1820 306 669
1820 84 420
1820 284 529
1820 264 560
1820 260 500
1820 29 170
1820 359 840
1840 282 670
1840 364 498
1840 402 830
1840 320 857
1840 362 613
1840 239 533
1840 360 500
1840 248 66
1840 79 457
1840 69 929
1840 216 625
1840 361 500
1840 418 646
1840 393 657
1840 364 288
1840 298 571
1840 322 859
1840 402 839
1840 416 646
1840 310 667
1840 361 500
1840 285 527
1840 263 566
1840 79 457
1840 261 501
1840 352 838
1860 283 673
1860 373 556
1860 404 823
1860 371 694
1860 259 515
1860 343 849
1860 473 517
1860 238 534
1860 311 178
1860 76 466
1860 66 931
1860 216 625
1860 344 491
1860 386 693
1860 300 569
1860 343 847
1860 310 670
1860 287 528
1860 263 564
1860 77 460
1860 260 502
1860 312 179
1860 354 839
1880 282 666
1880 378 507
1880 401 826
1880 331 754
1880 432 501
1880 240 533
1880 379 507
1880 466 434
1880 346 513
1880 66 528
1880 65 526
1880 52 878
1880 217 626
1880 431 501
1880 299 568
1880 328 758
1880 312 670
1880 284 526
1880 262 564
1880 282 527
1880 59 875
1880 268 498
1880 356 832
1900 282 677
1900 353 475
1900 403 825
1900 355 831
1900 438 450
1900 240 531
1900 384 496
1900 434 386
1900 345 512
1900 352 836
1900 62 640
1900 215 621
1900 353 478
1900 479 748
1900 87 772
1900 434 451
1900 465 825
1900 295 568
1900 59 779
1900 476 748
1900 314 670
1900 229 716
1900 354 473
1900 286 526
1900 264 560
1900 262 499
1900 233 693
1900 355 831
1920 283 668
1920 401 870
1920 268 561
1920 356 825
1920 403 392
1920 238 536
1920 175 608
1920 178 606
1920 297 442
1920 396 543
1920 401 344
1920 363 845
1920 81 691
1920 217 627
1920 314 467
1920 397 542
1920 404 348
1920 457 708
1920 297 569
1920 420 911
1920 155 638
1920 407 899
1920 32 748
1920 457 708
1920 297 439
1920 303 665
1920 387 748
1920 107 682
1920 156 637
1920 284 528
1920 268 573
1920 265 502
1920 398 339
1920 358 832
1940 297 695
1940 398 831
1940 145 494
1940 346 735
1940 238 534
1940 462 283
1940 364 980
1940 419 321
1940 357 836
1940 71 597
1940 146 494
1940 216 628
1940 422 569
1940 286 727
1940 384 286
1940 463 872
1940 386 264
1940 298 573
1940 243 455
1940 459 873
1940 309 671
1940 359 980
1940 283 530
1940 267 566
1940 278 535
1940 264 505
1940 375 292
1940 127 514
1960 298 674
1960 388 857
1960 352 825
1960 430 549
1960 240 532
1960 425 219
1960 69 515
1960 119 383
1960 368 840
1960 67 516
1960 65 510
1960 221 627
1960 392 224
1960 420 558
1960 425 951
1960 306 1064
1960 424 552
1960 368 176
1960 300 568
1960 352 827
1960 414 955
1960 215 474
1960 335 203
1960 89 406
1960 287 528
1960 264 568
1960 89 503
1960 191 748
1960 266 503
1960 334 203
1960 373 854
1960 90 409
1980 279 661
1980 362 482
1980 398 823
1980 353 824
1980 238 539
1980 147 717
1980 311 122
1980 373 473
1980 41 274
1980 377 1050
1980 375 1039
1980 371 855
1980 214 627
1980 266 1169
1980 251 1151
1980 453 888
1980 423 64
1980 299 569
1980 152 727
1980 451 885
1980 84 756
1980 338 140
1980 358 1024
1980 85 411
1980 287 527
1980 264 570
1980 82 415
1980 265 504
1980 36 187
1980 354 826
1980 102 466
