1800 430 607
1800 300 566
1800 389 815
1800 187 1320
1800 305 660
1800 258 500
1800 306 660
1800 286 1126
1800 269 45
1800 276 664
1800 75 486
1800 75 485
1800 216 627
1800 282 1161
1800 431 607
1800 314 811
1800 286 1119
1800 438 827
1800 389 815
1800 447 599
1800 277 665
1800 234 65
1800 435 826
1800 286 1116
1800 306 661
1800 284 529
1800 263 569
1800 76 486
1800 239 531
1820 404 636
1820 297 567
1820 275 850
1820 355 838
1820 380 840
1820 220 1227
1820 297 670
1820 426 519
1820 259 498
1820 305 665
1820 86 423
1820 411 639
1820 356 835
1820 421 385
1820 426 514
1820 217 626
1820 233 1272
1820 452 633
1820 222 1230
1820 418 842
1820 422 383
1820 356 839
1820 452 634
1820 276 662
1820 418 835
1820 304 667
1820 353 670
1820 86 424
1820 284 528
1820 260 563
1820 35 887
1820 87 422
1820 239 531
1820 222 1230
1840 296 564
1840 354 833
1840 384 854
1840 361 612
1840 282 662
1840 258 500
1840 299 663
1840 393 652
1840 152 1339
1840 316 864
1840 317 864
1840 351 838
1840 360 497
1840 79 458
1840 319 863
1840 78 457
1840 218 629
1840 421 645
1840 407 837
1840 282 526
1840 360 611
1840 408 831
1840 307 661
1840 361 610
1840 284 527
1840 261 568
1840 59 910
1840 79 458
1840 238 530
1840 373 296
1860 374 558
1860 295 569
1860 337 853
1860 390 858
1860 370 683
1860 298 657
1860 471 509
1860 258 501
1860 308 665
1860 315 184
1860 313 181
1860 383 697
1860 341 847
1860 471 509
1860 343 489
1860 375 557
1860 76 462
1860 76 461
1860 215 627
1860 374 557
1860 407 843
1860 284 527
1860 344 493
1860 344 493
1860 348 836
1860 308 667
1860 371 686
1860 315 183
1860 286 526
1860 261 568
1860 56 917
1860 76 462
1860 237 533
1860 386 701
1880 378 505
1880 295 558
1880 64 530
1880 351 826
1880 403 834
1880 306 659
1880 433 499
1880 265 490
1880 312 662
1880 296 160
1880 352 831
1880 307 740
1880 466 436
1880 432 498
1880 378 507
1880 64 531
1880 48 867
1880 218 629
1880 320 740
1880 271 497
1880 467 435
1880 345 512
1880 391 87
1880 346 513
1880 408 839
1880 379 507
1880 306 668
1880 333 754
1880 353 854
1880 286 526
1880 265 565
1880 44 865
1880 239 529
1900 227 714
1900 390 494
1900 296 561
1900 353 826
1900 394 854
1900 302 662
1900 260 495
1900 230 692
1900 429 381
1900 32 182
1900 354 828
1900 353 825
1900 446 404
1900 228 719
1900 227 719
1900 427 449
1900 353 474
1900 430 448
1900 356 477
1900 64 646
1900 56 774
1900 216 628
1900 84 759
1900 285 527
1900 430 381
1900 461 824
1900 344 502
1900 353 826
1900 62 645
1900 465 823
1900 305 666
1900 286 526
1900 260 561
1900 238 526
1900 354 473
1900 228 721
1920 396 540
1920 282 610
1920 454 712
1920 354 821
1920 299 436
1920 377 863
1920 296 647
1920 265 501
1920 179 606
1920 305 660
1920 156 632
1920 404 365
1920 347 841
1920 393 377
1920 401 346
1920 318 468
1920 77 685
1920 217 629
1920 299 436
1920 424 923
1920 76 684
1920 400 353
1920 356 826
1920 455 710
1920 178 605
1920 77 687
1920 408 894
1920 108 675
1920 298 436
1920 281 526
1920 265 566
1920 239 532
1920 397 345
1920 392 361
1920 394 751
1940 298 570
1940 347 837
1940 396 843
1940 232 430
1940 300 665
1940 253 505
1940 146 492
1940 299 665
1940 464 287
1940 126 519
1940 357 983
1940 345 838
1940 408 306
1940 353 730
1940 68 595
1940 218 631
1940 353 986
1940 359 980
1940 422 567
1940 343 742
1940 283 738
1940 282 530
1940 422 307
1940 386 266
1940 460 871
1940 373 294
1940 307 670
1940 353 730
1940 125 523
1940 284 528
1940 272 554
1940 233 430
1940 239 529
1940 127 514
1940 99 582
1940 371 294
1940 371 295
1940 145 492
1960 418 559
1960 299 568
1960 325 1068
1960 357 831
1960 391 840
1960 181 756
1960 302 665
1960 431 553
1960 265 501
1960 303 668
1960 162 442
1960 434 191
1960 368 179
1960 350 824
1960 244 715
1960 163 443
1960 425 318
1960 85 502
1960 161 444
1960 64 508
1960 221 626
1960 389 223
1960 122 380
1960 163 443
1960 419 561
1960 316 1078
1960 428 939
1960 365 202
1960 334 205
1960 87 507
1960 366 843
1960 214 475
1960 430 937
1960 173 750
1960 302 671
1960 335 205
1960 413 945
1960 90 403
1960 284 529
1960 268 553
1960 87 504
1960 246 719
1960 295 1069
1960 304 1071
1960 123 378
1960 173 749
1980 298 566
1980 352 826
1980 397 823
1980 287 656
1980 263 500
1980 308 664
1980 175 484
1980 425 52
1980 106 280
1980 329 130
1980 355 1020
1980 350 824
1980 356 485
1980 403 1039
1980 215 627
1980 353 1025
1980 270 1168
1980 361 1025
1980 385 85
1980 149 725
1980 452 884
1980 245 1153
1980 398 825
1980 398 829
1980 260 1160
1980 298 567
1980 403 1042
1980 80 413
1980 75 419
1980 285 527
1980 263 565
1980 86 427
1980 238 535
1980 78 428
1980 371 470
1980 397 832
1980 105 464
1980 175 483
