1800 305 659
1800 287 1121
1800 90 489
1800 396 824
1800 373 761
1800 241 534
1800 236 60
1800 192 1267
1800 237 65
1800 82 481
1800 215 631
1800 288 1121
1800 430 611
1800 285 1122
1800 446 825
1800 296 573
1800 426 819
1800 307 665
1800 449 607
1800 286 528
1800 264 572
1800 83 485
1800 258 499
1800 282 671
1820 282 677
1820 432 512
1820 382 846
1820 225 1262
1820 408 643
1820 432 513
1820 245 529
1820 36 886
1820 217 627
1820 229 1283
1820 402 639
1820 420 631
1820 353 673
1820 417 390
1820 419 837
1820 296 557
1820 231 1252
1820 420 837
1820 306 666
1820 457 649
1820 90 420
1820 286 529
1820 261 569
1820 260 499
1840 284 671
1840 407 829
1840 379 851
1840 393 656
1840 246 533
1840 153 1343
1840 364 620
1840 82 455
1840 37 905
1840 217 625
1840 392 656
1840 413 650
1840 365 289
1840 297 572
1840 357 836
1840 425 653
1840 372 499
1840 409 830
1840 311 671
1840 284 528
1840 262 567
1840 81 456
1840 260 501
1840 363 287
1860 294 680
1860 404 841
1860 387 858
1860 381 700
1860 472 512
1860 243 536
1860 314 179
1860 341 501
1860 342 849
1860 78 460
1860 217 628
1860 385 698
1860 368 692
1860 302 572
1860 353 829
1860 343 509
1860 403 826
1860 309 671
1860 375 556
1860 314 181
1860 287 528
1860 261 567
1860 52 915
1860 79 464
1860 257 505
1880 299 682
1880 72 538
1880 406 836
1880 434 499
1880 388 854
1880 338 750
1880 433 502
1880 245 534
1880 346 516
1880 334 756
1880 310 736
1880 359 837
1880 66 529
1880 46 868
1880 221 629
1880 468 431
1880 297 567
1880 333 755
1880 379 521
1880 406 823
1880 306 670
1880 380 516
1880 283 526
1880 258 563
1880 79 865
1880 271 501
1880 321 727
1880 350 513
1900 292 706
1900 398 856
1900 387 496
1900 387 858
1900 437 418
1900 250 530
1900 241 705
1900 233 725
1900 345 503
1900 236 695
1900 354 830
1900 218 624
1900 78 664
1900 434 390
1900 467 834
1900 297 568
1900 351 841
1900 74 773
1900 355 484
1900 405 828
1900 388 494
1900 287 528
1900 263 559
1900 259 499
1900 237 705
1920 184 611
1920 281 666
1920 395 871
1920 389 871
1920 297 440
1920 431 696
1920 428 435
1920 252 551
1920 413 882
1920 296 440
1920 361 829
1920 219 635
1920 109 675
1920 456 712
1920 100 684
1920 400 357
1920 375 367
1920 300 588
1920 348 844
1920 180 607
1920 414 890
1920 454 712
1920 332 477
1920 413 828
1920 158 643
1920 300 570
1920 395 546
1920 283 531
1920 265 566
1920 266 505
1940 288 688
1940 103 592
1940 398 841
1940 382 861
1940 461 870
1940 238 536
1940 464 298
1940 364 990
1940 415 296
1940 355 734
1940 95 595
1940 359 845
1940 221 630
1940 423 571
1940 289 736
1940 285 769
1940 361 985
1940 367 295
1940 464 867
1940 298 573
1940 371 295
1940 348 848
1940 470 857
1940 127 516
1940 401 826
1940 290 582
1940 101 592
1940 282 532
1940 265 568
1940 259 510
1940 373 296
1940 127 518
1960 284 674
1960 81 503
1960 401 875
1960 393 844
1960 123 379
1960 242 532
1960 199 749
1960 432 185
1960 121 380
1960 367 844
1960 65 508
1960 219 627
1960 424 558
1960 299 570
1960 354 856
1960 418 951
1960 406 838
1960 349 208
1960 286 529
1960 266 571
1960 77 506
1960 266 503
1960 262 737
1960 371 231
1960 164 441
1960 295 1069
1980 278 671
1980 401 830
1980 386 489
1980 388 861
1980 93 426
1980 243 1170
1980 355 828
1980 243 538
1980 178 485
1980 336 120
1980 47 283
1980 354 830
1980 218 627
1980 242 1159
1980 454 884
1980 303 567
1980 155 723
1980 355 828
1980 91 756
1980 180 483
1980 400 823
1980 378 482
1980 366 1016
1980 76 413
1980 286 529
1980 264 566
1980 90 415
1980 266 503
1980 113 250
1980 179 486
1980 164 725
