1800 309 665
1800 424 818
1800 455 622
1800 241 536
1800 284 1139
1800 242 58
1800 246 66
1800 76 487
1800 218 630
1800 433 611
1800 374 784
1800 280 674
1800 303 1201
1800 443 838
1800 298 567
1800 320 813
1800 402 834
1800 457 863
1800 308 664
1800 286 531
1800 265 584
1800 77 488
1800 260 502
1800 289 1117
1820 299 668
1820 419 840
1820 277 853
1820 226 1271
1820 421 638
1820 429 523
1820 242 547
1820 355 681
1820 421 385
1820 39 898
1820 219 631
1820 410 642
1820 230 1290
1820 418 643
1820 365 847
1820 221 1236
1820 281 666
1820 276 853
1820 427 523
1820 421 834
1820 300 572
1820 389 849
1820 454 646
1820 418 643
1820 310 668
1820 285 531
1820 262 568
1820 32 889
1820 262 509
1820 363 842
1840 297 666
1840 407 834
1840 365 621
1840 323 872
1840 244 530
1840 364 506
1840 153 1350
1840 367 504
1840 326 868
1840 358 833
1840 54 917
1840 218 630
1840 394 658
1840 419 647
1840 381 855
1840 284 674
1840 365 293
1840 374 301
1840 299 574
1840 160 1366
1840 406 844
1840 396 654
1840 420 646
1840 311 671
1840 385 659
1840 285 534
1840 263 577
1840 262 507
1840 358 832
1860 299 664
1860 409 837
1860 374 566
1860 240 537
1860 317 186
1860 374 564
1860 365 703
1860 472 521
1860 376 560
1860 386 711
1860 350 845
1860 47 924
1860 217 632
1860 391 703
1860 356 833
1860 281 671
1860 300 574
1860 404 838
1860 385 716
1860 345 503
1860 310 671
1860 380 704
1860 286 534
1860 262 584
1860 261 511
1860 356 839
1880 300 667
1880 433 501
1880 241 535
1880 380 519
1880 336 755
1880 433 505
1880 378 522
1880 67 537
1880 48 874
1880 222 632
1880 468 438
1880 366 847
1880 280 663
1880 434 498
1880 299 573
1880 328 770
1880 407 831
1880 246 538
1880 308 668
1880 350 517
1880 286 531
1880 262 576
1880 69 875
1880 70 539
1880 274 512
1880 353 844
1900 298 665
1900 407 834
1900 458 410
1900 433 449
1900 244 532
1900 390 496
1900 234 719
1900 436 446
1900 366 494
1900 65 650
1900 70 660
1900 219 631
1900 353 837
1900 277 674
1900 343 1197
1900 88 757
1900 441 457
1900 461 427
1900 461 831
1900 301 572
1900 408 835
1900 60 780
1900 473 837
1900 355 488
1900 312 669
1900 230 719
1900 353 503
1900 287 539
1900 266 573
1900 266 511
1900 230 724
1900 225 636
1900 235 726
1900 353 840
1920 181 609
1920 303 665
1920 404 848
1920 402 356
1920 409 397
1920 244 548
1920 180 612
1920 184 616
1920 110 691
1920 407 382
1920 85 692
1920 359 849
1920 221 635
1920 38 754
1920 378 866
1920 287 660
1920 89 692
1920 396 543
1920 313 469
1920 430 398
1920 401 375
1920 298 584
1920 409 871
1920 157 644
1920 421 921
1920 388 750
1920 328 489
1920 307 669
1920 314 467
1920 284 537
1920 266 589
1920 269 515
1920 301 442
1920 353 853
1940 297 702
1940 103 598
1940 400 828
1940 365 977
1940 148 498
1940 243 548
1940 236 433
1940 456 317
1940 351 736
1940 364 996
1940 419 306
1940 360 735
1940 353 835
1940 356 988
1940 219 629
1940 391 262
1940 423 575
1940 344 752
1940 281 672
1940 360 300
1940 378 309
1940 457 878
1940 299 580
1940 400 831
1940 465 872
1940 148 504
1940 309 674
1940 377 301
1940 103 598
1940 285 532
1940 266 580
1940 101 595
1940 263 507
1940 395 268
1940 348 834
1940 152 505
1960 302 674
1960 304 1067
1960 397 845
1960 162 444
1960 426 548
1960 218 478
1960 437 194
1960 39 307
1960 219 475
1960 261 730
1960 354 841
1960 361 866
1960 68 519
1960 223 630
1960 390 231
1960 426 559
1960 385 857
1960 172 748
1960 414 961
1960 262 710
1960 428 549
1960 374 224
1960 300 573
1960 399 849
1960 426 956
1960 165 443
1960 347 215
1960 71 520
1960 222 630
1960 90 412
1960 286 536
1960 264 585
1960 86 511
1960 193 749
1960 191 755
1960 266 507
1960 393 241
1960 189 752
1960 346 844
1960 97 414
1960 308 1079
1980 298 669
1980 416 843
1980 241 549
1980 421 62
1980 159 723
1980 324 137
1980 370 484
1980 83 304
1980 344 107
1980 390 1057
1980 400 1052
1980 364 491
1980 353 836
1980 222 632
1980 250 1173
1980 389 859
1980 281 658
1980 92 755
1980 453 889
1980 301 572
1980 161 724
1980 399 831
1980 469 924
1980 108 466
1980 310 672
1980 363 1035
1980 79 415
1980 286 531
1980 265 588
1980 267 509
1980 112 252
1980 353 830
1980 103 469
1980 175 487
1980 432 1051
