1800 304 654
1800 387 789
1800 317 809
1800 442 823
1800 238 536
1800 278 1142
1800 233 56
1800 182 1284
1800 235 65
1800 316 810
1800 75 483
1800 212 630
1800 288 1186
1800 436 597
1800 288 1121
1800 274 664
1800 440 821
1800 282 553
1800 182 1273
1800 369 756
1800 274 663
1800 447 602
1800 436 824
1800 306 658
1800 282 526
1800 262 571
1800 76 483
1800 251 493
1820 275 653
1820 416 835
1820 383 846
1820 222 1253
1820 352 675
1820 417 383
1820 238 534
1820 268 850
1820 357 676
1820 358 838
1820 32 876
1820 216 626
1820 226 1287
1820 208 1234
1820 453 625
1820 410 401
1820 455 630
1820 296 552
1820 220 1255
1820 274 667
1820 419 633
1820 297 663
1820 284 525
1820 259 564
1820 260 500
1820 286 637
1840 279 653
1840 289 550
1840 384 853
1840 393 652
1840 235 526
1840 394 657
1840 147 1341
1840 367 627
1840 362 834
1840 33 888
1840 215 625
1840 368 296
1840 361 490
1840 292 560
1840 159 1352
1840 274 666
1840 420 640
1840 293 659
1840 361 492
1840 283 528
1840 258 564
1840 78 900
1840 79 454
1840 256 500
1840 360 290
1860 277 655
1860 389 857
1860 385 692
1860 477 490
1860 239 531
1860 311 174
1860 358 696
1860 356 833
1860 78 467
1860 24 898
1860 214 622
1860 374 554
1860 476 500
1860 369 687
1860 471 499
1860 337 501
1860 297 570
1860 270 660
1860 478 496
1860 404 821
1860 307 669
1860 284 528
1860 259 568
1860 80 929
1860 79 467
1860 247 505
1880 273 659
1880 400 828
1880 387 858
1880 328 750
1880 476 431
1880 241 529
1880 357 832
1880 64 531
1880 43 860
1880 217 623
1880 470 429
1880 263 658
1880 377 514
1880 294 561
1880 310 731
1880 340 764
1880 263 654
1880 71 858
1880 297 669
1880 380 509
1880 283 526
1880 259 564
1880 270 497
1880 349 511
1900 226 718
1900 228 713
1900 271 659
1900 452 428
1900 388 858
1900 236 728
1900 433 439
1900 236 527
1900 225 692
1900 344 504
1900 228 714
1900 61 651
1900 356 833
1900 215 619
1900 479 646
1900 256 661
1900 429 377
1900 347 486
1900 295 556
1900 268 661
1900 465 719
1900 468 832
1900 301 668
1900 382 492
1900 284 530
1900 259 553
1900 261 500
1900 231 724
1920 178 610
1920 283 654
1920 409 885
1920 384 855
1920 385 729
1920 425 432
1920 238 532
1920 175 606
1920 99 684
1920 405 879
1920 290 437
1920 79 687
1920 359 832
1920 219 627
1920 94 682
1920 401 348
1920 297 439
1920 316 472
1920 362 369
1920 438 916
1920 273 598
1920 367 818
1920 154 641
1920 420 906
1920 278 664
1920 455 707
1920 309 459
1920 393 735
1920 284 658
1920 104 678
1920 154 641
1920 282 532
1920 262 559
1920 265 505
1920 151 645
1920 177 609
1940 297 664
1940 79 593
1940 401 828
1940 126 526
1940 457 874
1940 353 977
1940 239 531
1940 462 294
1940 375 992
1940 405 291
1940 73 596
1940 356 841
1940 214 621
1940 378 293
1940 421 563
1940 360 977
1940 465 875
1940 293 569
1940 347 730
1940 472 865
1940 271 662
1940 143 502
1940 148 501
1940 302 666
1940 85 598
1940 279 531
1940 271 560
1940 251 500
1940 376 291
1940 126 520
1940 147 500
1960 291 662
1960 402 962
1960 390 847
1960 214 493
1960 213 476
1960 433 196
1960 418 285
1960 362 843
1960 64 509
1960 209 612
1960 321 1080
1960 247 1266
1960 429 548
1960 248 715
1960 425 982
1960 435 938
1960 298 565
1960 190 753
1960 424 948
1960 274 680
1960 20 540
1960 212 481
1960 299 667
1960 352 213
1960 313 1066
1960 283 531
1960 265 568
1960 75 506
1960 166 745
1960 264 502
1960 175 748
1960 386 112
1960 161 441
1980 274 651
1980 399 828
1980 392 843
1980 89 420
1980 239 1168
1980 237 533
1980 326 133
1980 49 273
1980 399 1028
1980 356 834
1980 215 620
1980 222 1251
1980 281 1207
1980 402 1043
1980 260 655
1980 362 485
1980 459 879
1980 297 565
1980 159 719
1980 353 824
1980 272 663
1980 332 88
1980 459 883
1980 297 659
1980 371 476
1980 75 422
1980 283 528
1980 263 570
1980 265 504
1980 106 264
1980 291 660
1980 174 484
