1800 306 657
1800 457 625
1800 240 534
1800 288 1152
1800 258 36
1800 244 58
1800 76 500
1800 217 629
1800 435 611
1800 318 813
1800 288 1124
1800 443 837
1800 301 567
1800 370 768
1800 431 814
1800 392 823
1800 287 1118
1800 308 663
1800 281 533
1800 264 570
1800 45 928
1800 76 487
1800 260 501
1800 276 665
1800 390 812
1820 299 667
1820 229 1282
1820 430 527
1820 239 534
1820 281 852
1820 429 515
1820 361 844
1820 421 386
1820 413 639
1820 32 950
1820 218 628
1820 231 1276
1820 417 645
1820 430 512
1820 300 570
1820 227 1259
1820 412 648
1820 36 893
1820 420 839
1820 307 668
1820 355 675
1820 279 852
1820 85 421
1820 285 531
1820 261 569
1820 36 918
1820 85 421
1820 262 502
1820 383 847
1840 287 665
1840 367 631
1840 240 530
1840 364 500
1840 277 669
1840 357 835
1840 396 659
1840 363 617
1840 82 460
1840 218 628
1840 419 649
1840 322 864
1840 281 671
1840 159 1340
1840 299 570
1840 407 834
1840 363 616
1840 308 673
1840 367 291
1840 285 531
1840 258 578
1840 64 921
1840 81 458
1840 261 501
1840 371 294
1840 369 291
1840 381 855
1840 365 499
1860 301 665
1860 374 558
1860 476 510
1860 238 534
1860 316 186
1860 281 666
1860 344 849
1860 385 697
1860 78 467
1860 216 625
1860 344 499
1860 301 569
1860 385 703
1860 405 835
1860 311 671
1860 372 688
1860 317 187
1860 286 530
1860 263 569
1860 89 924
1860 77 463
1860 259 504
1880 300 663
1880 434 505
1880 241 534
1880 379 510
1880 352 845
1880 467 437
1880 68 536
1880 66 535
1880 45 878
1880 218 626
1880 346 515
1880 327 760
1880 433 502
1880 300 567
1880 406 829
1880 310 667
1880 286 529
1880 260 567
1880 58 875
1880 269 497
1880 384 854
1900 298 662
1900 241 532
1900 233 696
1900 390 497
1900 356 826
1900 431 386
1900 59 774
1900 221 644
1900 353 475
1900 234 699
1900 89 771
1900 437 455
1900 466 824
1900 300 568
1900 396 847
1900 474 823
1900 63 646
1900 408 832
1900 309 668
1900 66 649
1900 228 716
1900 287 526
1900 263 565
1900 266 503
1900 232 701
1900 354 834
1900 354 476
1920 293 663
1920 408 901
1920 239 538
1920 178 608
1920 397 543
1920 351 842
1920 383 367
1920 385 383
1920 297 440
1920 26 972
1920 220 631
1920 315 465
1920 420 918
1920 26 689
1920 301 568
1920 389 740
1920 381 866
1920 302 665
1920 107 688
1920 382 378
1920 156 641
1920 297 565
1920 267 569
1920 299 445
1920 39 993
1920 266 503
1920 394 404
1920 298 443
1920 379 861
1940 296 673
1940 355 987
1940 356 985
1940 424 572
1940 239 534
1940 149 501
1940 465 289
1940 129 517
1940 423 580
1940 288 734
1940 350 835
1940 422 319
1940 71 598
1940 101 588
1940 218 627
1940 388 267
1940 423 570
1940 286 727
1940 421 315
1940 237 435
1940 464 871
1940 299 572
1940 263 476
1940 358 729
1940 470 871
1940 71 598
1940 401 829
1940 242 445
1940 308 670
1940 370 300
1940 31 397
1940 284 530
1940 270 562
1940 258 506
1940 370 303
1940 372 296
1940 372 863
1940 130 514
1940 148 499
1960 302 670
1960 429 944
1960 252 725
1960 437 553
1960 217 474
1960 161 444
1960 440 190
1960 189 756
1960 436 556
1960 189 759
1960 78 414
1960 350 846
1960 66 510
1960 89 509
1960 122 385
1960 66 511
1960 223 624
1960 122 382
1960 313 1077
1960 381 221
1960 422 558
1960 298 672
1960 431 952
1960 246 724
1960 430 550
1960 397 220
1960 370 180
1960 300 569
1960 191 754
1960 383 871
1960 216 475
1960 299 1064
1960 304 669
1960 334 204
1960 90 408
1960 287 529
1960 268 566
1960 92 507
1960 266 503
1960 255 731
1960 336 206
1960 189 759
1960 300 1066
1960 378 864
1960 91 415
1960 252 723
1980 300 666
1980 361 1027
1980 237 537
1980 426 48
1980 274 1169
1980 330 134
1980 374 480
1980 49 275
1980 405 1047
1980 354 827
1980 105 467
1980 84 754
1980 217 629
1980 449 882
1980 87 754
1980 470 911
1980 368 107
1980 301 568
1980 160 723
1980 474 911
1980 399 827
1980 302 667
1980 88 754
1980 404 1052
1980 79 421
1980 288 528
1980 263 570
1980 87 429
1980 265 503
1980 387 858
1980 108 466
1980 177 485
1980 375 478
