1800 276 665
1800 319 811
1800 397 828
1800 386 801
1800 188 1306
1800 259 59
1800 315 813
1800 242 70
1800 394 821
1800 80 485
1800 293 1174
1800 429 612
1800 284 1130
1800 441 821
1800 296 566
1800 370 763
1800 78 490
1800 447 602
1800 416 811
1800 306 661
1800 283 531
1800 262 574
1800 80 486
1800 256 500
1820 273 672
1820 275 858
1820 383 844
1820 224 1263
1820 410 643
1820 421 385
1820 226 1249
1820 354 675
1820 365 845
1820 37 892
1820 230 1289
1820 451 631
1820 422 832
1820 297 567
1820 223 1253
1820 423 650
1820 425 840
1820 285 530
1820 260 573
1820 258 501
1840 279 672
1840 402 826
1840 379 850
1840 393 657
1840 240 542
1840 427 646
1840 150 1339
1840 324 865
1840 360 831
1840 79 459
1840 361 613
1840 295 565
1840 158 1327
1840 413 641
1840 285 528
1840 259 574
1840 257 502
1860 283 668
1860 401 849
1860 388 856
1860 384 695
1860 477 512
1860 315 177
1860 339 501
1860 370 701
1860 355 840
1860 76 473
1860 478 497
1860 339 506
1860 298 566
1860 342 854
1860 478 501
1860 404 828
1860 307 672
1860 374 556
1860 318 190
1860 285 529
1860 261 561
1860 253 505
1860 374 554
1880 348 511
1880 406 836
1880 377 513
1880 390 857
1880 331 757
1880 471 432
1880 344 516
1880 354 826
1880 469 430
1880 379 511
1880 298 566
1880 305 740
1880 354 835
1880 56 868
1880 432 470
1880 403 824
1880 379 509
1880 286 528
1880 259 566
1880 267 496
1880 348 512
1900 353 477
1900 272 667
1900 399 843
1900 387 493
1900 390 859
1900 435 443
1900 233 709
1900 341 514
1900 229 718
1900 408 827
1900 65 653
1900 354 827
1900 479 745
1900 430 379
1900 355 480
1900 464 839
1900 297 566
1900 354 829
1900 460 826
1900 479 742
1900 388 475
1900 401 831
1900 387 484
1900 285 528
1900 264 558
1900 257 496
1920 271 619
1920 385 866
1920 380 861
1920 456 709
1920 447 425
1920 236 548
1920 178 611
1920 415 880
1920 295 439
1920 298 439
1920 358 822
1920 217 637
1920 102 685
1920 400 361
1920 319 485
1920 298 568
1920 357 822
1920 158 641
1920 410 890
1920 457 711
1920 316 472
1920 395 543
1920 281 530
1920 262 567
1920 265 516
1920 176 609
1940 281 671
1940 75 591
1940 399 820
1940 381 862
1940 350 739
1940 460 874
1940 459 295
1940 465 293
1940 392 274
1940 366 989
1940 396 278
1940 70 595
1940 354 826
1940 423 570
1940 359 984
1940 412 299
1940 380 294
1940 460 876
1940 299 568
1940 349 820
1940 151 499
1940 304 671
1940 85 605
1940 284 531
1940 264 570
1940 259 500
1940 393 275
1940 127 518
1940 456 868
1960 391 842
1960 382 865
1960 427 547
1960 430 184
1960 346 214
1960 360 842
1960 220 628
1960 425 558
1960 425 967
1960 426 188
1960 299 573
1960 426 953
1960 87 405
1960 285 531
1960 264 575
1960 264 504
1960 257 746
1960 193 747
1960 282 673
1960 160 444
1980 269 581
1980 400 822
1980 388 489
1980 387 857
1980 97 451
1980 243 1162
1980 342 145
1980 391 1035
1980 353 828
1980 36 474
1980 253 1179
1980 371 1045
1980 453 882
1980 299 568
1980 352 829
1980 451 884
1980 370 474
1980 367 1029
1980 80 411
1980 284 530
1980 264 578
1980 266 506
1980 172 485
