1800 289 1115
1800 299 568
1800 314 814
1800 276 663
1800 276 664
1800 306 659
1800 240 533
1800 287 1134
1800 263 49
1800 242 66
1800 368 766
1800 437 606
1800 397 828
1800 236 55
1800 76 486
1800 76 487
1800 217 628
1800 287 1141
1800 425 813
1800 276 666
1800 441 828
1800 288 1116
1800 306 661
1800 367 767
1800 284 530
1800 265 570
1800 259 501
1800 277 662
1820 425 516
1820 282 852
1820 298 571
1820 227 1253
1820 359 839
1820 409 640
1820 428 512
1820 239 533
1820 358 838
1820 414 637
1820 422 385
1820 420 836
1820 354 670
1820 357 840
1820 218 627
1820 418 834
1820 353 671
1820 423 386
1820 277 663
1820 381 845
1820 418 632
1820 285 529
1820 262 566
1820 37 880
1820 260 501
1820 277 667
1820 353 672
1840 362 498
1840 297 570
1840 325 858
1840 403 826
1840 240 533
1840 395 655
1840 354 835
1840 363 614
1840 417 645
1840 365 288
1840 405 830
1840 361 619
1840 78 459
1840 353 838
1840 79 459
1840 218 629
1840 276 671
1840 420 647
1840 303 673
1840 285 528
1840 263 567
1840 259 501
1840 277 670
1840 369 291
1840 365 289
1840 363 499
1840 395 654
1860 297 570
1860 374 559
1860 375 560
1860 471 505
1860 239 538
1860 318 184
1860 384 697
1860 353 829
1860 385 699
1860 404 823
1860 374 690
1860 75 464
1860 343 847
1860 75 464
1860 217 628
1860 372 685
1860 307 668
1860 377 693
1860 286 529
1860 263 570
1860 56 915
1860 258 504
1860 279 660
1860 368 686
1880 432 500
1880 298 568
1880 378 508
1880 378 508
1880 432 500
1880 241 534
1880 289 88
1880 354 830
1880 295 566
1880 405 829
1880 67 536
1880 352 833
1880 219 627
1880 403 830
1880 330 749
1880 307 706
1880 467 435
1880 300 566
1880 305 670
1880 285 527
1880 263 567
1880 70 868
1880 268 496
1880 278 662
1880 378 508
1900 385 493
1900 297 565
1900 437 451
1900 241 531
1900 219 629
1900 230 700
1900 431 386
1900 228 716
1900 227 683
1900 227 690
1900 355 830
1900 226 716
1900 431 385
1900 405 825
1900 354 830
1900 57 774
1900 218 627
1900 229 723
1900 88 761
1900 431 386
1900 275 664
1900 461 828
1900 353 473
1900 387 857
1900 86 769
1900 64 644
1900 324 687
1900 286 526
1900 259 554
1900 261 500
1900 280 670
1900 353 472
1920 298 568
1920 454 710
1920 394 543
1920 407 389
1920 239 532
1920 176 604
1920 435 383
1920 355 821
1920 395 541
1920 401 370
1920 401 822
1920 355 825
1920 220 631
1920 156 631
1920 411 351
1920 427 917
1920 381 862
1920 425 919
1920 78 677
1920 78 689
1920 387 739
1920 297 438
1920 281 526
1920 267 566
1920 265 503
1920 278 606
1920 105 683
1920 297 438
1940 424 569
1940 300 570
1940 358 982
1940 358 981
1940 398 824
1940 300 681
1940 238 533
1940 146 495
1940 439 318
1940 349 827
1940 423 570
1940 389 287
1940 399 829
1940 99 579
1940 69 593
1940 352 829
1940 220 629
1940 461 868
1940 350 730
1940 286 741
1940 267 468
1940 423 309
1940 277 664
1940 461 871
1940 373 294
1940 232 432
1940 146 494
1940 358 982
1940 306 669
1940 98 581
1940 126 516
1940 285 528
1940 268 567
1940 261 469
1940 275 664
1940 373 303
1940 356 984
1940 351 729
1940 127 512
1960 418 559
1960 300 569
1960 301 1062
1960 303 1062
1960 432 553
1960 238 533
1960 159 443
1960 434 190
1960 90 406
1960 335 210
1960 121 383
1960 414 948
1960 351 826
1960 380 215
1960 187 753
1960 418 561
1960 400 834
1960 71 513
1960 84 504
1960 351 842
1960 251 725
1960 65 507
1960 222 625
1960 304 1065
1960 406 233
1960 216 474
1960 184 753
1960 279 674
1960 364 207
1960 428 941
1960 216 475
1960 363 835
1960 285 529
1960 267 562
1960 265 503
1960 270 720
1960 325 1069
1980 374 474
1980 270 1164
1980 298 568
1980 357 1027
1980 298 567
1980 240 536
1980 316 127
1980 80 282
1980 332 129
1980 403 1043
1980 352 826
1980 398 832
1980 352 828
1980 68 433
1980 216 629
1980 367 1039
1980 383 108
1980 377 114
1980 450 883
1980 248 1151
1980 370 478
1980 89 754
1980 102 460
1980 82 425
1980 102 459
1980 286 528
1980 265 567
1980 86 420
1980 265 502
1980 362 483
1980 112 263
1980 159 722
1980 369 1043
1980 85 409
