1800 278 661
1800 306 1204
1800 412 828
1800 381 768
1800 239 534
1800 261 58
1800 254 72
1800 316 811
1800 75 486
1800 36 910
1800 210 623
1800 292 1163
1800 375 767
1800 292 1196
1800 445 604
1800 288 1119
1800 278 663
1800 444 833
1800 297 565
1800 320 809
1800 442 834
1800 307 660
1800 284 530
1800 261 569
1800 77 480
1800 256 501
1820 279 669
1820 414 837
1820 432 515
1820 278 856
1820 368 847
1820 227 1260
1820 420 633
1820 431 512
1820 240 533
1820 385 847
1820 36 899
1820 215 624
1820 456 627
1820 352 668
1820 278 674
1820 425 849
1820 300 562
1820 228 1252
1820 425 839
1820 441 673
1820 408 642
1820 308 663
1820 84 423
1820 286 528
1820 260 573
1820 259 498
1840 278 665
1840 323 862
1840 408 831
1840 368 500
1840 377 856
1840 366 622
1840 240 533
1840 155 1345
1840 386 856
1840 355 835
1840 81 453
1840 53 912
1840 214 624
1840 275 677
1840 298 565
1840 341 860
1840 335 862
1840 409 830
1840 431 651
1840 363 492
1840 398 658
1840 308 661
1840 365 494
1840 286 525
1840 257 582
1840 80 455
1840 259 501
1840 373 303
1860 278 655
1860 404 834
1860 374 850
1860 367 686
1860 376 691
1860 475 522
1860 238 535
1860 461 121
1860 318 177
1860 342 494
1860 405 832
1860 310 178
1860 370 687
1860 354 829
1860 76 470
1860 35 915
1860 212 619
1860 408 821
1860 368 686
1860 280 660
1860 300 566
1860 340 851
1860 343 848
1860 344 500
1860 389 698
1860 308 668
1860 374 554
1860 319 186
1860 287 525
1860 260 571
1860 78 465
1860 257 502
1880 276 660
1880 69 535
1880 405 827
1880 378 516
1880 379 858
1880 434 505
1880 242 527
1880 345 509
1880 386 858
1880 318 758
1880 356 832
1880 46 867
1880 215 624
1880 478 438
1880 317 744
1880 277 661
1880 298 561
1880 346 857
1880 350 846
1880 381 519
1880 310 674
1880 378 508
1880 284 523
1880 261 579
1880 64 864
1880 270 494
1880 350 512
1900 275 667
1900 406 834
1900 375 491
1900 371 849
1900 438 454
1900 242 529
1900 354 489
1900 385 855
1900 357 476
1900 352 843
1900 215 624
1900 395 854
1900 92 756
1900 292 680
1900 440 385
1900 461 828
1900 300 568
1900 349 844
1900 350 843
1900 69 762
1900 475 773
1900 357 477
1900 308 667
1900 391 494
1900 288 524
1900 265 566
1900 62 776
1900 264 504
1900 235 710
1900 358 484
1900 472 829
1920 175 603
1920 278 670
1920 409 861
1920 381 845
1920 296 437
1920 451 712
1920 434 493
1920 238 532
1920 173 605
1920 383 861
1920 297 438
1920 424 353
1920 293 442
1920 315 463
1920 82 688
1920 351 841
1920 218 626
1920 295 439
1920 387 789
1920 84 685
1920 391 379
1920 304 589
1920 457 711
1920 302 601
1920 356 852
1920 179 605
1920 422 918
1920 84 786
1920 458 709
1920 454 728
1920 154 635
1920 302 664
1920 280 525
1920 264 567
1920 265 504
1920 297 441
1920 401 344
1920 443 913
1940 289 674
1940 69 594
1940 402 829
1940 362 841
1940 147 501
1940 355 734
1940 238 530
1940 463 288
1940 240 433
1940 379 861
1940 424 312
1940 101 585
1940 353 842
1940 213 624
1940 389 264
1940 423 568
1940 280 723
1940 373 993
1940 275 668
1940 374 297
1940 461 879
1940 297 570
1940 345 857
1940 348 286
1940 360 742
1940 125 513
1940 467 863
1940 307 665
1940 98 583
1940 361 991
1940 284 528
1940 263 569
1940 259 506
1940 378 295
1940 291 713
1940 126 516
1940 469 864
1960 274 694
1960 74 512
1960 404 855
1960 378 849
1960 240 534
1960 211 476
1960 432 197
1960 340 204
1960 88 404
1960 385 865
1960 185 750
1960 362 851
1960 65 511
1960 215 622
1960 399 232
1960 427 552
1960 371 179
1960 299 566
1960 343 845
1960 339 211
1960 350 853
1960 433 945
1960 306 670
1960 88 402
1960 286 527
1960 265 574
1960 74 512
1960 264 503
1960 196 747
1960 440 947
1960 305 1073
1980 280 667
1980 404 829
1980 378 483
1980 364 840
1980 85 429
1980 250 1156
1980 240 536
1980 336 125
1980 43 302
1980 391 854
1980 353 829
1980 215 620
1980 367 1030
1980 282 1184
1980 399 820
1980 279 1213
1980 406 1039
1980 379 1018
1980 87 752
1980 280 659
1980 457 885
1980 368 98
1980 304 562
1980 161 722
1980 353 828
1980 353 829
1980 79 763
1980 368 483
1980 86 424
1980 307 665
1980 365 486
1980 363 1025
1980 72 421
1980 161 722
1980 286 526
1980 262 564
1980 84 408
1980 264 504
1980 159 721
1980 110 250
1980 79 413
1980 172 485
1980 452 929
