1800 297 571
1800 316 813
1800 393 824
1800 308 663
1800 258 502
1800 290 1143
1800 257 61
1800 189 1319
1800 238 59
1800 76 489
1800 215 628
1800 437 606
1800 316 814
1800 439 834
1800 286 1129
1800 439 834
1800 370 773
1800 465 611
1800 21 765
1800 290 1193
1800 308 666
1800 46 439
1800 283 532
1800 262 571
1800 36 889
1800 76 487
1800 400 833
1820 427 523
1820 297 575
1820 385 847
1820 233 1264
1820 300 675
1820 428 523
1820 260 502
1820 414 645
1820 279 852
1820 357 840
1820 426 522
1820 216 627
1820 233 1273
1820 452 638
1820 424 386
1820 360 845
1820 354 673
1820 83 425
1820 284 530
1820 257 572
1820 35 889
1820 238 536
1820 421 836
1840 297 570
1840 384 853
1840 363 626
1840 300 664
1840 258 502
1840 394 658
1840 152 1344
1840 323 867
1840 353 839
1840 361 498
1840 78 459
1840 322 866
1840 78 459
1840 217 627
1840 421 650
1840 379 856
1840 306 655
1840 362 617
1840 284 529
1840 257 574
1840 61 911
1840 240 533
1840 407 833
1840 370 496
1860 295 582
1860 376 557
1860 397 853
1860 372 688
1860 307 664
1860 474 518
1860 258 504
1860 317 187
1860 387 702
1860 344 849
1860 476 507
1860 344 493
1860 376 560
1860 77 466
1860 76 465
1860 216 626
1860 354 833
1860 65 927
1860 312 672
1860 371 693
1860 285 531
1860 260 571
1860 57 921
1860 240 535
1860 404 828
1880 379 510
1880 298 567
1880 398 850
1880 303 675
1880 432 502
1880 271 496
1880 351 846
1880 432 501
1880 345 517
1880 40 1262
1880 373 518
1880 67 538
1880 53 874
1880 219 629
1880 320 761
1880 469 437
1880 346 515
1880 351 849
1880 310 669
1880 330 758
1880 286 529
1880 259 568
1880 51 867
1880 242 536
1880 407 827
1880 379 513
1900 228 717
1900 388 496
1900 297 566
1900 388 860
1900 301 667
1900 439 457
1900 265 503
1900 231 710
1900 352 845
1900 447 404
1900 229 722
1900 435 459
1900 352 483
1900 375 495
1900 58 778
1900 217 627
1900 82 773
1900 61 645
1900 432 455
1900 462 829
1900 347 499
1900 355 827
1900 61 645
1900 325 663
1900 285 529
1900 260 569
1900 408 832
1900 377 493
1920 396 544
1920 298 587
1920 299 438
1920 378 866
1920 302 661
1920 265 505
1920 181 612
1920 175 611
1920 400 347
1920 350 848
1920 399 371
1920 404 360
1920 327 474
1920 218 631
1920 105 682
1920 420 908
1920 77 689
1920 404 360
1920 356 833
1920 455 710
1920 182 612
1920 78 689
1920 424 924
1920 105 682
1920 285 531
1920 264 571
1920 239 536
1920 103 688
1920 398 373
1920 397 365
1920 156 639
1920 411 822
1940 424 569
1940 300 572
1940 359 983
1940 381 863
1940 235 431
1940 260 507
1940 148 502
1940 286 750
1940 441 319
1940 126 523
1940 360 982
1940 351 845
1940 410 305
1940 69 599
1940 217 629
1940 359 983
1940 359 983
1940 422 569
1940 287 738
1940 388 269
1940 463 870
1940 387 287
1940 347 794
1940 308 674
1940 356 731
1940 99 588
1940 284 531
1940 266 568
1940 243 544
1940 284 743
1940 126 520
1940 98 591
1940 375 309
1940 401 830
1940 146 499
1960 419 565
1960 304 1061
1960 298 570
1960 328 1068
1960 381 862
1960 183 758
1960 303 669
1960 432 557
1960 266 504
1960 219 629
1960 437 194
1960 340 213
1960 90 408
1960 369 157
1960 350 849
1960 75 513
1960 85 507
1960 64 515
1960 219 627
1960 371 898
1960 447 172
1960 429 556
1960 171 749
1960 430 951
1960 257 715
1960 388 220
1960 339 209
1960 368 842
1960 217 628
1960 430 944
1960 215 475
1960 336 207
1960 285 531
1960 263 569
1960 85 507
1960 215 475
1960 249 726
1960 304 1061
1960 300 1069
1960 121 383
1980 373 478
1980 298 570
1980 387 861
1980 176 485
1980 296 664
1980 265 502
1980 419 70
1980 102 468
1980 79 289
1980 329 122
1980 377 1068
1980 355 829
1980 160 181
1980 75 425
1980 28 417
1980 219 629
1980 358 1030
1980 271 1174
1980 479 704
1980 153 724
1980 455 888
1980 143 725
1980 456 900
1980 244 1152
1980 353 829
1980 271 1170
1980 404 1046
1980 73 421
1980 285 530
1980 261 571
1980 399 826
1980 106 466
1980 176 485
1980 371 476
