1800 282 535
1800 462 634
1800 258 506
1800 301 663
1800 390 817
1800 303 822
1800 305 662
1800 79 482
1800 35 903
1800 218 626
1800 299 1186
1800 444 606
1800 280 1136
1800 431 612
1800 436 837
1800 298 567
1800 367 758
1800 435 827
1800 262 567
1800 238 537
1820 283 533
1820 221 1247
1820 423 521
1820 258 503
1820 218 1230
1820 297 677
1820 389 844
1820 303 664
1820 77 422
1820 218 623
1820 241 1299
1820 359 684
1820 423 637
1820 246 1309
1820 422 634
1820 419 386
1820 300 569
1820 226 1257
1820 426 651
1820 86 418
1820 260 562
1820 241 542
1820 460 1063
1840 333 882
1840 282 530
1840 256 505
1840 152 1344
1840 285 582
1840 392 855
1840 309 666
1840 362 839
1840 79 456
1840 61 915
1840 218 624
1840 356 610
1840 429 646
1840 381 849
1840 297 572
1840 390 857
1840 417 657
1840 258 565
1840 241 539
1860 372 558
1860 386 699
1860 350 834
1860 283 533
1860 378 557
1860 256 509
1860 307 177
1860 297 670
1860 388 864
1860 307 669
1860 378 712
1860 335 501
1860 350 833
1860 77 458
1860 56 926
1860 217 624
1860 362 694
1860 476 520
1860 332 209
1860 296 569
1860 370 836
1860 379 702
1860 252 543
1860 238 536
1880 283 526
1880 381 510
1880 427 499
1880 266 498
1880 282 566
1880 388 858
1880 302 674
1880 343 520
1880 299 762
1880 353 835
1880 72 874
1880 218 623
1880 471 440
1880 299 571
1880 359 787
1880 313 729
1880 261 571
1880 240 532
1880 301 564
1880 463 1040
1900 245 712
1900 341 476
1900 286 528
1900 398 517
1900 454 423
1900 258 501
1900 458 412
1900 344 521
1900 289 604
1900 388 858
1900 306 668
1900 444 393
1900 336 474
1900 351 840
1900 218 625
1900 379 886
1900 91 751
1900 409 525
1900 241 723
1900 299 570
1900 369 851
1900 458 823
1900 469 758
1900 264 558
1900 241 536
1900 225 729
1920 98 689
1920 384 741
1920 282 531
1920 407 554
1920 440 470
1920 262 505
1920 387 866
1920 302 669
1920 407 372
1920 20 697
1920 354 829
1920 220 634
1920 471 700
1920 413 922
1920 375 856
1920 76 696
1920 396 545
1920 314 466
1920 418 911
1920 294 568
1920 358 822
1920 153 644
1920 452 719
1920 292 438
1920 264 584
1920 235 539
1920 113 686
1940 354 971
1940 370 859
1940 284 532
1940 239 434
1940 138 502
1940 446 284
1940 233 433
1940 391 844
1940 310 668
1940 353 1005
1940 423 320
1940 288 738
1940 351 836
1940 218 621
1940 363 984
1940 265 470
1940 298 570
1940 357 736
1940 460 874
1940 471 876
1940 262 575
1940 236 541
1940 385 268
1940 285 750
1940 377 289
1940 286 743
1940 463 1124
1960 251 724
1960 284 532
1960 427 543
1960 261 507
1960 118 387
1960 400 834
1960 300 675
1960 335 204
1960 359 847
1960 169 434
1960 60 511
1960 214 622
1960 331 1078
1960 291 1071
1960 422 552
1960 403 984
1960 427 543
1960 423 957
1960 345 206
1960 299 569
1960 376 835
1960 259 563
1960 97 504
1960 235 533
1960 369 172
1960 433 981
1980 283 532
1980 388 494
1980 285 677
1980 262 511
1980 72 421
1980 298 570
1980 393 842
1980 301 671
1980 352 1065
1980 349 121
1980 352 835
1980 175 485
1980 73 417
1980 217 616
1980 350 1144
1980 265 1161
1980 176 485
1980 377 869
1980 263 1162
1980 91 750
1980 44 277
1980 295 575
1980 165 724
1980 356 834
1980 456 881
1980 477 934
1980 80 407
1980 260 554
1980 242 540
1980 395 171
1980 89 411
1980 175 485
1980 435 1042
