1800 302 568
1800 396 824
1800 305 656
1800 239 530
1800 292 1140
1800 257 60
1800 257 59
1800 433 607
1800 248 67
1800 237 60
1800 235 55
1800 76 486
1800 368 768
1800 214 629
1800 293 1166
1800 436 605
1800 315 813
1800 287 1119
1800 289 1120
1800 439 827
1800 369 768
1800 441 825
1800 430 820
1800 308 663
1800 285 531
1800 263 570
1800 34 897
1800 259 500
1800 421 813
1820 423 518
1820 298 573
1820 385 847
1820 223 1242
1820 353 672
1820 300 672
1820 425 516
1820 241 531
1820 410 640
1820 278 850
1820 363 845
1820 423 516
1820 421 386
1820 410 638
1820 358 840
1820 1 378
1820 216 625
1820 453 639
1820 420 384
1820 353 674
1820 421 836
1820 421 837
1820 306 668
1820 352 674
1820 285 528
1820 263 564
1820 32 889
1820 260 499
1820 420 834
1840 298 569
1840 386 864
1840 363 618
1840 292 669
1840 241 531
1840 394 656
1840 150 1340
1840 325 867
1840 363 841
1840 394 654
1840 78 459
1840 353 839
1840 78 458
1840 218 627
1840 415 647
1840 409 832
1840 296 564
1840 309 668
1840 364 609
1840 284 529
1840 263 566
1840 56 911
1840 259 499
1840 362 496
1840 408 826
1840 362 496
1860 297 568
1860 403 830
1860 371 683
1860 311 665
1860 471 513
1860 238 535
1860 316 185
1860 375 560
1860 357 832
1860 385 700
1860 375 559
1860 76 465
1860 342 849
1860 8 501
1860 216 627
1860 363 684
1860 343 497
1860 372 685
1860 407 829
1860 310 667
1860 372 689
1860 314 181
1860 284 528
1860 264 566
1860 40 913
1860 257 502
1860 405 825
1860 343 495
1880 433 503
1880 298 565
1880 405 827
1880 433 502
1880 242 531
1880 354 830
1880 433 503
1880 345 515
1880 68 538
1880 66 537
1880 352 831
1880 219 626
1880 327 750
1880 309 737
1880 466 437
1880 345 514
1880 331 754
1880 407 830
1880 298 573
1880 286 526
1880 262 563
1880 66 869
1880 269 494
1880 405 828
1880 378 507
1900 385 495
1900 296 565
1900 395 844
1900 307 666
1900 433 452
1900 239 530
1900 428 384
1900 225 716
1900 355 827
1900 225 709
1900 434 452
1900 354 476
1900 354 826
1900 50 786
1900 216 623
1900 79 771
1900 228 705
1900 85 772
1900 431 385
1900 463 827
1900 352 475
1900 462 824
1900 85 771
1900 61 643
1900 407 834
1900 285 527
1900 261 560
1900 261 497
1900 228 695
1900 350 473
1900 405 826
1900 354 476
1920 397 346
1920 296 568
1920 455 711
1920 380 866
1920 293 655
1920 403 386
1920 239 532
1920 181 609
1920 177 607
1920 177 605
1920 396 544
1920 36 255
1920 407 903
1920 357 820
1920 391 364
1920 297 439
1920 392 358
1920 356 817
1920 220 629
1920 298 440
1920 454 710
1920 82 690
1920 402 358
1920 429 918
1920 316 463
1920 356 823
1920 426 918
1920 77 683
1920 78 683
1920 393 751
1920 298 588
1920 305 666
1920 103 686
1920 282 524
1920 263 566
1920 265 501
1920 103 687
1920 400 354
1920 383 866
1940 298 570
1940 362 979
1940 402 825
1940 306 672
1940 239 530
1940 461 295
1940 353 843
1940 386 272
1940 387 266
1940 70 594
1940 350 823
1940 217 628
1940 149 492
1940 422 569
1940 343 731
1940 287 723
1940 423 311
1940 459 873
1940 125 517
1940 349 731
1940 458 872
1940 404 833
1940 234 431
1940 234 431
1940 308 668
1940 97 588
1940 99 585
1940 284 530
1940 269 560
1940 254 501
1940 371 305
1940 402 825
1940 126 517
1960 300 569
1960 388 861
1960 162 444
1960 307 669
1960 436 556
1960 216 474
1960 161 444
1960 434 198
1960 70 506
1960 418 561
1960 425 953
1960 365 850
1960 377 293
1960 418 562
1960 82 506
1960 354 829
1960 243 728
1960 43 526
1960 222 626
1960 302 1065
1960 433 556
1960 180 756
1960 365 215
1960 334 205
1960 428 945
1960 394 869
1960 215 474
1960 120 376
1960 64 507
1960 286 529
1960 266 554
1960 265 502
1960 244 722
1960 302 1062
1960 318 1066
1960 214 474
1980 374 476
1980 299 567
1980 398 827
1980 304 668
1980 238 536
1980 176 483
1980 401 85
1980 102 465
1980 302 128
1980 326 136
1980 105 284
1980 311 134
1980 355 836
1980 352 827
1980 214 624
1980 361 1019
1980 276 1160
1980 383 88
1980 154 727
1980 88 756
1980 371 103
1980 450 882
1980 336 129
1980 352 827
1980 449 881
1980 398 827
1980 403 1042
1980 285 528
1980 262 568
1980 265 501
1980 359 487
1980 156 724
1980 275 1166
1980 399 828
1980 359 485
1980 370 1047
