1800 372 749
1800 280 520
1800 179 1299
1800 254 497
1800 444 597
1800 415 830
1800 311 634
1800 252 77
1800 71 488
1800 61 985
1800 217 616
1800 312 1129
1800 291 1110
1800 463 611
1800 397 802
1800 285 1117
1800 404 814
1800 302 563
1800 373 749
1800 437 818
1800 263 520
1800 240 527
1800 470 1183
1820 359 835
1820 282 523
1820 256 493
1820 346 680
1820 439 676
1820 210 1231
1820 412 819
1820 348 657
1820 344 674
1820 86 416
1820 47 866
1820 216 610
1820 227 1256
1820 406 641
1820 224 1222
1820 461 1059
1820 379 824
1820 295 547
1820 224 1246
1820 391 803
1820 420 830
1820 264 493
1820 242 531
1820 351 652
1820 467 1120
1840 361 825
1840 282 521
1840 169 1330
1840 374 499
1840 256 492
1840 402 345
1840 349 632
1840 399 798
1840 308 650
1840 385 644
1840 86 447
1840 73 865
1840 221 613
1840 412 645
1840 459 1077
1840 386 837
1840 322 861
1840 397 835
1840 299 550
1840 94 34
1840 446 823
1840 415 644
1840 355 604
1840 347 839
1840 264 515
1840 243 527
1840 468 1036
1860 336 494
1860 343 839
1860 280 524
1860 255 498
1860 320 174
1860 473 523
1860 394 806
1860 362 676
1860 85 451
1860 68 969
1860 219 608
1860 387 855
1860 399 817
1860 299 552
1860 391 818
1860 454 899
1860 337 838
1860 259 524
1860 239 523
1860 470 1060
1880 349 770
1880 282 513
1880 376 502
1880 463 433
1880 261 491
1880 457 512
1880 397 778
1880 319 639
1880 302 635
1880 66 956
1880 216 609
1880 468 551
1880 391 849
1880 430 484
1880 405 817
1880 300 554
1880 413 824
1880 260 543
1880 245 522
1880 334 700
1880 467 1057
1900 338 468
1900 340 871
1900 283 514
1900 374 488
1900 266 495
1900 448 383
1900 256 491
1900 434 421
1900 395 804
1900 314 663
1900 354 469
1900 59 637
1900 212 619
1900 439 379
1900 476 742
1900 381 850
1900 396 493
1900 398 814
1900 302 559
1900 393 828
1900 454 842
1900 467 764
1900 266 501
1900 240 525
1900 470 1074
1920 349 817
1920 366 787
1920 316 466
1920 305 441
1920 459 426
1920 259 502
1920 451 405
1920 394 736
1920 324 611
1920 293 437
1920 393 335
1920 97 681
1920 212 612
1920 331 475
1920 464 703
1920 382 758
1920 284 454
1920 399 542
1920 326 468
1920 402 725
1920 298 548
1920 373 732
1920 114 47
1920 180 600
1920 457 890
1920 450 715
1920 315 456
1920 261 529
1920 236 524
1920 470 1076
1940 345 729
1940 362 707
1940 365 972
1940 285 521
1940 467 296
1940 256 469
1940 145 478
1940 384 253
1940 423 567
1940 397 810
1940 360 977
1940 290 680
1940 93 581
1940 215 600
1940 362 723
1940 277 736
1940 379 837
1940 400 811
1940 301 555
1940 447 832
1940 473 874
1940 149 491
1940 262 462
1940 340 845
1940 264 510
1940 106 590
1940 235 530
1940 379 256
1940 335 741
1940 473 1091
1960 341 838
1960 293 526
1960 423 539
1960 256 500
1960 426 163
1960 421 166
1960 421 90
1960 415 553
1960 405 813
1960 434 149
1960 416 204
1960 82 402
1960 211 610
1960 329 1071
1960 294 1114
1960 398 973
1960 386 800
1960 404 825
1960 348 202
1960 300 556
1960 386 762
1960 443 912
1960 267 511
1960 236 527
1960 395 165
1960 423 941
1980 341 840
1980 281 521
1980 364 477
1980 346 1139
1980 257 501
1980 318 111
1980 42 262
1980 394 806
1980 359 1013
1980 87 401
1980 218 606
1980 277 1160
1980 479 891
1980 402 1025
1980 377 874
1980 280 1148
1980 98 739
1980 398 817
1980 303 555
1980 239 1163
1980 392 810
1980 446 871
1980 475 895
1980 341 848
1980 43 435
1980 265 514
1980 239 524
1980 448 931
