1800 274 665
1800 405 830
1800 427 611
1800 257 503
1800 247 79
1800 392 818
1800 245 62
1800 319 809
1800 368 763
1800 236 79
1800 75 487
1800 213 631
1800 286 1116
1800 428 823
1800 290 1115
1800 284 1118
1800 468 614
1800 287 1117
1800 437 829
1800 297 568
1800 187 1277
1800 281 658
1800 440 830
1800 305 662
1800 281 533
1800 259 574
1800 36 928
1800 75 487
1800 240 538
1820 378 845
1820 228 1255
1820 418 636
1820 258 501
1820 401 863
1820 6 487
1820 35 896
1820 215 628
1820 410 643
1820 354 674
1820 290 678
1820 282 858
1820 424 838
1820 297 568
1820 232 1259
1820 361 676
1820 303 669
1820 283 530
1820 258 577
1820 35 906
1820 240 542
1820 283 665
1820 79 422
1840 374 853
1840 278 673
1840 413 651
1840 430 646
1840 258 501
1840 402 856
1840 316 862
1840 79 456
1840 54 912
1840 216 628
1840 412 659
1840 362 614
1840 279 669
1840 297 570
1840 165 1325
1840 391 658
1840 296 674
1840 363 616
1840 332 868
1840 283 531
1840 258 575
1840 80 458
1840 240 534
1840 362 287
1840 287 665
1860 362 835
1860 297 655
1860 375 559
1860 475 527
1860 258 504
1860 313 177
1860 340 499
1860 401 843
1860 76 464
1860 48 919
1860 216 627
1860 384 703
1860 477 517
1860 284 659
1860 291 584
1860 367 693
1860 34 894
1860 383 700
1860 304 671
1860 369 683
1860 345 844
1860 284 530
1860 258 568
1860 238 534
1880 346 513
1880 297 671
1880 71 544
1880 441 510
1880 356 836
1880 337 748
1880 378 510
1880 265 494
1880 343 509
1880 397 853
1880 467 438
1880 318 680
1880 66 532
1880 45 872
1880 218 625
1880 469 437
1880 297 569
1880 328 754
1880 275 658
1880 344 513
1880 300 676
1880 284 526
1880 257 572
1880 239 534
1880 299 671
1900 270 677
1900 431 449
1900 356 837
1900 294 668
1900 390 506
1900 256 499
1900 348 496
1900 398 858
1900 454 402
1900 346 509
1900 64 652
1900 75 1121
1900 217 626
1900 284 683
1900 463 827
1900 295 568
1900 469 831
1900 278 676
1900 82 760
1900 475 807
1900 351 495
1900 299 670
1900 445 468
1900 286 528
1900 263 569
1900 239 532
1900 288 658
1920 281 677
1920 369 833
1920 295 439
1920 290 661
1920 394 545
1920 461 707
1920 266 508
1920 32 748
1920 448 431
1920 392 864
1920 317 472
1920 409 348
1920 311 462
1920 414 829
1920 106 680
1920 217 635
1920 389 748
1920 407 342
1920 179 608
1920 280 671
1920 83 693
1920 282 611
1920 382 372
1920 303 607
1920 175 605
1920 416 896
1920 279 672
1920 295 442
1920 175 608
1920 175 607
1920 300 662
1920 358 825
1920 280 530
1920 262 567
1920 239 537
1920 156 647
1940 69 604
1940 464 283
1940 372 860
1940 286 671
1940 141 502
1940 343 733
1940 422 573
1940 252 521
1940 126 530
1940 463 289
1940 253 473
1940 393 852
1940 463 288
1940 340 746
1940 292 732
1940 360 982
1940 218 629
1940 137 496
1940 269 470
1940 391 271
1940 475 877
1940 297 718
1940 355 988
1940 226 429
1940 461 288
1940 297 570
1940 359 731
1940 469 873
1940 468 875
1940 128 530
1940 305 678
1940 282 535
1940 263 576
1940 238 539
1940 348 283
1940 391 272
1960 257 725
1960 373 852
1960 294 681
1960 427 548
1960 262 503
1960 209 477
1960 418 246
1960 200 753
1960 407 842
1960 63 508
1960 218 625
1960 157 446
1960 413 978
1960 197 750
1960 356 215
1960 301 571
1960 212 476
1960 47 264
1960 428 949
1960 301 677
1960 119 384
1960 284 530
1960 262 566
1960 81 506
1960 231 535
1960 370 207
1960 374 177
1960 310 1058
1980 292 674
1980 379 488
1980 364 844
1980 285 673
1980 371 482
1980 262 504
1980 84 434
1980 312 89
1980 84 305
1980 399 828
1980 404 1044
1980 350 828
1980 218 626
1980 389 1045
1980 248 1150
1980 277 1138
1980 406 1040
1980 375 1042
1980 264 1168
1980 345 102
1980 297 568
1980 81 428
1980 458 895
1980 463 905
1980 361 491
1980 300 667
1980 73 424
1980 283 530
1980 260 574
1980 86 427
1980 242 545
1980 98 461
1980 172 483
