1800 303 653
1800 287 1124
1800 323 808
1800 399 832
1800 374 764
1800 442 820
1800 241 535
1800 237 68
1800 187 1266
1800 441 826
1800 236 59
1800 242 78
1800 318 810
1800 216 628
1800 291 1192
1800 295 1167
1800 431 610
1800 282 668
1800 286 1114
1800 441 828
1800 302 572
1800 317 813
1800 442 620
1800 429 818
1800 308 661
1800 446 603
1800 287 530
1800 264 574
1800 89 483
1800 261 500
1820 291 666
1820 387 849
1820 433 514
1820 227 1261
1820 356 670
1820 423 838
1820 430 511
1820 241 532
1820 354 674
1820 363 840
1820 35 876
1820 218 627
1820 409 643
1820 453 630
1820 413 412
1820 419 839
1820 301 574
1820 228 1250
1820 447 632
1820 308 667
1820 449 570
1820 285 529
1820 259 580
1820 261 499
1840 298 669
1840 390 863
1840 397 657
1840 242 531
1840 157 1332
1840 359 836
1840 217 626
1840 389 653
1840 361 611
1840 361 291
1840 300 564
1840 354 836
1840 428 650
1840 431 647
1840 310 667
1840 287 527
1840 256 585
1840 76 918
1840 262 501
1840 361 287
1840 364 496
1860 301 663
1860 398 854
1860 387 694
1860 472 511
1860 240 534
1860 314 178
1860 341 499
1860 469 511
1860 373 693
1860 355 829
1860 218 628
1860 375 701
1860 478 522
1860 386 859
1860 342 496
1860 477 520
1860 300 568
1860 355 829
1860 479 523
1860 341 511
1860 311 672
1860 373 554
1860 317 181
1860 287 529
1860 263 566
1860 53 916
1860 261 503
1860 344 500
1880 301 667
1880 390 858
1880 433 499
1880 410 838
1880 339 748
1880 432 500
1880 242 532
1880 345 513
1880 310 745
1880 69 530
1880 356 831
1880 47 854
1880 220 626
1880 476 439
1880 468 432
1880 345 517
1880 300 573
1880 316 744
1880 353 845
1880 75 850
1880 313 672
1880 379 509
1880 288 527
1880 260 573
1880 68 844
1880 71 532
1880 270 495
1880 356 519
1900 298 665
1900 45 652
1900 395 854
1900 382 493
1900 474 819
1900 465 828
1900 429 451
1900 243 526
1900 236 696
1900 346 494
1900 241 704
1900 465 828
1900 354 833
1900 219 625
1900 82 748
1900 434 381
1900 345 508
1900 460 821
1900 297 570
1900 353 842
1900 471 770
1900 354 480
1900 459 818
1900 314 670
1900 389 490
1900 287 528
1900 266 574
1900 265 503
1900 239 728
1900 354 483
1920 184 612
1920 297 659
1920 385 867
1920 299 440
1920 389 740
1920 411 383
1920 243 538
1920 179 608
1920 412 893
1920 296 437
1920 303 439
1920 354 836
1920 219 631
1920 48 763
1920 35 750
1920 401 364
1920 316 467
1920 396 371
1920 292 626
1920 353 842
1920 180 610
1920 419 906
1920 454 711
1920 318 476
1920 400 756
1920 156 633
1920 304 667
1920 397 539
1920 286 537
1920 264 570
1920 266 504
1920 178 610
1940 286 681
1940 74 601
1940 385 856
1940 358 733
1940 466 287
1940 240 532
1940 463 294
1940 373 1002
1940 414 317
1940 354 731
1940 72 593
1940 356 837
1940 215 619
1940 421 574
1940 284 760
1940 362 984
1940 371 305
1940 461 863
1940 300 573
1940 355 835
1940 471 888
1940 128 514
1940 466 860
1940 309 672
1940 98 589
1940 364 978
1940 285 530
1940 266 572
1940 260 506
1940 371 296
1940 127 513
1940 146 490
1940 473 883
1960 296 678
1960 392 851
1960 236 535
1960 431 186
1960 334 203
1960 424 953
1960 363 846
1960 219 625
1960 427 557
1960 369 200
1960 302 569
1960 356 842
1960 423 952
1960 217 474
1960 304 671
1960 357 219
1960 90 399
1960 287 529
1960 264 578
1960 85 501
1960 267 504
1960 256 729
1960 366 203
1960 85 501
1960 165 437
1960 312 1076
1980 292 677
1980 398 836
1980 372 479
1980 92 427
1980 242 1158
1980 242 534
1980 316 124
1980 356 832
1980 68 421
1980 218 625
1980 274 1200
1980 290 1164
1980 401 1035
1980 87 752
1980 457 884
1980 342 111
1980 301 568
1980 356 829
1980 380 490
1980 456 887
1980 308 669
1980 374 482
1980 362 1025
1980 82 410
1980 287 528
1980 264 585
1980 266 503
1980 113 249
1980 175 483
1980 146 722
1980 364 485
