1800 443 606
1800 240 534
1800 278 668
1800 368 767
1800 76 485
1800 238 57
1800 73 492
1800 212 632
1800 284 1174
1800 315 812
1800 293 1146
1800 444 603
1800 442 835
1800 299 568
1800 367 766
1800 438 829
1800 423 811
1800 285 1123
1800 306 662
1800 283 531
1800 260 568
1800 88 903
1800 77 487
1800 257 500
1800 281 1143
1800 368 768
1820 298 674
1820 220 1279
1820 276 856
1820 453 633
1820 237 536
1820 274 852
1820 288 673
1820 360 838
1820 420 387
1820 351 673
1820 217 627
1820 412 643
1820 428 519
1820 299 569
1820 221 1254
1820 357 840
1820 419 841
1820 304 671
1820 351 671
1820 86 421
1820 283 530
1820 258 570
1820 36 901
1820 259 502
1840 276 667
1840 361 618
1840 240 532
1840 278 668
1840 321 865
1840 392 655
1840 79 460
1840 217 627
1840 414 646
1840 315 864
1840 152 1333
1840 298 570
1840 357 833
1840 407 829
1840 296 567
1840 303 667
1840 282 530
1840 257 575
1840 57 913
1840 79 460
1840 257 501
1840 373 301
1840 360 498
1860 279 660
1860 373 560
1860 477 507
1860 238 537
1860 313 184
1860 373 559
1860 300 667
1860 343 848
1860 379 699
1860 388 701
1860 380 695
1860 77 466
1860 215 622
1860 476 507
1860 364 702
1860 475 507
1860 299 568
1860 352 837
1860 407 833
1860 307 668
1860 368 690
1860 283 530
1860 260 570
1860 58 929
1860 77 464
1860 256 505
1860 388 858
1880 379 509
1880 239 534
1880 378 512
1880 302 668
1880 344 518
1880 467 437
1880 68 537
1880 67 538
1880 44 865
1880 219 625
1880 378 509
1880 328 754
1880 433 504
1880 299 568
1880 353 832
1880 407 827
1880 308 669
1880 283 527
1880 258 567
1880 61 861
1880 265 495
1880 378 508
1900 479 738
1900 239 531
1900 227 710
1900 388 494
1900 229 694
1900 302 665
1900 346 493
1900 443 405
1900 71 771
1900 216 626
1900 346 491
1900 478 744
1900 353 827
1900 233 700
1900 86 770
1900 435 447
1900 462 825
1900 298 567
1900 352 835
1900 62 645
1900 403 829
1900 307 666
1900 81 774
1900 227 711
1900 285 528
1900 262 562
1900 260 499
1900 228 685
1900 354 474
1920 412 898
1920 381 870
1920 395 543
1920 458 709
1920 235 538
1920 175 609
1920 396 544
1920 276 663
1920 398 357
1920 297 437
1920 390 745
1920 391 743
1920 217 626
1920 311 470
1920 456 711
1920 425 923
1920 79 688
1920 282 610
1920 355 830
1920 399 831
1920 110 31
1920 179 608
1920 405 882
1920 296 572
1920 301 665
1920 156 636
1920 283 532
1920 263 569
1920 263 503
1920 396 347
1920 298 441
1920 387 774
1920 176 608
1940 281 743
1940 357 983
1940 358 983
1940 358 988
1940 238 533
1940 147 500
1940 448 311
1940 126 521
1940 424 575
1940 300 673
1940 362 983
1940 401 302
1940 358 733
1940 356 736
1940 70 599
1940 99 587
1940 219 627
1940 343 756
1940 285 742
1940 422 571
1940 228 432
1940 463 869
1940 297 572
1940 350 838
1940 70 598
1940 401 825
1940 231 430
1940 307 670
1940 359 733
1940 277 535
1940 268 567
1940 243 481
1940 369 296
1940 353 290
1940 371 295
1940 358 732
1940 126 520
1940 469 858
1960 280 675
1960 297 1065
1960 425 957
1960 431 550
1960 237 532
1960 432 194
1960 419 563
1960 186 756
1960 120 386
1960 302 671
1960 65 510
1960 63 507
1960 119 383
1960 65 512
1960 224 630
1960 122 384
1960 305 1068
1960 440 184
1960 350 829
1960 287 674
1960 180 757
1960 430 951
1960 242 721
1960 426 553
1960 370 208
1960 215 476
1960 362 213
1960 299 570
1960 350 841
1960 428 956
1960 303 671
1960 334 203
1960 87 402
1960 283 532
1960 266 569
1960 80 508
1960 263 503
1960 254 728
1960 335 205
1960 184 755
1960 184 754
1960 96 496
1980 359 1028
1980 171 485
1980 235 539
1980 422 52
1980 160 721
1980 313 122
1980 42 263
1980 292 668
1980 403 1049
1980 101 468
1980 69 431
1980 215 627
1980 275 1219
1980 358 1032
1980 350 826
1980 243 1155
1980 87 755
1980 452 883
1980 339 126
1980 299 569
1980 155 726
1980 351 828
1980 452 888
1980 405 1045
1980 399 830
1980 267 1167
1980 299 567
1980 80 412
1980 283 529
1980 263 571
1980 74 419
1980 264 504
1980 113 254
1980 350 824
1980 359 486
