1800 300 569
1800 394 820
1800 306 659
1800 240 532
1800 291 1169
1800 236 55
1800 77 484
1800 76 488
1800 215 628
1800 292 1187
1800 292 1148
1800 444 600
1800 317 813
1800 293 1192
1800 297 1191
1800 369 766
1800 441 827
1800 431 822
1800 307 663
1800 283 533
1800 265 571
1800 33 900
1800 259 500
1800 400 829
1820 427 518
1820 298 574
1820 383 846
1820 221 1249
1820 304 666
1820 429 512
1820 239 534
1820 86 423
1820 453 634
1820 421 385
1820 422 387
1820 414 638
1820 216 625
1820 452 633
1820 422 385
1820 377 842
1820 422 837
1820 421 839
1820 305 669
1820 354 674
1820 85 422
1820 285 529
1820 263 568
1820 34 907
1820 260 500
1820 223 1236
1820 421 837
1840 298 569
1840 387 861
1840 362 614
1840 304 669
1840 240 533
1840 394 654
1840 151 1335
1840 396 654
1840 362 615
1840 80 457
1840 332 861
1840 79 458
1840 217 626
1840 418 644
1840 324 867
1840 378 855
1840 121 104
1840 307 668
1840 362 612
1840 285 528
1840 262 569
1840 29 903
1840 260 500
1840 371 290
1840 364 499
1840 397 861
1840 362 498
1860 297 569
1860 406 828
1860 371 683
1860 309 668
1860 472 512
1860 239 534
1860 314 183
1860 376 557
1860 386 699
1860 376 557
1860 76 463
1860 342 849
1860 76 467
1860 216 628
1860 343 847
1860 345 496
1860 351 834
1860 311 670
1860 373 694
1860 285 529
1860 263 571
1860 29 916
1860 259 502
1860 406 822
1880 434 500
1880 297 568
1880 406 829
1880 306 742
1880 435 501
1880 242 533
1880 380 506
1880 465 434
1880 345 514
1880 69 537
1880 350 846
1880 53 874
1880 219 626
1880 331 754
1880 317 715
1880 345 515
1880 354 831
1880 307 667
1880 287 526
1880 262 569
1880 56 880
1880 272 498
1880 405 824
1880 380 506
1900 384 494
1900 297 568
1900 403 835
1900 304 664
1900 435 456
1900 240 531
1900 431 385
1900 230 719
1900 226 714
1900 434 454
1900 356 480
1900 354 827
1900 55 784
1900 217 626
1900 88 773
1900 231 711
1900 86 771
1900 431 385
1900 476 748
1900 345 493
1900 355 827
1900 464 825
1900 66 772
1900 63 645
1900 466 817
1900 327 676
1900 286 527
1900 262 566
1900 265 503
1900 229 715
1900 354 475
1900 405 826
1900 379 492
1900 462 1108
1920 437 464
1920 298 571
1920 392 857
1920 300 661
1920 406 389
1920 240 535
1920 183 611
1920 180 607
1920 177 607
1920 408 389
1920 396 540
1920 38 255
1920 412 900
1920 383 381
1920 315 462
1920 381 371
1920 350 834
1920 219 631
1920 299 437
1920 156 634
1920 81 687
1920 398 358
1920 455 710
1920 331 474
1920 357 832
1920 431 915
1920 78 683
1920 77 681
1920 393 892
1920 302 443
1920 303 665
1920 107 679
1920 283 529
1920 273 584
1920 266 503
1920 401 363
1920 408 827
1940 299 570
1940 361 979
1940 391 852
1940 291 716
1940 240 532
1940 146 498
1940 464 289
1940 363 977
1940 390 272
1940 393 285
1940 259 469
1940 71 594
1940 350 828
1940 219 628
1940 423 568
1940 289 724
1940 424 310
1940 373 313
1940 125 518
1940 352 730
1940 460 874
1940 462 869
1940 236 431
1940 307 671
1940 99 587
1940 98 585
1940 284 530
1940 269 567
1940 260 504
1940 368 305
1940 401 826
1940 126 515
1960 301 568
1960 386 863
1960 435 554
1960 241 535
1960 222 625
1960 162 442
1960 437 193
1960 90 409
1960 334 204
1960 421 560
1960 118 389
1960 428 945
1960 369 231
1960 86 507
1960 349 841
1960 251 722
1960 66 512
1960 223 627
1960 267 1241
1960 308 1071
1960 434 555
1960 195 747
1960 252 734
1960 368 204
1960 370 207
1960 367 830
1960 428 947
1960 216 474
1960 123 381
1960 304 669
1960 286 530
1960 266 563
1960 265 503
1960 252 724
1960 189 757
1960 388 859
1960 215 474
1980 368 480
1980 299 568
1980 357 1029
1980 399 830
1980 284 669
1980 240 537
1980 224 632
1980 383 107
1980 262 1165
1980 104 466
1980 332 125
1980 332 126
1980 80 423
1980 352 828
1980 224 628
1980 269 1170
1980 377 98
1980 350 839
1980 161 720
1980 89 754
1980 351 824
1980 452 882
1980 90 755
1980 451 882
1980 304 591
1980 404 1044
1980 77 426
1980 286 528
1980 265 566
1980 266 502
1980 370 481
1980 163 728
1980 247 1151
1980 356 1028
1980 399 825
1980 361 486
