1800 308 664
1800 78 486
1800 430 821
1800 399 835
1800 240 535
1800 294 1163
1800 254 40
1800 238 66
1800 238 56
1800 77 485
1800 38 927
1800 216 630
1800 291 1176
1800 284 1147
1800 432 609
1800 390 814
1800 315 811
1800 285 1140
1800 279 663
1800 288 1120
1800 476 628
1800 303 567
1800 187 1312
1800 317 812
1800 432 824
1800 310 668
1800 286 530
1800 263 568
1800 35 914
1800 78 486
1800 259 501
1800 319 811
1800 375 769
1820 295 672
1820 422 847
1820 395 864
1820 227 1275
1820 354 677
1820 431 513
1820 240 536
1820 351 676
1820 420 383
1820 359 843
1820 10 502
1820 34 914
1820 218 627
1820 228 1221
1820 454 636
1820 369 848
1820 223 1232
1820 431 512
1820 458 637
1820 300 568
1820 423 832
1820 420 633
1820 309 668
1820 88 421
1820 286 528
1820 263 566
1820 30 898
1820 260 499
1820 278 850
1820 89 425
1840 292 674
1840 81 458
1840 394 872
1840 362 612
1840 240 534
1840 364 500
1840 360 829
1840 356 836
1840 82 457
1840 57 916
1840 217 627
1840 423 647
1840 300 569
1840 148 1347
1840 408 834
1840 419 642
1840 311 674
1840 285 530
1840 262 572
1840 68 922
1840 80 456
1840 259 500
1840 365 291
1840 320 865
1840 82 457
1860 296 671
1860 80 467
1860 400 847
1860 372 688
1860 472 514
1860 238 536
1860 315 184
1860 374 560
1860 359 832
1860 348 844
1860 80 467
1860 40 920
1860 215 629
1860 477 518
1860 278 594
1860 475 514
1860 476 510
1860 298 596
1860 323 688
1860 385 699
1860 345 491
1860 286 531
1860 262 568
1860 52 919
1860 79 466
1860 255 503
1860 315 184
1860 370 687
1860 78 463
1880 292 675
1880 63 529
1880 435 499
1880 399 847
1880 328 770
1880 433 502
1880 239 532
1880 379 513
1880 468 435
1880 349 510
1880 353 834
1880 67 533
1880 46 868
1880 219 623
1880 304 785
1880 284 652
1880 435 501
1880 299 568
1880 329 759
1880 65 854
1880 310 676
1880 347 513
1880 284 527
1880 260 565
1880 70 866
1880 271 502
1900 291 672
1900 467 837
1900 388 495
1900 399 848
1900 438 448
1900 241 531
1900 458 401
1900 389 494
1900 433 386
1900 355 487
1900 354 832
1900 84 771
1900 218 623
1900 88 769
1900 479 747
1900 355 833
1900 87 753
1900 430 451
1900 470 832
1900 300 567
1900 323 691
1900 230 724
1900 347 500
1900 287 526
1900 263 566
1900 259 496
1900 235 708
1920 300 664
1920 436 921
1920 405 865
1920 239 536
1920 176 605
1920 398 539
1920 404 369
1920 361 840
1920 85 691
1920 356 820
1920 219 628
1920 378 829
1920 267 621
1920 22 640
1920 299 437
1920 457 713
1920 282 627
1920 423 918
1920 157 640
1920 312 465
1920 304 665
1920 105 683
1920 318 472
1920 282 528
1920 265 562
1920 265 502
1920 398 347
1920 390 743
1940 297 710
1940 397 853
1940 237 536
1940 149 500
1940 465 293
1940 101 590
1940 364 977
1940 237 432
1940 422 306
1940 354 831
1940 72 593
1940 354 826
1940 148 494
1940 219 628
1940 397 270
1940 423 570
1940 268 704
1940 470 864
1940 391 270
1940 299 572
1940 234 432
1940 475 774
1940 128 517
1940 308 673
1940 362 730
1940 362 988
1940 283 530
1940 266 566
1940 259 507
1940 375 294
1940 359 730
1940 128 526
1940 445 1026
1960 299 675
1960 88 507
1960 391 869
1960 123 376
1960 439 556
1960 237 531
1960 429 201
1960 69 510
1960 126 377
1960 362 827
1960 68 512
1960 357 830
1960 66 512
1960 224 629
1960 421 559
1960 256 726
1960 303 1060
1960 420 558
1960 300 569
1960 219 474
1960 429 945
1960 419 958
1960 167 441
1960 306 677
1960 339 201
1960 166 441
1960 195 752
1960 90 405
1960 285 531
1960 265 568
1960 88 507
1960 192 750
1960 266 503
1960 336 204
1960 88 507
1960 315 1072
1980 292 678
1980 90 426
1980 452 886
1980 370 478
1980 397 842
1980 102 462
1980 237 538
1980 420 57
1980 322 125
1980 373 473
1980 38 304
1980 394 1058
1980 354 835
1980 358 833
1980 67 439
1980 219 627
1980 257 1183
1980 269 1178
1980 479 926
1980 253 1156
1980 469 920
1980 301 567
1980 159 723
1980 461 913
1980 405 1043
1980 479 895
1980 304 664
1980 337 127
1980 361 1019
1980 88 409
1980 287 530
1980 263 573
1980 90 430
1980 266 503
1980 105 466
1980 178 484
