1800 418 866
1800 282 531
1800 278 663
1800 259 500
1800 289 1123
1800 306 660
1800 393 825
1800 365 771
1800 74 485
1800 40 918
1800 289 1143
1800 431 614
1800 282 667
1800 283 1127
1800 367 763
1800 418 802
1800 437 827
1800 271 581
1800 35 912
1800 241 533
1820 400 653
1820 285 530
1820 218 1235
1820 278 672
1820 429 517
1820 258 501
1820 222 1262
1820 403 855
1820 438 405
1820 365 848
1820 40 908
1820 218 626
1820 274 856
1820 417 631
1820 229 1264
1820 362 843
1820 418 838
1820 36 893
1820 351 669
1820 267 567
1820 241 535
1840 396 659
1840 284 530
1840 280 675
1840 260 501
1840 397 857
1840 370 854
1840 76 459
1840 49 914
1840 217 627
1840 364 625
1840 417 652
1840 299 569
1840 365 841
1840 427 870
1840 267 569
1840 61 934
1840 243 534
1840 362 289
1840 369 298
1860 340 499
1860 387 698
1860 285 530
1860 375 560
1860 278 683
1860 259 503
1860 309 179
1860 393 851
1860 365 835
1860 74 463
1860 42 916
1860 218 633
1860 373 560
1860 474 523
1860 283 686
1860 301 571
1860 362 835
1860 409 829
1860 32 900
1860 376 557
1860 264 565
1860 55 939
1860 240 534
1880 284 526
1880 378 509
1880 276 666
1880 429 504
1880 272 496
1880 400 840
1880 461 444
1880 345 518
1880 363 842
1880 49 868
1880 219 626
1880 473 443
1880 282 676
1880 428 499
1880 299 567
1880 354 827
1880 309 724
1880 319 772
1880 264 572
1880 243 533
1900 347 477
1900 89 755
1900 288 529
1900 374 492
1900 439 455
1900 262 501
1900 395 852
1900 443 391
1900 338 512
1900 367 840
1900 56 788
1900 220 631
1900 93 748
1900 240 712
1900 432 450
1900 297 567
1900 354 836
1900 474 816
1900 266 556
1900 243 532
1900 239 713
1920 388 752
1920 284 530
1920 265 503
1920 155 653
1920 182 610
1920 394 863
1920 295 443
1920 411 359
1920 374 844
1920 223 640
1920 391 376
1920 417 923
1920 155 650
1920 327 478
1920 421 925
1920 362 818
1920 173 605
1920 459 712
1920 313 462
1920 267 566
1920 240 533
1920 434 917
1940 285 531
1940 267 483
1940 455 299
1940 231 428
1940 230 429
1940 389 824
1940 363 982
1940 416 305
1940 289 740
1940 83 596
1940 365 857
1940 219 627
1940 231 430
1940 364 997
1940 299 570
1940 352 813
1940 408 827
1940 467 869
1940 267 573
1940 98 596
1940 243 539
1940 372 289
1940 124 528
1960 251 727
1960 326 1070
1960 287 530
1960 428 549
1960 264 503
1960 292 1072
1960 342 202
1960 322 204
1960 176 752
1960 119 385
1960 213 478
1960 396 847
1960 184 749
1960 372 853
1960 58 515
1960 221 624
1960 321 1067
1960 421 564
1960 406 965
1960 422 959
1960 364 168
1960 369 839
1960 189 749
1960 268 572
1960 238 536
1960 433 980
1980 84 756
1980 351 842
1980 286 530
1980 235 1186
1980 363 490
1980 278 672
1980 264 506
1980 180 773
1980 25 322
1980 397 829
1980 381 1024
1980 356 835
1980 64 429
1980 23 951
1980 219 625
1980 361 1057
1980 259 1152
1980 283 669
1980 265 1177
1980 57 797
1980 108 279
1980 152 725
1980 353 828
1980 265 1169
1980 268 572
1980 246 540
1980 178 490
1980 139 723
1980 110 463
