1800 275 669
1800 399 836
1800 318 814
1800 239 535
1800 306 661
1800 236 57
1800 369 767
1800 235 54
1800 73 492
1800 217 627
1800 290 1175
1800 432 608
1800 315 812
1800 285 1127
1800 287 1130
1800 443 605
1800 440 825
1800 300 569
1800 368 768
1800 415 818
1800 470 619
1800 307 663
1800 284 529
1800 259 568
1800 75 488
1800 258 501
1820 276 853
1820 277 666
1820 418 835
1820 223 1255
1820 425 517
1820 237 539
1820 273 854
1820 451 638
1820 298 671
1820 422 385
1820 229 50
1820 35 897
1820 217 626
1820 457 632
1820 277 849
1820 222 1255
1820 426 520
1820 225 1276
1820 299 570
1820 357 846
1820 417 634
1820 306 668
1820 84 424
1820 285 530
1820 258 570
1820 37 923
1820 260 501
1820 424 399
1820 351 679
1840 276 671
1840 408 834
1840 364 620
1840 240 534
1840 279 667
1840 360 612
1840 393 655
1840 394 842
1840 77 464
1840 217 627
1840 418 648
1840 391 662
1840 317 865
1840 297 571
1840 352 835
1840 416 649
1840 298 661
1840 284 529
1840 258 577
1840 58 920
1840 80 459
1840 259 501
1840 368 498
1860 275 662
1860 342 497
1860 405 832
1860 370 692
1860 471 513
1860 238 538
1860 314 186
1860 317 186
1860 374 561
1860 301 667
1860 374 559
1860 372 698
1860 74 472
1860 59 940
1860 217 625
1860 342 503
1860 386 701
1860 297 575
1860 345 845
1860 474 524
1860 309 668
1860 76 467
1860 285 530
1860 261 567
1860 53 926
1860 77 466
1860 258 504
1860 316 192
1860 365 698
1880 267 683
1880 351 515
1880 404 840
1880 317 763
1880 465 437
1880 239 536
1880 377 511
1880 300 674
1880 467 437
1880 349 512
1880 66 535
1880 65 535
1880 221 627
1880 432 499
1880 299 570
1880 352 836
1880 296 576
1880 308 669
1880 284 529
1880 258 567
1880 50 872
1880 264 497
1880 335 752
1880 378 514
1900 278 689
1900 356 481
1900 401 833
1900 435 455
1900 240 533
1900 384 496
1900 296 663
1900 431 386
1900 61 647
1900 217 625
1900 64 650
1900 225 719
1900 433 456
1900 463 825
1900 299 571
1900 351 838
1900 87 752
1900 63 648
1900 478 752
1900 307 667
1900 233 731
1900 349 481
1900 286 528
1900 259 561
1900 260 498
1900 375 491
1920 274 666
1920 405 834
1920 447 436
1920 241 539
1920 178 608
1920 179 611
1920 107 678
1920 396 548
1920 301 664
1920 412 898
1920 400 346
1920 393 752
1920 79 688
1920 218 628
1920 317 470
1920 385 741
1920 420 909
1920 81 687
1920 300 443
1920 434 913
1920 284 616
1920 352 833
1920 406 824
1920 181 611
1920 309 464
1920 304 667
1920 107 681
1920 157 639
1920 280 530
1920 270 577
1920 265 503
1920 397 364
1920 299 441
1940 272 680
1940 357 981
1940 401 827
1940 238 534
1940 147 500
1940 436 326
1940 101 589
1940 293 672
1940 418 323
1940 354 736
1940 70 597
1940 71 600
1940 360 980
1940 147 500
1940 218 627
1940 423 570
1940 423 569
1940 387 269
1940 462 872
1940 300 571
1940 348 832
1940 71 604
1940 475 882
1940 299 570
1940 307 670
1940 367 308
1940 283 530
1940 264 568
1940 259 483
1940 143 500
1940 371 299
1940 353 735
1940 127 522
1960 266 699
1960 388 871
1960 164 441
1960 217 473
1960 432 193
1960 334 208
1960 89 412
1960 301 672
1960 422 958
1960 68 518
1960 163 442
1960 66 519
1960 223 629
1960 121 381
1960 435 192
1960 420 564
1960 428 949
1960 246 719
1960 330 1065
1960 423 557
1960 362 214
1960 371 183
1960 301 569
1960 351 837
1960 413 969
1960 214 475
1960 166 442
1960 304 671
1960 335 206
1960 89 411
1960 285 530
1960 262 571
1960 83 509
1960 265 503
1960 256 728
1960 298 1066
1960 189 753
1960 164 442
1960 315 1074
1980 276 661
1980 399 830
1980 114 258
1980 175 484
1980 237 542
1980 180 491
1980 157 721
1980 324 111
1980 361 485
1980 83 294
1980 282 661
1980 392 851
1980 361 1027
1980 66 444
1980 218 627
1980 249 1155
1980 343 1123
1980 87 755
1980 247 1154
1980 452 883
1980 368 109
1980 300 568
1980 148 725
1980 353 829
1980 404 1043
1980 299 568
1980 403 1046
1980 78 417
1980 285 530
1980 263 573
1980 82 423
1980 264 504
1980 113 260
1980 102 465
1980 175 484
1980 368 480
