1800 273 577
1800 390 807
1800 318 805
1800 239 532
1800 286 1125
1800 308 659
1800 368 763
1800 232 52
1800 75 484
1800 32 885
1800 218 619
1800 296 1148
1800 429 605
1800 307 657
1800 287 1114
1800 288 1109
1800 439 814
1800 299 567
1800 185 1297
1800 367 764
1800 393 814
1800 286 1119
1800 307 660
1800 283 530
1800 264 566
1800 36 905
1800 76 484
1800 260 499
1820 276 527
1820 357 834
1820 224 1273
1820 376 789
1820 426 508
1820 239 532
1820 279 849
1820 305 666
1820 417 383
1820 354 667
1820 35 889
1820 217 623
1820 406 634
1820 279 847
1820 422 510
1820 222 1249
1820 300 568
1820 359 840
1820 409 633
1820 405 635
1820 284 526
1820 304 668
1820 285 528
1820 262 561
1820 37 897
1820 260 499
1820 354 669
1840 277 661
1840 385 846
1840 361 497
1840 239 530
1840 361 498
1840 277 664
1840 320 855
1840 362 613
1840 393 657
1840 79 457
1840 218 623
1840 362 498
1840 413 641
1840 290 553
1840 352 828
1840 394 653
1840 413 643
1840 297 567
1840 297 653
1840 286 527
1840 261 567
1840 59 916
1840 80 457
1840 260 499
1840 362 606
1840 362 498
1860 282 659
1860 404 815
1860 374 554
1860 473 516
1860 238 532
1860 311 177
1860 343 490
1860 309 666
1860 374 687
1860 74 459
1860 216 617
1860 343 489
1860 375 691
1860 300 569
1860 473 509
1860 306 666
1860 371 682
1860 287 528
1860 260 558
1860 43 915
1860 77 460
1860 257 502
1860 311 178
1860 366 686
1860 343 490
1880 283 659
1880 402 818
1880 380 505
1880 315 690
1880 432 498
1880 240 531
1880 379 504
1880 307 665
1880 465 430
1880 65 528
1880 45 865
1880 217 615
1880 346 511
1880 432 495
1880 428 502
1880 300 566
1880 331 753
1880 65 527
1880 285 525
1880 307 666
1880 285 527
1880 256 562
1880 267 494
1880 346 512
1900 286 664
1900 402 825
1900 352 470
1900 224 654
1900 434 385
1900 239 529
1900 229 682
1900 430 379
1900 383 490
1900 296 546
1900 428 379
1900 63 769
1900 215 616
1900 352 472
1900 442 392
1900 229 678
1900 89 753
1900 431 380
1900 461 820
1900 287 531
1900 354 820
1900 88 751
1900 478 745
1900 305 664
1900 62 642
1900 230 697
1900 286 526
1900 254 533
1900 259 495
1900 228 685
1900 355 472
1920 279 662
1920 376 857
1920 395 540
1920 423 398
1920 239 535
1920 178 601
1920 80 686
1920 396 540
1920 38 251
1920 302 664
1920 382 850
1920 395 340
1920 385 735
1920 217 624
1920 330 474
1920 417 671
1920 408 889
1920 79 681
1920 299 437
1920 398 338
1920 413 900
1920 301 567
1920 357 815
1920 177 602
1920 447 679
1920 313 465
1920 301 664
1920 108 672
1920 38 253
1920 278 524
1920 264 562
1920 265 501
1920 381 372
1920 300 437
1920 320 470
1940 283 686
1940 360 977
1940 399 810
1940 362 976
1940 414 295
1940 239 531
1940 144 493
1940 461 285
1940 41 230
1940 281 663
1940 362 975
1940 394 271
1940 71 591
1940 69 594
1940 218 621
1940 423 566
1940 386 265
1940 231 430
1940 459 870
1940 301 569
1940 351 736
1940 69 591
1940 308 669
1940 283 529
1940 267 557
1940 250 502
1940 144 491
1940 372 291
1940 127 511
1960 240 715
1960 285 651
1960 388 834
1960 119 379
1960 426 543
1960 247 527
1960 121 380
1960 215 474
1960 438 183
1960 318 1045
1960 191 743
1960 192 743
1960 247 695
1960 44 261
1960 305 668
1960 186 750
1960 361 842
1960 120 382
1960 65 508
1960 219 610
1960 122 379
1960 316 1041
1960 426 546
1960 430 937
1960 319 1040
1960 370 205
1960 216 474
1960 430 934
1960 365 178
1960 301 566
1960 350 825
1960 430 935
1960 304 669
1960 331 201
1960 89 403
1960 286 528
1960 266 559
1960 95 494
1960 265 502
1960 192 745
1960 252 721
1960 366 178
1960 192 745
1960 90 403
1960 160 443
1960 320 1037
1980 267 577
1980 398 823
1980 373 1032
1980 247 1154
1980 373 470
1980 239 532
1980 317 123
1980 360 478
1980 80 276
1980 284 662
1980 398 818
1980 404 1037
1980 82 413
1980 49 405
1980 217 617
1980 363 1024
1980 270 1166
1980 359 483
1980 263 1168
1980 451 883
1980 339 124
1980 300 566
1980 176 732
1980 352 823
1980 451 877
1980 406 1039
1980 63 611
1980 249 1146
1980 299 565
1980 406 1042
1980 83 408
1980 286 528
1980 264 563
1980 88 404
1980 264 502
1980 111 251
1980 87 418
1980 175 484
1980 373 473
