1800 306 661
1800 77 486
1800 421 813
1800 397 828
1800 240 535
1800 302 1160
1800 256 45
1800 235 57
1800 237 74
1800 74 483
1800 37 936
1800 214 631
1800 283 1221
1800 287 1167
1800 432 608
1800 390 814
1800 274 666
1800 295 573
1800 185 1303
1800 315 813
1800 429 817
1800 476 625
1800 308 666
1800 283 530
1800 263 570
1800 76 485
1800 257 500
1820 298 682
1820 418 842
1820 387 854
1820 276 852
1820 225 1273
1820 426 520
1820 428 518
1820 241 534
1820 354 679
1820 419 384
1820 357 845
1820 34 908
1820 216 627
1820 455 631
1820 222 1234
1820 427 521
1820 455 631
1820 299 570
1820 419 841
1820 418 639
1820 415 646
1820 307 670
1820 81 421
1820 284 528
1820 262 563
1820 33 893
1820 258 501
1820 281 865
1820 352 672
1840 301 675
1840 80 459
1840 389 871
1840 362 614
1840 322 864
1840 241 531
1840 364 501
1840 392 650
1840 358 833
1840 78 458
1840 43 904
1840 216 627
1840 298 571
1840 150 1346
1840 404 830
1840 420 647
1840 420 654
1840 303 682
1840 282 530
1840 263 565
1840 71 925
1840 80 458
1840 256 501
1860 295 679
1860 79 471
1860 408 837
1860 400 847
1860 377 700
1860 238 533
1860 314 183
1860 372 556
1860 363 696
1860 341 500
1860 387 700
1860 356 830
1860 76 464
1860 33 912
1860 216 627
1860 474 519
1860 385 705
1860 344 1180
1860 276 665
1860 292 612
1860 470 513
1860 314 681
1860 384 699
1860 318 188
1860 341 500
1860 284 532
1860 261 569
1860 41 925
1860 80 470
1860 254 507
1860 372 693
1880 304 734
1880 389 860
1880 432 501
1880 240 528
1880 378 508
1880 467 436
1880 349 511
1880 27 1306
1880 354 835
1880 69 536
1880 46 863
1880 221 626
1880 344 1196
1880 433 494
1880 299 572
1880 328 762
1880 311 683
1880 345 519
1880 281 526
1880 260 565
1880 54 869
1880 264 495
1880 332 755
1900 298 679
1900 387 494
1900 393 861
1900 239 528
1900 235 704
1900 388 495
1900 236 701
1900 224 666
1900 431 386
1900 353 492
1900 352 835
1900 84 771
1900 51 794
1900 216 625
1900 85 770
1900 345 1178
1900 84 770
1900 429 502
1900 457 412
1900 299 571
1900 64 774
1900 474 774
1900 313 683
1900 341 502
1900 284 531
1900 264 561
1900 257 498
1900 228 725
1900 234 705
1920 300 686
1920 399 893
1920 434 477
1920 239 535
1920 175 606
1920 397 547
1920 401 372
1920 354 837
1920 90 693
1920 217 628
1920 312 466
1920 449 415
1920 385 743
1920 297 440
1920 379 360
1920 458 711
1920 277 613
1920 420 911
1920 156 638
1920 462 727
1920 313 463
1920 302 671
1920 101 686
1920 317 471
1920 282 533
1920 265 569
1920 262 505
1920 398 348
1940 290 729
1940 415 844
1940 385 270
1940 387 862
1940 239 533
1940 150 519
1940 462 297
1940 84 599
1940 368 976
1940 232 431
1940 287 751
1940 419 316
1940 350 838
1940 74 586
1940 151 501
1940 219 628
1940 394 271
1940 421 572
1940 474 891
1940 384 276
1940 298 572
1940 235 430
1940 127 522
1940 306 673
1940 362 730
1940 364 983
1940 281 530
1940 268 564
1940 263 482
1940 374 300
1940 360 726
1940 125 522
1960 318 1074
1960 79 516
1960 389 872
1960 128 381
1960 425 553
1960 238 531
1960 429 202
1960 300 1070
1960 120 382
1960 403 974
1960 363 848
1960 72 514
1960 61 508
1960 218 627
1960 195 749
1960 393 257
1960 420 564
1960 262 751
1960 326 1196
1960 423 555
1960 372 209
1960 297 573
1960 218 475
1960 426 944
1960 416 963
1960 253 726
1960 420 252
1960 164 441
1960 302 672
1960 337 204
1960 165 441
1960 87 405
1960 283 532
1960 263 568
1960 78 512
1960 189 751
1960 263 505
1960 336 212
1960 398 208
1960 92 503
1960 44 261
1960 319 1070
1980 447 884
1980 368 476
1980 397 848
1980 235 537
1980 316 123
1980 363 492
1980 335 99
1980 368 1022
1980 401 1055
1980 362 487
1980 353 831
1980 86 754
1980 64 444
1980 214 628
1980 365 1039
1980 271 1215
1980 276 1179
1980 247 1157
1980 86 755
1980 297 569
1980 153 723
1980 403 1046
1980 85 754
1980 107 465
1980 308 673
1980 362 1019
1980 79 414
1980 283 528
1980 262 570
1980 85 429
1980 264 504
1980 92 293
1980 104 466
1980 176 484
1980 448 1077
