1800 410 830
1800 436 606
1800 261 501
1800 389 814
1800 254 81
1800 371 769
1800 77 490
1800 280 1135
1800 283 1125
1800 288 1138
1800 434 610
1800 432 820
1800 300 573
1800 431 612
1800 285 535
1800 263 577
1800 275 668
1800 241 538
1820 415 645
1820 349 841
1820 226 1248
1820 454 634
1820 277 672
1820 429 521
1820 261 501
1820 225 1234
1820 389 846
1820 421 385
1820 37 1207
1820 381 847
1820 38 910
1820 220 630
1820 412 639
1820 422 837
1820 301 574
1820 229 1250
1820 372 845
1820 423 837
1820 446 641
1820 286 531
1820 263 573
1820 243 540
1820 23 133
1820 454 1089
1840 369 507
1840 351 864
1840 276 669
1840 261 502
1840 395 863
1840 369 503
1840 380 852
1840 80 460
1840 51 918
1840 219 628
1840 412 654
1840 299 573
1840 370 843
1840 105 72
1840 428 649
1840 392 660
1840 304 666
1840 363 616
1840 289 530
1840 263 575
1840 71 941
1840 243 537
1840 367 289
1840 376 303
1840 455 1119
1860 399 831
1860 335 854
1860 281 661
1860 261 504
1860 320 183
1860 315 179
1860 340 496
1860 391 850
1860 341 493
1860 341 496
1860 380 852
1860 75 467
1860 37 916
1860 221 630
1860 375 692
1860 297 570
1860 376 844
1860 387 695
1860 289 531
1860 263 574
1860 62 939
1860 279 669
1860 242 537
1880 377 510
1880 348 845
1880 308 719
1880 380 509
1880 280 663
1880 430 504
1880 275 501
1880 346 517
1880 395 852
1880 347 519
1880 312 726
1880 462 442
1880 379 510
1880 331 757
1880 37 1255
1880 42 1245
1880 376 852
1880 223 634
1880 300 568
1880 329 765
1880 358 837
1880 290 529
1880 261 581
1880 46 869
1880 67 541
1880 243 534
1900 373 495
1900 349 858
1900 389 497
1900 277 671
1900 443 462
1900 267 505
1900 344 477
1900 277 685
1900 393 849
1900 435 386
1900 357 478
1900 24 726
1900 381 841
1900 219 634
1900 478 744
1900 89 762
1900 236 716
1900 439 387
1900 297 569
1900 353 838
1900 475 747
1900 288 530
1900 268 561
1900 242 531
1900 236 733
1900 234 680
1900 451 1171
1920 399 770
1920 397 547
1920 354 848
1920 298 441
1920 279 669
1920 268 505
1920 159 646
1920 107 681
1920 387 864
1920 409 344
1920 313 466
1920 109 686
1920 380 845
1920 13 507
1920 222 640
1920 382 735
1920 402 341
1920 470 699
1920 43 757
1920 281 620
1920 393 376
1920 290 588
1920 379 841
1920 174 605
1920 415 894
1920 456 722
1920 297 441
1920 281 529
1920 266 576
1920 245 539
1920 281 613
1940 363 984
1940 345 869
1940 272 668
1940 261 506
1940 453 285
1940 388 862
1940 365 984
1940 413 290
1940 342 741
1940 290 750
1940 25 766
1940 378 867
1940 220 633
1940 359 737
1940 422 573
1940 342 741
1940 300 574
1940 351 824
1940 234 431
1940 127 527
1940 311 670
1940 289 533
1940 265 580
1940 104 592
1940 241 543
1940 273 470
1940 374 292
1940 128 522
1940 453 1189
1960 251 727
1960 358 859
1960 275 685
1960 427 547
1960 265 503
1960 417 247
1960 334 203
1960 200 754
1960 398 864
1960 212 476
1960 189 756
1960 376 850
1960 66 513
1960 218 626
1960 246 1264
1960 192 747
1960 421 560
1960 190 754
1960 414 990
1960 255 1272
1960 370 205
1960 300 572
1960 381 850
1960 428 940
1960 121 390
1960 288 532
1960 265 575
1960 88 504
1960 232 535
1960 366 176
1960 306 1061
1980 340 1199
1980 83 761
1980 399 830
1980 378 481
1980 359 1052
1980 350 841
1980 108 61
1980 238 1177
1980 378 478
1980 276 664
1980 265 505
1980 321 126
1980 360 489
1980 82 292
1980 397 828
1980 385 1045
1980 362 490
1980 23 722
1980 391 851
1980 69 432
1980 221 626
1980 271 1173
1980 402 1049
1980 276 1222
1980 82 760
1980 452 894
1980 299 571
1980 354 831
1980 144 727
1980 250 1153
1980 83 410
1980 288 532
1980 265 572
1980 243 540
1980 105 469
1980 175 486
