1800 297 564
1800 369 763
1800 395 823
1800 276 665
1800 239 531
1800 287 1124
1800 237 57
1800 315 809
1800 237 56
1800 75 485
1800 9 485
1800 212 626
1800 432 609
1800 366 765
1800 276 665
1800 409 830
1800 442 825
1800 431 821
1800 287 1118
1800 306 663
1800 32 409
1800 284 529
1800 263 566
1800 38 885
1800 75 487
1800 257 500
1800 305 659
1800 391 818
1820 295 573
1820 275 851
1820 357 843
1820 382 844
1820 228 1250
1820 277 660
1820 430 512
1820 238 532
1820 409 641
1820 422 384
1820 430 512
1820 83 422
1820 4 490
1820 216 626
1820 227 1245
1820 453 634
1820 350 847
1820 279 666
1820 221 1229
1820 421 384
1820 409 637
1820 420 834
1820 303 668
1820 353 671
1820 284 529
1820 262 559
1820 36 881
1820 83 422
1820 259 500
1820 302 661
1820 424 385
1820 221 1229
1840 296 566
1840 373 852
1840 385 850
1840 360 613
1840 275 679
1840 239 531
1840 390 657
1840 79 458
1840 321 865
1840 79 456
1840 217 626
1840 354 833
1840 354 834
1840 277 667
1840 391 656
1840 418 646
1840 408 831
1840 415 644
1840 298 645
1840 360 608
1840 283 528
1840 261 563
1840 61 904
1840 258 500
1840 303 657
1840 381 304
1840 405 832
1860 373 559
1860 297 566
1860 362 839
1860 397 837
1860 373 558
1860 277 663
1860 475 518
1860 239 533
1860 313 180
1860 369 684
1860 370 684
1860 343 496
1860 77 461
1860 342 851
1860 77 462
1860 213 623
1860 345 842
1860 278 662
1860 342 496
1860 386 700
1860 306 668
1860 316 184
1860 285 527
1860 264 560
1860 57 913
1860 258 501
1860 307 661
1860 403 826
1880 379 507
1880 296 562
1880 354 837
1880 403 831
1880 346 512
1880 266 665
1880 432 500
1880 240 531
1880 332 754
1880 345 516
1880 216 623
1880 350 832
1880 276 660
1880 468 436
1880 65 533
1880 345 514
1880 305 670
1880 23 374
1880 283 525
1880 259 564
1880 50 865
1880 265 493
1880 305 660
1880 403 825
1900 226 654
1900 388 497
1900 291 543
1900 356 831
1900 395 849
1900 269 674
1900 437 387
1900 240 531
1900 232 691
1900 233 713
1900 430 385
1900 351 474
1900 62 644
1900 58 772
1900 215 623
1900 86 754
1900 352 826
1900 274 684
1900 232 687
1900 88 759
1900 429 385
1900 462 824
1900 351 475
1900 307 666
1900 285 527
1900 58 983
1900 259 552
1900 259 497
1900 307 663
1900 229 727
1900 443 402
1900 403 834
1920 395 543
1920 292 577
1920 374 861
1920 297 438
1920 387 864
1920 269 663
1920 449 411
1920 238 532
1920 156 634
1920 396 541
1920 39 262
1920 398 368
1920 295 439
1920 396 542
1920 76 684
1920 27 777
1920 217 628
1920 298 437
1920 355 822
1920 278 663
1920 423 915
1920 78 684
1920 408 354
1920 156 637
1920 386 739
1920 178 605
1920 424 918
1920 299 639
1920 108 676
1920 32 386
1920 282 527
1920 262 566
1920 303 658
1920 382 367
1920 388 357
1920 401 791
1940 298 571
1940 366 854
1940 394 849
1940 233 430
1940 274 664
1940 238 532
1940 148 492
1940 285 733
1940 465 289
1940 123 512
1940 357 982
1940 349 731
1940 423 311
1940 69 589
1940 217 627
1940 357 983
1940 421 568
1940 344 746
1940 276 668
1940 423 310
1940 388 265
1940 460 870
1940 475 867
1940 234 431
1940 305 668
1940 100 581
1940 284 528
1940 272 558
1940 240 440
1940 305 665
1940 125 510
1940 100 582
1940 397 271
1940 397 827
1940 146 492
1960 298 567
1960 371 859
1960 392 850
1960 183 756
1960 272 681
1960 434 555
1960 237 533
1960 123 380
1960 435 188
1960 338 208
1960 45 261
1960 248 725
1960 439 556
1960 90 504
1960 64 507
1960 225 622
1960 308 1038
1960 397 208
1960 432 555
1960 354 828
1960 277 671
1960 187 758
1960 428 942
1960 318 1077
1960 373 210
1960 340 210
1960 428 942
1960 66 510
1960 430 937
1960 298 671
1960 390 929
1960 88 507
1960 283 530
1960 267 559
1960 99 501
1960 300 666
1960 391 850
1960 119 383
1980 368 478
1980 245 1152
1980 298 566
1980 383 859
1980 397 825
1980 272 652
1980 238 534
1980 421 55
1980 90 428
1980 313 64
1980 86 295
1980 336 117
1980 384 98
1980 86 431
1980 402 1041
1980 58 431
1980 215 626
1980 244 1151
1980 85 751
1980 349 825
1980 277 659
1980 155 722
1980 159 720
1980 86 750
1980 450 881
1980 339 118
1980 359 486
1980 270 1166
1980 299 580
1980 403 1041
1980 79 412
1980 284 527
1980 263 564
1980 104 464
1980 263 502
1980 300 656
1980 397 823
1980 174 484
