1800 306 663
1800 438 837
1800 241 539
1800 297 1186
1800 258 59
1800 316 812
1800 73 482
1800 32 895
1800 213 631
1800 287 1195
1800 433 613
1800 374 777
1800 275 667
1800 297 1202
1800 442 832
1800 295 572
1800 182 1311
1800 315 815
1800 306 661
1800 283 531
1800 263 576
1800 76 485
1800 259 500
1800 366 763
1820 290 672
1820 81 422
1820 417 835
1820 273 854
1820 226 1260
1820 428 522
1820 240 545
1820 413 388
1820 33 886
1820 216 627
1820 409 649
1820 453 635
1820 222 1233
1820 280 669
1820 427 524
1820 298 564
1820 421 650
1820 285 530
1820 262 569
1820 260 503
1820 357 841
1820 85 424
1840 293 673
1840 76 452
1840 405 830
1840 364 621
1840 240 541
1840 150 1342
1840 364 617
1840 364 499
1840 31 889
1840 328 870
1840 73 448
1840 55 905
1840 215 625
1840 392 656
1840 419 656
1840 319 865
1840 373 300
1840 369 291
1840 296 567
1840 157 1358
1840 429 654
1840 361 501
1840 304 667
1840 387 657
1840 363 499
1840 284 531
1840 254 578
1840 62 917
1840 82 456
1840 259 504
1840 355 837
1860 297 661
1860 68 464
1860 374 557
1860 475 510
1860 239 539
1860 313 180
1860 369 693
1860 342 499
1860 385 705
1860 27 885
1860 343 848
1860 73 470
1860 32 891
1860 214 627
1860 387 706
1860 475 512
1860 278 655
1860 473 508
1860 296 568
1860 475 511
1860 342 499
1860 307 670
1860 369 695
1860 315 184
1860 285 534
1860 30 894
1860 257 585
1860 36 921
1860 77 464
1860 258 507
1860 343 848
1880 294 672
1880 354 526
1880 432 502
1880 239 538
1880 379 516
1880 468 437
1880 346 515
1880 352 844
1880 46 870
1880 221 631
1880 473 446
1880 279 660
1880 433 502
1880 296 570
1880 329 764
1880 344 516
1880 283 528
1880 260 570
1880 53 881
1880 68 535
1880 270 499
1880 349 838
1900 291 670
1900 460 829
1900 459 405
1900 387 858
1900 434 454
1900 240 530
1900 389 495
1900 430 385
1900 348 501
1900 353 839
1900 64 650
1900 216 624
1900 84 779
1900 432 451
1900 461 829
1900 297 571
1900 60 777
1900 356 484
1900 302 667
1900 233 729
1900 355 483
1900 285 532
1900 260 558
1900 260 503
1900 236 705
1900 351 850
1900 468 839
1920 292 667
1920 454 712
1920 400 350
1920 383 866
1920 405 388
1920 245 544
1920 155 645
1920 398 541
1920 403 379
1920 386 747
1920 81 689
1920 218 626
1920 388 780
1920 282 660
1920 86 690
1920 298 441
1920 400 356
1920 301 586
1920 408 902
1920 155 642
1920 305 463
1920 157 648
1920 278 527
1920 263 583
1920 264 506
1920 355 821
1940 356 986
1940 241 544
1940 102 594
1940 361 985
1940 401 305
1940 357 733
1940 98 592
1940 355 989
1940 218 635
1940 423 568
1940 370 299
1940 374 313
1940 468 853
1940 295 579
1940 129 523
1940 306 671
1940 80 598
1940 280 538
1940 263 572
1940 256 508
1940 387 266
1940 342 764
1960 298 685
1960 299 1070
1960 91 409
1960 124 371
1960 424 555
1960 239 535
1960 433 194
1960 45 272
1960 216 473
1960 258 730
1960 352 840
1960 64 512
1960 217 625
1960 421 567
1960 260 727
1960 352 216
1960 299 572
1960 417 939
1960 419 966
1960 431 554
1960 165 442
1960 284 536
1960 258 573
1960 87 511
1960 189 753
1960 265 505
1960 254 736
1960 352 852
1960 89 407
1960 306 1081
1980 292 670
1980 88 430
1980 453 908
1980 241 545
1980 159 723
1980 313 124
1980 371 486
1980 382 1052
1980 363 487
1980 353 831
1980 63 445
1980 220 627
1980 250 1158
1980 269 1184
1980 400 832
1980 243 1153
1980 90 754
1980 454 886
1980 300 568
1980 159 722
1980 85 757
1980 363 494
1980 111 465
1980 360 489
1980 360 1034
1980 82 435
1980 284 531
1980 260 578
1980 265 506
1980 82 305
1980 351 826
1980 105 464
1980 175 484
