1800 304 656
1800 428 817
1800 395 831
1800 477 627
1800 239 535
1800 289 1134
1800 253 51
1800 370 763
1800 77 485
1800 39 903
1800 216 626
1800 286 1178
1800 281 1151
1800 431 608
1800 391 815
1800 277 658
1800 295 1148
1800 444 834
1800 298 563
1800 185 1301
1800 315 812
1800 416 871
1800 432 608
1800 307 661
1800 284 528
1800 264 574
1800 77 486
1800 258 496
1820 299 665
1820 86 422
1820 417 834
1820 386 850
1820 275 850
1820 226 1259
1820 257 547
1820 430 513
1820 238 534
1820 352 674
1820 414 391
1820 360 851
1820 359 843
1820 35 885
1820 217 628
1820 221 1235
1820 454 631
1820 218 1233
1820 428 524
1820 299 564
1820 217 1296
1820 421 836
1820 419 637
1820 417 640
1820 355 681
1820 86 421
1820 285 527
1820 263 559
1820 33 881
1820 260 500
1820 277 849
1820 352 675
1820 88 421
1840 296 659
1840 81 458
1840 409 826
1840 385 862
1840 360 606
1840 330 868
1840 239 531
1840 321 863
1840 364 500
1840 367 843
1840 367 845
1840 59 905
1840 216 626
1840 424 647
1840 372 290
1840 297 566
1840 155 1339
1840 408 827
1840 119 92
1840 414 650
1840 418 650
1840 307 666
1840 285 528
1840 263 562
1840 80 456
1840 259 500
1860 297 657
1860 79 468
1860 403 842
1860 395 851
1860 374 557
1860 341 845
1860 478 516
1860 237 534
1860 315 180
1860 366 694
1860 343 493
1860 386 701
1860 355 826
1860 355 831
1860 77 462
1860 31 895
1860 217 625
1860 277 660
1860 474 517
1860 298 564
1860 402 832
1860 344 497
1860 376 706
1860 318 185
1860 344 494
1860 286 528
1860 262 563
1860 68 941
1860 79 468
1860 256 505
1860 369 689
1880 349 512
1880 298 664
1880 408 835
1880 433 496
1880 388 859
1880 433 499
1880 239 530
1880 378 510
1880 467 435
1880 346 510
1880 351 831
1880 69 535
1880 348 848
1880 65 528
1880 47 868
1880 220 621
1880 279 617
1880 277 661
1880 433 503
1880 298 566
1880 327 764
1880 409 830
1880 348 511
1880 283 523
1880 261 560
1880 55 869
1880 65 527
1880 266 493
1880 333 757
1900 296 660
1900 408 836
1900 376 487
1900 389 860
1900 386 493
1900 436 444
1900 239 527
1900 231 730
1900 386 488
1900 352 479
1900 443 393
1900 352 489
1900 353 832
1900 84 750
1900 351 843
1900 61 816
1900 219 624
1900 479 745
1900 401 832
1900 275 660
1900 84 770
1900 449 437
1900 472 839
1900 299 565
1900 405 827
1900 61 774
1900 351 488
1900 347 493
1900 285 528
1900 264 561
1900 260 501
1900 229 723
1920 303 663
1920 411 895
1920 444 475
1920 385 866
1920 266 567
1920 238 533
1920 175 604
1920 403 352
1920 355 818
1920 90 689
1920 358 834
1920 221 624
1920 387 838
1920 279 649
1920 298 439
1920 400 350
1920 457 707
1920 299 586
1920 411 895
1920 157 639
1920 459 708
1920 321 471
1920 456 707
1920 314 463
1920 156 638
1920 280 528
1920 266 560
1920 263 503
1920 403 352
1940 301 678
1940 401 830
1940 383 867
1940 345 829
1940 236 530
1940 147 494
1940 458 307
1940 126 525
1940 365 974
1940 422 310
1940 347 783
1940 75 588
1940 349 838
1940 148 492
1940 217 626
1940 393 269
1940 423 568
1940 397 822
1940 368 298
1940 253 465
1940 469 861
1940 392 271
1940 299 569
1940 230 519
1940 403 829
1940 423 563
1940 125 518
1940 308 673
1940 361 729
1940 100 586
1940 361 974
1940 282 528
1940 267 566
1940 257 501
1940 128 523
1940 390 267
1940 372 297
1940 356 730
1940 128 525
1960 299 675
1960 89 412
1960 389 869
1960 146 403
1960 352 828
1960 429 553
1960 238 529
1960 434 182
1960 49 262
1960 405 943
1960 356 827
1960 73 514
1960 361 845
1960 65 505
1960 223 627
1960 421 559
1960 391 811
1960 253 707
1960 381 200
1960 301 567
1960 218 473
1960 409 842
1960 419 951
1960 419 560
1960 167 440
1960 343 214
1960 169 440
1960 194 749
1960 283 531
1960 263 566
1960 84 505
1960 188 751
1960 265 501
1960 337 209
1960 102 501
1960 303 1062
1980 299 669
1980 88 428
1980 451 884
1980 373 474
1980 396 855
1980 239 1158
1980 237 536
1980 213 624
1980 327 133
1980 376 476
1980 51 286
1980 378 1015
1980 365 488
1980 404 1045
1980 361 485
1980 351 827
1980 355 834
1980 24 432
1980 221 625
1980 358 1100
1980 257 1165
1980 274 1174
1980 401 825
1980 87 756
1980 472 917
1980 299 566
1980 150 721
1980 400 826
1980 87 753
1980 106 466
1980 361 1017
1980 81 413
1980 283 528
1980 264 568
1980 264 502
1980 159 722
1980 78 324
1980 106 466
1980 177 482
