1800 274 661
1800 292 1140
1800 372 755
1800 452 605
1800 447 601
1800 239 535
1800 181 1277
1800 229 70
1800 318 809
1800 311 815
1800 227 104
1800 76 484
1800 37 921
1800 214 638
1800 289 1165
1800 368 764
1800 282 1133
1800 291 1184
1800 466 617
1800 281 1120
1800 276 662
1800 431 818
1800 298 571
1800 182 1247
1800 369 762
1800 439 831
1800 438 824
1800 283 531
1800 261 571
1800 77 487
1800 255 507
1820 277 677
1820 425 514
1820 226 1290
1820 347 667
1820 452 638
1820 428 518
1820 238 536
1820 224 1285
1820 35 910
1820 219 627
1820 409 641
1820 302 653
1820 277 673
1820 421 834
1820 298 562
1820 219 1230
1820 351 667
1820 217 1231
1820 285 529
1820 259 578
1820 33 920
1820 257 503
1820 85 422
1820 29 187
1840 277 662
1840 367 504
1840 413 653
1840 239 535
1840 359 505
1840 164 1337
1840 323 865
1840 348 847
1840 80 457
1840 48 915
1840 217 627
1840 412 656
1840 289 663
1840 275 670
1840 297 569
1840 391 654
1840 300 649
1840 363 623
1840 321 864
1840 285 529
1840 258 580
1840 56 916
1840 82 457
1840 256 506
1860 276 627
1860 375 854
1860 359 693
1860 375 558
1860 473 511
1860 238 539
1860 314 177
1860 339 507
1860 340 849
1860 32 936
1860 76 461
1860 34 911
1860 217 631
1860 392 850
1860 475 518
1860 348 701
1860 284 661
1860 299 572
1860 363 690
1860 263 574
1860 384 697
1860 305 669
1860 369 684
1860 326 187
1860 286 529
1860 258 571
1860 40 917
1860 78 465
1860 256 511
1860 341 492
1880 347 511
1880 266 717
1880 66 532
1880 377 514
1880 388 858
1880 379 509
1880 430 501
1880 238 533
1880 344 516
1880 467 442
1880 344 859
1880 302 766
1880 45 867
1880 220 630
1880 472 442
1880 280 662
1880 300 568
1880 282 524
1880 256 574
1880 66 869
1880 267 497
1880 344 511
1900 271 670
1900 380 495
1900 366 824
1900 386 497
1900 477 738
1900 239 532
1900 343 503
1900 347 492
1900 452 399
1900 341 487
1900 342 846
1900 218 626
1900 84 764
1900 62 650
1900 292 669
1900 449 399
1900 457 829
1900 299 568
1900 460 826
1900 472 833
1900 23 357
1900 287 528
1900 258 556
1900 260 506
1900 347 509
1920 284 663
1920 378 839
1920 295 440
1920 397 545
1920 237 534
1920 105 679
1920 396 546
1920 395 856
1920 324 477
1920 407 357
1920 296 440
1920 346 855
1920 106 678
1920 219 632
1920 380 834
1920 411 348
1920 95 684
1920 278 676
1920 390 360
1920 419 911
1920 294 575
1920 383 738
1920 174 603
1920 418 896
1920 181 606
1920 390 746
1920 155 641
1920 82 688
1920 282 531
1920 262 574
1920 266 507
1940 276 679
1940 69 595
1940 122 509
1940 353 733
1940 420 574
1940 236 536
1940 124 526
1940 464 291
1940 245 447
1940 367 978
1940 463 293
1940 347 859
1940 288 733
1940 358 972
1940 217 626
1940 144 499
1940 358 729
1940 377 293
1940 476 874
1940 355 981
1940 275 671
1940 417 297
1940 449 869
1940 300 569
1940 346 735
1940 453 872
1940 460 865
1940 128 525
1940 305 665
1940 98 594
1940 284 534
1940 263 579
1940 263 475
1940 388 267
1960 254 727
1960 293 1080
1960 385 862
1960 432 551
1960 426 550
1960 223 517
1960 212 475
1960 412 237
1960 163 440
1960 330 204
1960 337 865
1960 185 751
1960 63 514
1960 218 624
1960 123 377
1960 214 475
1960 406 981
1960 192 744
1960 285 672
1960 365 244
1960 299 570
1960 428 949
1960 123 379
1960 88 406
1960 286 531
1960 266 580
1960 79 502
1960 264 504
1960 363 220
1960 89 409
1960 320 1069
1980 274 666
1980 365 481
1980 381 867
1980 245 1163
1980 360 489
1980 239 539
1980 313 122
1980 359 489
1980 34 420
1980 395 1023
1980 352 827
1980 65 431
1980 217 624
1980 368 1046
1980 85 755
1980 396 1063
1980 269 1174
1980 278 660
1980 453 888
1980 355 126
1980 301 569
1980 454 887
1980 459 883
1980 247 1148
1980 72 420
1980 286 529
1980 261 569
1980 73 424
1980 264 504
1980 100 463
1980 174 484
1980 441 1048
