1800 394 822
1800 316 812
1800 445 603
1800 239 535
1800 298 1179
1800 254 63
1800 307 663
1800 317 811
1800 369 770
1800 235 58
1800 216 634
1800 291 1196
1800 446 604
1800 315 812
1800 295 1161
1800 288 1147
1800 299 1191
1800 440 605
1800 442 833
1800 299 569
1800 184 1318
1800 368 769
1800 440 829
1800 287 1128
1800 307 663
1800 284 530
1800 261 571
1800 76 489
1800 260 501
1820 295 680
1820 420 839
1820 224 1284
1820 453 641
1820 238 533
1820 275 859
1820 424 527
1820 300 679
1820 421 386
1820 410 643
1820 379 796
1820 217 630
1820 416 646
1820 419 521
1820 222 1258
1820 299 573
1820 358 847
1820 420 833
1820 415 650
1820 305 668
1820 85 423
1820 285 530
1820 258 572
1820 30 923
1820 260 502
1820 422 384
1820 352 674
1840 399 831
1840 240 533
1840 324 865
1840 392 659
1840 382 793
1840 79 461
1840 218 630
1840 360 499
1840 419 650
1840 298 572
1840 355 834
1840 400 842
1840 395 658
1840 308 668
1840 368 289
1840 285 529
1840 259 574
1840 55 926
1840 80 460
1840 259 501
1840 373 301
1840 362 290
1840 366 498
1860 403 829
1860 374 561
1860 240 539
1860 303 668
1860 343 843
1860 370 691
1860 382 700
1860 74 464
1860 216 627
1860 342 495
1860 373 560
1860 477 518
1860 385 702
1860 299 571
1860 351 837
1860 339 498
1860 310 670
1860 286 530
1860 261 570
1860 55 928
1860 75 464
1860 258 506
1860 310 180
1860 362 693
1860 374 558
1880 403 828
1880 378 514
1880 319 770
1880 467 438
1880 242 536
1880 379 510
1880 304 673
1880 350 842
1880 466 442
1880 68 538
1880 68 537
1880 220 628
1880 346 515
1880 378 511
1880 433 505
1880 298 570
1880 351 839
1880 344 519
1880 315 677
1880 285 528
1880 260 568
1880 271 502
1880 347 514
1900 354 492
1900 402 831
1900 241 531
1900 385 499
1900 433 385
1900 60 778
1900 217 627
1900 355 484
1900 478 748
1900 87 768
1900 390 497
1900 463 830
1900 297 569
1900 354 827
1900 339 515
1900 325 687
1900 82 774
1900 233 731
1900 286 528
1900 264 564
1900 264 503
1900 458 420
1900 374 492
1920 382 868
1920 395 545
1920 241 536
1920 182 613
1920 396 547
1920 289 672
1920 400 892
1920 404 355
1920 298 439
1920 392 749
1920 39 777
1920 218 627
1920 328 479
1920 455 716
1920 389 745
1920 419 907
1920 84 694
1920 299 441
1920 435 931
1920 281 619
1920 351 837
1920 155 637
1920 315 465
1920 302 665
1920 157 639
1920 283 532
1920 266 568
1920 265 504
1920 397 357
1920 299 440
1940 283 743
1940 357 982
1940 399 829
1940 362 983
1940 424 577
1940 239 533
1940 150 506
1940 463 301
1940 101 588
1940 363 981
1940 342 854
1940 398 280
1940 354 736
1940 70 603
1940 100 590
1940 218 629
1940 284 748
1940 387 273
1940 230 432
1940 460 873
1940 297 571
1940 349 837
1940 72 607
1940 474 879
1940 230 431
1940 306 672
1940 99 598
1940 282 533
1940 267 568
1940 261 502
1940 372 297
1940 371 294
1940 128 522
1940 147 497
1960 381 869
1960 160 445
1960 429 551
1960 239 533
1960 95 411
1960 432 190
1960 176 746
1960 72 525
1960 430 555
1960 185 760
1960 90 410
1960 302 673
1960 364 855
1960 68 522
1960 71 520
1960 120 386
1960 220 628
1960 161 445
1960 306 1058
1960 317 1055
1960 427 956
1960 250 733
1960 427 550
1960 371 227
1960 216 475
1960 362 217
1960 299 571
1960 349 846
1960 429 953
1960 303 672
1960 334 207
1960 88 407
1960 285 531
1960 263 571
1960 93 495
1960 265 504
1960 254 729
1960 334 209
1960 435 190
1960 183 752
1960 132 477
1960 162 444
1980 357 1034
1980 397 835
1980 360 1029
1980 239 535
1980 90 416
1980 159 723
1980 316 126
1980 371 472
1980 79 293
1980 403 1043
1980 105 468
1980 83 758
1980 218 629
1980 277 1182
1980 360 487
1980 87 755
1980 249 1151
1980 452 888
1980 353 129
1980 299 570
1980 155 727
1980 353 830
1980 247 1154
1980 94 758
1980 402 1050
1980 78 412
1980 285 530
1980 262 573
1980 74 423
1980 264 505
1980 106 284
1980 103 466
1980 174 484
1980 360 487
