1800 382 768
1800 286 656
1800 286 529
1800 432 618
1800 260 500
1800 396 827
1800 309 815
1800 305 652
1800 250 75
1800 224 629
1800 232 52
1800 84 480
1800 48 976
1800 219 625
1800 300 1195
1800 300 1133
1800 469 623
1800 303 1196
1800 418 807
1800 301 566
1800 375 753
1800 83 481
1800 432 821
1800 472 880
1800 334 821
1800 260 577
1800 240 539
1800 463 1120
1820 280 686
1820 288 528
1820 445 654
1820 261 499
1820 238 1279
1820 404 864
1820 301 675
1820 433 364
1820 84 415
1820 29 898
1820 223 621
1820 423 633
1820 244 1285
1820 427 519
1820 417 837
1820 303 560
1820 241 1274
1820 382 831
1820 455 827
1820 455 654
1820 259 576
1820 243 542
1820 461 1128
1840 364 499
1840 366 503
1840 287 530
1840 278 669
1840 437 648
1840 259 500
1840 397 828
1840 302 659
1840 231 636
1840 351 832
1840 91 460
1840 63 913
1840 222 623
1840 359 609
1840 429 645
1840 415 828
1840 301 573
1840 388 848
1840 416 668
1840 368 627
1840 257 578
1840 240 540
1840 364 292
1840 394 205
1840 464 1075
1860 384 699
1860 341 500
1860 286 530
1860 374 546
1860 471 509
1860 259 502
1860 318 181
1860 399 831
1860 306 668
1860 372 697
1860 343 497
1860 336 842
1860 89 473
1860 57 956
1860 218 628
1860 354 705
1860 478 504
1860 417 847
1860 301 570
1860 384 787
1860 87 475
1860 258 586
1860 239 535
1860 459 1127
1880 372 525
1880 395 860
1880 292 527
1880 377 514
1880 278 682
1880 467 638
1880 265 495
1880 399 830
1880 288 679
1880 299 672
1880 273 178
1880 460 456
1880 350 511
1880 75 537
1880 351 852
1880 57 873
1880 219 623
1880 469 451
1880 429 488
1880 414 843
1880 305 573
1880 375 838
1880 477 425
1880 327 762
1880 260 569
1880 239 533
1880 377 63
1900 371 508
1900 238 726
1900 347 474
1900 291 529
1900 247 735
1900 386 496
1900 279 728
1900 465 443
1900 261 498
1900 400 830
1900 295 677
1900 429 427
1900 360 476
1900 222 632
1900 349 850
1900 220 627
1900 442 389
1900 110 790
1900 433 450
1900 378 500
1900 248 736
1900 417 842
1900 302 571
1900 382 852
1900 455 822
1900 255 741
1900 473 751
1900 259 555
1900 242 531
1900 426 45
1900 408 182
1900 243 719
1900 460 1112
1920 105 687
1920 385 753
1920 287 530
1920 218 635
1920 262 505
1920 399 858
1920 298 625
1920 307 448
1920 414 379
1920 231 639
1920 191 607
1920 353 842
1920 219 629
1920 34 1026
1920 220 636
1920 473 710
1920 386 860
1920 410 554
1920 329 478
1920 414 869
1920 302 575
1920 376 795
1920 158 615
1920 448 910
1920 452 717
1920 307 455
1920 264 631
1920 232 545
1920 114 688
1920 461 1146
1940 361 978
1940 287 525
1940 249 507
1940 159 494
1940 285 477
1940 443 280
1940 283 745
1940 240 438
1940 396 820
1940 317 666
1940 445 279
1940 290 740
1940 347 849
1940 217 615
1940 301 576
1940 450 1168
1940 377 983
1940 458 323
1940 414 845
1940 370 274
1940 302 571
1940 374 765
1940 447 852
1940 473 885
1940 259 590
1940 120 607
1940 239 544
1940 376 292
1940 380 278
1940 286 754
1940 466 1137
1960 287 529
1960 427 206
1960 333 1084
1960 427 544
1960 264 504
1960 158 443
1960 439 275
1960 348 179
1960 430 170
1960 123 381
1960 397 839
1960 281 552
1960 261 735
1960 356 905
1960 197 470
1960 79 408
1960 215 624
1960 332 1079
1960 434 179
1960 454 570
1960 411 1032
1960 376 1017
1960 430 545
1960 405 873
1960 340 201
1960 304 567
1960 264 578
1960 99 504
1960 232 531
1960 426 164
1960 376 189
1960 190 747
1960 431 994
1980 361 489
1980 279 667
1980 356 486
1980 287 527
1980 365 485
1980 280 667
1980 309 1213
1980 261 512
1980 168 496
1980 330 118
1980 50 281
1980 400 828
1980 301 564
1980 345 98
1980 349 849
1980 82 408
1980 216 625
1980 340 1099
1980 249 1166
1980 180 485
1980 410 1036
1980 383 1031
1980 281 1164
1980 375 500
1980 417 850
1980 304 569
1980 159 723
1980 448 878
1980 476 922
1980 262 1159
1980 73 410
1980 257 582
1980 241 544
1980 403 138
1980 113 450
1980 182 485
1980 438 1144
