1800 299 570
1800 315 815
1800 75 484
1800 392 828
1800 392 825
1800 260 502
1800 290 1115
1800 260 47
1800 263 41
1800 280 668
1800 241 58
1800 76 486
1800 316 812
1800 217 631
1800 288 1133
1800 431 611
1800 439 835
1800 291 1114
1800 441 836
1800 370 771
1800 398 836
1800 317 812
1800 286 1126
1800 308 668
1800 285 532
1800 263 573
1800 76 487
1800 239 534
1800 307 663
1800 404 841
1820 299 576
1820 280 852
1820 357 845
1820 383 847
1820 229 1270
1820 282 672
1820 261 502
1820 410 640
1820 356 844
1820 424 387
1820 426 518
1820 217 629
1820 453 633
1820 225 1254
1820 419 845
1820 426 390
1820 417 842
1820 353 676
1820 86 422
1820 286 531
1820 261 570
1820 239 538
1820 305 668
1840 298 571
1840 360 841
1840 380 857
1840 363 620
1840 280 673
1840 259 502
1840 279 672
1840 298 570
1840 395 658
1840 150 1344
1840 359 840
1840 79 459
1840 323 865
1840 219 634
1840 322 865
1840 403 855
1840 409 840
1840 284 529
1840 260 572
1840 59 915
1840 79 458
1840 239 535
1840 304 670
1840 384 317
1840 324 866
1860 375 561
1860 298 574
1860 343 852
1860 398 852
1860 378 697
1860 291 659
1860 476 518
1860 259 504
1860 318 186
1860 389 705
1860 344 852
1860 377 561
1860 78 463
1860 77 462
1860 217 630
1860 477 514
1860 345 497
1860 384 700
1860 51 919
1860 407 838
1860 368 686
1860 286 529
1860 263 569
1860 56 919
1860 238 537
1860 309 667
1860 407 838
1880 379 509
1880 299 572
1880 354 833
1880 396 858
1880 434 504
1880 271 496
1880 320 740
1880 351 850
1880 467 436
1880 434 504
1880 346 516
1880 65 535
1880 219 631
1880 345 516
1880 67 536
1880 409 840
1880 286 528
1880 261 567
1880 240 534
1900 229 693
1900 389 497
1900 296 565
1900 352 834
1900 391 866
1900 273 698
1900 436 461
1900 263 501
1900 233 693
1900 352 841
1900 442 427
1900 233 709
1900 430 384
1900 354 475
1900 438 464
1900 355 477
1900 65 648
1900 61 777
1900 218 635
1900 88 766
1900 64 647
1900 430 386
1900 462 832
1900 341 505
1900 408 839
1900 286 529
1900 257 557
1900 240 532
1920 396 545
1920 292 601
1920 350 849
1920 300 438
1920 378 865
1920 288 659
1920 264 503
1920 178 610
1920 156 635
1920 39 255
1920 352 848
1920 403 400
1920 108 676
1920 393 367
1920 319 472
1920 449 446
1920 79 690
1920 219 635
1920 427 921
1920 79 688
1920 400 368
1920 388 755
1920 220 637
1920 383 874
1920 455 713
1920 109 677
1920 283 530
1920 268 580
1920 238 534
1920 404 374
1920 400 353
1920 390 747
1940 300 576
1940 350 843
1940 379 867
1940 239 434
1940 269 491
1940 148 500
1940 465 289
1940 145 495
1940 46 262
1940 362 987
1940 350 849
1940 423 310
1940 419 321
1940 69 597
1940 219 637
1940 361 982
1940 423 570
1940 420 319
1940 387 268
1940 466 868
1940 69 601
1940 308 674
1940 284 532
1940 269 564
1940 240 535
1940 101 584
1940 373 302
1940 368 296
1940 144 493
1940 360 983
1960 419 565
1960 306 1066
1960 298 571
1960 356 854
1960 379 867
1960 185 757
1960 265 504
1960 124 385
1960 440 194
1960 341 214
1960 44 265
1960 348 850
1960 85 508
1960 162 444
1960 65 507
1960 219 631
1960 430 219
1960 430 555
1960 430 964
1960 364 201
1960 340 217
1960 369 848
1960 66 513
1960 214 476
1960 336 208
1960 407 953
1960 285 531
1960 264 569
1960 88 508
1960 238 542
1960 251 726
1960 305 1066
1960 189 764
1960 332 1070
1960 192 765
1980 300 569
1980 355 831
1980 388 864
1980 278 661
1980 264 504
1980 82 291
1980 329 120
1980 354 832
1980 178 487
1980 217 632
1980 354 1027
1980 270 1170
1980 365 1046
1980 159 726
1980 91 754
1980 475 920
1980 372 479
1980 399 834
1980 267 1170
1980 402 1046
1980 77 422
1980 286 528
1980 263 573
1980 86 430
1980 237 544
1980 375 478
1980 400 836
1980 85 430
1980 177 486
