1800 299 569
1800 392 816
1800 307 659
1800 240 532
1800 288 1136
1800 240 72
1800 235 55
1800 76 484
1800 373 765
1800 54 509
1800 217 630
1800 291 1196
1800 443 600
1800 317 810
1800 318 810
1800 288 1118
1800 296 1190
1800 476 627
1800 370 766
1800 437 826
1800 426 817
1800 307 663
1800 285 530
1800 263 570
1800 34 904
1800 261 500
1820 280 851
1820 299 573
1820 382 847
1820 227 1245
1820 304 665
1820 240 533
1820 86 424
1820 427 513
1820 429 513
1820 416 637
1820 362 843
1820 218 627
1820 452 635
1820 424 386
1820 453 632
1820 353 674
1820 422 835
1820 305 667
1820 353 671
1820 285 528
1820 259 567
1820 35 888
1820 261 499
1820 224 1231
1820 417 633
1840 297 571
1840 389 854
1840 364 613
1840 294 661
1840 240 533
1840 394 655
1840 362 616
1840 80 457
1840 360 838
1840 79 458
1840 218 629
1840 416 644
1840 365 501
1840 407 833
1840 304 668
1840 362 614
1840 285 527
1840 263 566
1840 27 909
1840 261 500
1840 371 292
1840 395 655
1840 366 500
1860 297 571
1860 399 847
1860 376 558
1860 306 666
1860 478 510
1860 240 534
1860 315 183
1860 314 181
1860 386 697
1860 376 559
1860 77 464
1860 355 829
1860 77 464
1860 32 914
1860 217 628
1860 347 497
1860 370 682
1860 407 826
1860 217 628
1860 407 828
1860 299 569
1860 311 668
1860 372 683
1860 287 528
1860 264 567
1860 53 914
1860 260 501
1860 387 698
1860 77 463
1860 347 495
1880 298 571
1880 406 832
1880 293 664
1880 466 436
1880 241 532
1880 379 507
1880 434 501
1880 379 506
1880 69 536
1880 67 534
1880 355 831
1880 219 628
1880 334 749
1880 315 723
1880 346 513
1880 334 752
1880 308 668
1880 287 525
1880 262 564
1880 69 874
1880 268 496
1880 346 514
1900 296 566
1900 399 845
1900 301 662
1900 438 449
1900 241 530
1900 390 495
1900 229 719
1900 230 711
1900 437 454
1900 355 827
1900 218 626
1900 230 700
1900 92 756
1900 433 385
1900 476 747
1900 353 477
1900 355 828
1900 464 826
1900 89 770
1900 63 643
1900 463 826
1900 317 671
1900 287 526
1900 261 566
1900 264 500
1900 229 697
1900 352 477
1900 354 478
1920 399 355
1920 297 572
1920 382 861
1920 396 542
1920 280 661
1920 405 386
1920 240 533
1920 180 607
1920 156 634
1920 396 542
1920 39 262
1920 426 919
1920 385 371
1920 299 438
1920 382 371
1920 358 819
1920 220 633
1920 156 634
1920 107 684
1920 403 342
1920 455 710
1920 332 476
1920 390 748
1920 81 686
1920 78 680
1920 393 751
1920 267 502
1920 306 657
1920 110 675
1920 281 525
1920 271 574
1920 266 501
1920 390 742
1940 297 572
1940 364 977
1940 368 301
1940 386 860
1940 148 498
1940 290 717
1940 240 532
1940 148 498
1940 464 287
1940 424 569
1940 362 978
1940 392 287
1940 392 281
1940 71 593
1940 352 822
1940 289 727
1940 221 631
1940 424 569
1940 291 729
1940 424 310
1940 394 278
1940 125 517
1940 354 728
1940 401 829
1940 462 868
1940 241 435
1940 239 433
1940 307 669
1940 101 585
1940 100 583
1940 285 528
1940 268 564
1940 235 435
1940 271 468
1940 370 307
1940 127 516
1960 299 571
1960 385 863
1960 163 443
1960 420 560
1960 277 674
1960 434 554
1960 239 532
1960 334 206
1960 164 442
1960 438 187
1960 92 408
1960 338 210
1960 433 554
1960 124 384
1960 366 200
1960 430 944
1960 383 290
1960 430 551
1960 86 508
1960 362 827
1960 252 726
1960 38 524
1960 222 627
1960 303 1060
1960 428 553
1960 189 758
1960 187 755
1960 196 751
1960 252 724
1960 366 201
1960 336 207
1960 88 512
1960 380 859
1960 385 864
1960 217 473
1960 124 384
1960 303 669
1960 92 416
1960 286 529
1960 266 563
1960 87 506
1960 266 502
1960 252 725
1960 351 231
1960 190 756
1960 427 946
1960 88 506
1960 216 473
1980 300 568
1980 356 1028
1980 396 842
1980 291 665
1980 240 537
1980 178 485
1980 417 70
1980 265 1167
1980 104 468
1980 331 122
1980 375 477
1980 85 292
1980 356 1028
1980 353 825
1980 177 484
1980 30 407
1980 224 628
1980 380 96
1980 160 723
1980 374 478
1980 352 825
1980 452 883
1980 453 884
1980 86 414
1980 301 582
1980 405 1046
1980 78 416
1980 285 528
1980 263 569
1980 267 500
1980 378 479
1980 163 722
1980 357 1029
1980 362 486
