1800 77 482
1800 432 824
1800 259 567
1800 319 810
1800 309 665
1800 369 762
1800 236 71
1800 428 818
1800 285 1123
1800 219 628
1800 283 531
1800 240 532
1800 315 811
1800 447 608
1800 307 658
1800 300 570
1800 260 501
1820 412 643
1820 419 837
1820 258 566
1820 306 667
1820 380 790
1820 355 668
1820 417 833
1820 219 626
1820 285 530
1820 242 531
1820 353 670
1820 275 849
1820 225 1265
1820 452 648
1820 307 662
1820 299 568
1820 259 500
1820 427 393
1840 414 647
1840 371 297
1840 257 567
1840 284 662
1840 173 1347
1840 375 856
1840 360 612
1840 217 625
1840 285 529
1840 368 499
1840 241 534
1840 327 864
1840 305 665
1840 300 568
1840 261 499
1860 314 184
1860 387 690
1860 261 570
1860 311 668
1860 403 825
1860 369 686
1860 405 822
1860 219 630
1860 61 928
1860 287 528
1860 345 492
1860 240 535
1860 352 827
1860 307 663
1860 300 570
1860 260 503
1860 317 186
1880 403 826
1880 260 563
1880 305 751
1880 308 666
1880 365 826
1880 219 627
1880 430 501
1880 288 525
1880 377 511
1880 241 534
1880 345 862
1880 473 435
1880 310 665
1880 430 501
1880 301 566
1880 283 649
1880 272 497
1880 469 435
1900 86 759
1900 404 830
1900 260 548
1900 308 662
1900 385 854
1900 236 701
1900 462 824
1900 219 628
1900 388 497
1900 288 526
1900 346 476
1900 240 531
1900 355 829
1900 474 740
1900 315 657
1900 437 388
1900 230 704
1900 303 572
1900 261 496
1900 436 384
1900 443 463
1920 80 685
1920 410 897
1920 158 642
1920 264 555
1920 295 658
1920 380 858
1920 395 737
1920 218 626
1920 397 541
1920 107 686
1920 285 530
1920 240 530
1920 383 792
1920 78 680
1920 174 605
1920 457 707
1920 313 461
1920 301 601
1920 307 580
1920 34 278
1920 266 500
1920 407 345
1920 403 340
1940 102 585
1940 369 293
1940 367 967
1940 403 831
1940 258 572
1940 307 672
1940 397 824
1940 402 827
1940 218 626
1940 437 1102
1940 423 569
1940 285 525
1940 242 532
1940 351 806
1940 101 588
1940 233 429
1940 314 664
1940 301 569
1940 44 258
1940 261 495
1940 396 273
1940 145 494
1960 353 212
1960 94 408
1960 428 935
1960 91 404
1960 263 567
1960 306 670
1960 194 742
1960 383 847
1960 391 846
1960 304 1067
1960 219 626
1960 422 567
1960 288 528
1960 216 472
1960 314 1074
1960 346 840
1960 429 549
1960 303 669
1960 429 951
1960 302 569
1960 46 258
1960 265 501
1960 369 199
1960 374 206
1960 78 498
1960 122 381
1980 89 423
1980 179 483
1980 357 1016
1980 84 754
1980 399 830
1980 275 1169
1980 258 575
1980 294 634
1980 397 821
1980 399 824
1980 260 1155
1980 217 621
1980 452 885
1980 287 526
1980 372 476
1980 265 1154
1980 238 534
1980 353 828
1980 253 1151
1980 397 1045
1980 302 567
1980 46 271
1980 286 648
1980 264 502
1980 322 107
