1800 54 907
1800 425 822
1800 288 1132
1800 268 566
1800 309 659
1800 371 762
1800 319 813
1800 426 815
1800 286 1120
1800 220 632
1800 286 528
1800 285 1115
1800 241 534
1800 316 815
1800 297 581
1800 447 602
1800 310 661
1800 446 602
1800 300 571
1800 260 501
1820 413 646
1820 420 841
1820 270 565
1820 310 665
1820 371 842
1820 424 839
1820 220 625
1820 421 384
1820 286 529
1820 244 528
1820 272 851
1820 282 677
1820 237 1288
1820 452 630
1820 308 666
1820 424 525
1820 299 570
1820 260 499
1840 396 656
1840 368 839
1840 266 563
1840 280 670
1840 369 288
1840 377 852
1840 413 828
1840 218 627
1840 64 896
1840 284 529
1840 367 502
1840 242 541
1840 319 864
1840 284 669
1840 325 676
1840 300 568
1840 262 499
1860 390 684
1860 361 835
1860 265 568
1860 312 668
1860 391 862
1860 373 683
1860 411 827
1860 220 636
1860 288 527
1860 341 495
1860 240 531
1860 281 625
1860 329 671
1860 300 568
1860 261 500
1860 321 188
1860 477 526
1880 388 858
1880 268 569
1880 313 666
1880 375 866
1880 338 745
1880 219 635
1880 291 525
1880 349 514
1880 239 534
1880 346 766
1880 287 566
1880 431 499
1880 302 566
1880 272 494
1900 385 837
1900 75 767
1900 408 836
1900 269 560
1900 315 665
1900 382 859
1900 235 682
1900 406 831
1900 66 645
1900 219 632
1900 441 421
1900 289 527
1900 353 469
1900 242 539
1900 281 692
1900 476 740
1900 346 618
1900 240 687
1900 428 444
1900 301 570
1900 259 495
1920 378 853
1920 413 902
1920 268 553
1920 309 664
1920 381 861
1920 90 690
1920 221 638
1920 407 342
1920 104 674
1920 286 529
1920 397 536
1920 235 529
1920 283 672
1920 375 362
1920 175 600
1920 462 707
1920 307 589
1920 396 541
1920 389 882
1920 308 605
1920 266 498
1920 400 335
1940 391 265
1940 365 837
1940 266 568
1940 296 665
1940 389 264
1940 381 803
1940 356 731
1940 406 823
1940 220 639
1940 287 527
1940 464 292
1940 242 527
1940 340 736
1940 283 673
1940 384 263
1940 314 667
1940 425 571
1940 377 973
1940 302 569
1940 50 259
1940 258 470
1940 384 262
1940 135 498
1960 97 407
1960 365 207
1960 377 830
1960 428 941
1960 91 399
1960 268 560
1960 305 672
1960 377 852
1960 217 626
1960 289 529
1960 454 141
1960 241 533
1960 315 1074
1960 275 707
1960 439 554
1960 430 190
1960 303 568
1960 242 680
1960 424 554
1960 428 944
1960 301 570
1960 53 265
1960 267 500
1960 355 200
1960 391 218
1960 92 407
1980 92 415
1980 179 483
1980 450 888
1980 352 832
1980 394 842
1980 270 1171
1980 91 403
1980 266 568
1980 298 641
1980 387 851
1980 357 834
1980 220 626
1980 288 528
1980 365 485
1980 259 1159
1980 238 533
1980 285 588
1980 379 1066
1980 400 1041
1980 302 565
1980 51 260
1980 265 501
1980 326 112
1980 82 413
