1800 410 813
1800 251 537
1800 282 555
1800 410 806
1800 214 625
1800 266 500
1800 233 526
1800 438 611
1800 299 650
1800 449 847
1800 290 530
1800 242 527
1820 399 649
1820 425 843
1820 254 527
1820 281 572
1820 365 837
1820 429 847
1820 213 615
1820 270 507
1820 240 528
1820 443 640
1820 301 648
1820 290 534
1820 248 516
1840 382 657
1840 317 865
1840 252 538
1840 275 581
1840 353 826
1840 210 619
1840 265 498
1840 236 530
1840 295 675
1840 359 614
1840 287 528
1840 245 520
1860 374 693
1860 247 531
1860 281 597
1860 349 829
1860 382 856
1860 404 820
1860 209 625
1860 266 507
1860 236 531
1860 303 664
1860 364 560
1860 293 534
1860 248 516
1880 319 724
1880 402 845
1880 258 559
1880 279 579
1880 347 803
1880 211 627
1880 456 450
1880 269 492
1880 238 530
1880 290 525
1880 263 494
1900 398 828
1900 249 528
1900 348 821
1900 411 832
1900 211 646
1900 415 442
1900 269 508
1900 332 474
1900 235 524
1900 60 642
1900 468 808
1900 419 429
1900 298 540
1900 250 504
1920 339 866
1920 394 856
1920 253 552
1920 167 604
1920 358 825
1920 367 852
1920 214 629
1920 438 423
1920 272 509
1920 394 341
1920 227 540
1920 98 685
1920 291 439
1920 454 709
1920 437 418
1920 307 581
1920 253 515
1940 451 875
1940 244 544
1940 281 670
1940 349 731
1940 212 623
1940 267 462
1940 418 296
1940 227 495
1940 105 576
1940 420 342
1940 406 278
1940 139 501
1940 466 282
1940 455 875
1940 292 525
1940 243 454
1960 401 1000
1960 87 397
1960 249 575
1960 352 826
1960 435 941
1960 209 620
1960 268 502
1960 401 290
1960 216 473
1960 438 556
1960 293 530
1960 41 254
1960 262 498
1960 451 151
1980 390 833
1980 244 555
1980 316 123
1980 344 843
1980 213 606
1980 266 497
1980 241 1151
1980 230 541
1980 239 1160
1980 346 1045
1980 474 916
1980 394 1017
1980 291 529
1980 52 267
1980 258 503
