1800 77 488
1800 436 828
1800 256 573
1800 309 661
1800 394 812
1800 235 74
1800 428 818
1800 286 1128
1800 220 632
1800 449 606
1800 286 529
1800 242 535
1800 368 766
1800 315 813
1800 449 608
1800 309 660
1800 301 570
1800 261 501
1820 411 649
1820 416 840
1820 18 398
1820 257 568
1820 300 670
1820 377 837
1820 414 837
1820 219 630
1820 424 512
1820 286 529
1820 242 536
1820 351 677
1820 273 861
1820 227 1268
1820 454 649
1820 308 670
1820 429 517
1820 380 840
1820 299 570
1820 260 500
1820 420 383
1840 415 651
1840 368 292
1840 20 375
1840 261 568
1840 286 664
1840 379 851
1840 358 616
1840 218 629
1840 414 649
1840 285 530
1840 370 499
1840 240 533
1840 327 867
1840 301 570
1840 261 500
1860 316 178
1860 264 568
1860 308 666
1860 389 856
1860 337 500
1860 406 831
1860 217 633
1860 48 897
1860 287 527
1860 340 492
1860 241 536
1860 350 831
1860 307 667
1860 300 570
1860 260 502
1880 68 533
1880 28 382
1880 264 564
1880 302 746
1880 296 662
1880 371 849
1880 347 515
1880 219 635
1880 431 501
1880 281 512
1880 372 521
1880 242 536
1880 343 859
1880 473 438
1880 434 504
1880 303 568
1880 273 498
1900 87 762
1900 463 836
1900 259 558
1900 300 657
1900 356 837
1900 344 519
1900 231 719
1900 462 826
1900 218 638
1900 391 495
1900 86 755
1900 289 528
1900 348 474
1900 240 533
1900 351 832
1900 234 698
1900 474 745
1900 348 472
1900 307 662
1900 437 387
1900 305 567
1900 16 650
1900 259 496
1900 437 387
1920 414 898
1920 88 691
1920 417 903
1920 178 608
1920 264 561
1920 292 659
1920 297 440
1920 382 849
1920 394 740
1920 220 634
1920 397 542
1920 287 531
1920 324 476
1920 240 531
1920 351 826
1920 456 706
1920 314 462
1920 301 606
1920 444 418
1920 305 570
1920 268 502
1920 402 340
1920 401 340
1940 74 592
1940 351 284
1940 368 895
1940 260 570
1940 281 703
1940 292 674
1940 382 802
1940 400 824
1940 219 632
1940 283 530
1940 466 292
1940 241 532
1940 344 829
1940 103 588
1940 231 429
1940 313 672
1940 301 569
1940 47 261
1940 265 482
1940 387 264
1940 147 497
1960 367 210
1960 94 408
1960 429 940
1960 93 408
1960 262 570
1960 302 672
1960 184 745
1960 386 842
1960 428 940
1960 216 627
1960 428 945
1960 423 557
1960 288 530
1960 412 239
1960 241 536
1960 342 865
1960 437 554
1960 303 670
1960 428 958
1960 302 570
1960 49 259
1960 267 503
1960 371 178
1960 389 220
1960 162 441
1980 95 423
1980 357 1021
1980 392 863
1980 273 1172
1980 59 437
1980 263 568
1980 296 658
1980 395 823
1980 397 826
1980 216 624
1980 444 1033
1980 288 529
1980 368 482
1980 249 1155
1980 238 534
1980 351 829
1980 178 484
1980 397 1052
1980 303 568
1980 49 267
1980 265 503
1980 326 121
