1800 79 485
1800 440 832
1800 292 1149
1800 262 570
1800 308 658
1800 397 820
1800 373 766
1800 433 823
1800 284 1124
1800 219 633
1800 439 604
1800 284 528
1800 239 530
1800 315 811
1800 452 609
1800 307 656
1800 300 569
1800 259 501
1820 412 645
1820 261 567
1820 302 669
1820 226 1291
1820 381 845
1820 423 844
1820 219 626
1820 425 509
1820 285 528
1820 240 534
1820 272 852
1820 227 1259
1820 453 652
1820 308 660
1820 417 515
1820 298 567
1820 259 500
1840 416 647
1840 263 567
1840 291 665
1840 384 855
1840 411 834
1840 219 627
1840 414 647
1840 284 529
1840 372 496
1840 240 552
1840 323 865
1840 314 673
1840 300 568
1840 259 500
1860 317 183
1860 389 691
1860 264 569
1860 301 667
1860 397 846
1860 398 848
1860 405 828
1860 216 629
1860 64 925
1860 390 699
1860 286 527
1860 339 489
1860 239 533
1860 364 699
1860 477 503
1860 313 671
1860 300 575
1860 259 502
1880 73 540
1880 268 569
1880 296 666
1880 345 512
1880 383 864
1880 354 787
1880 219 634
1880 429 494
1880 288 525
1880 346 509
1880 237 530
1880 339 879
1880 431 500
1880 471 436
1880 310 666
1880 432 501
1880 301 571
1880 268 493
1900 73 777
1900 461 831
1900 261 555
1900 297 663
1900 381 872
1900 228 695
1900 409 835
1900 219 632
1900 423 439
1900 287 526
1900 350 469
1900 240 531
1900 237 689
1900 441 452
1900 478 747
1900 314 666
1900 389 498
1900 302 576
1900 258 496
1920 407 895
1920 92 687
1920 414 903
1920 173 605
1920 267 561
1920 294 666
1920 297 441
1920 383 864
1920 398 743
1920 410 773
1920 218 630
1920 396 538
1920 284 528
1920 326 472
1920 233 530
1920 157 645
1920 390 756
1920 176 605
1920 399 342
1920 456 707
1920 312 458
1920 305 645
1920 303 577
1920 264 498
1920 445 406
1920 394 349
1940 103 585
1940 363 972
1940 264 568
1940 292 671
1940 368 296
1940 388 852
1940 351 732
1940 406 826
1940 217 630
1940 419 571
1940 284 529
1940 463 292
1940 238 527
1940 342 780
1940 231 429
1940 477 888
1940 314 674
1940 299 570
1940 46 260
1940 263 475
1940 391 266
1940 129 520
1940 422 328
1940 147 497
1960 365 199
1960 98 508
1960 390 863
1960 414 952
1960 90 404
1960 267 570
1960 301 674
1960 328 200
1960 398 861
1960 431 941
1960 217 629
1960 422 546
1960 286 529
1960 237 539
1960 344 838
1960 245 706
1960 216 473
1960 304 672
1960 249 725
1960 302 568
1960 46 259
1960 265 500
1960 367 177
1960 370 201
1960 161 441
1980 175 484
1980 359 1019
1980 259 1158
1980 71 417
1980 264 572
1980 294 662
1980 389 849
1980 372 857
1980 219 622
1980 461 1081
1980 286 527
1980 366 477
1980 248 1158
1980 234 531
1980 145 719
1980 350 836
1980 249 1155
1980 376 484
1980 301 565
1980 43 315
1980 263 502
