1800 76 487
1800 439 830
1800 423 815
1800 261 569
1800 314 815
1800 308 663
1800 370 765
1800 233 68
1800 422 811
1800 283 1124
1800 219 633
1800 452 619
1800 283 531
1800 291 1143
1800 242 530
1800 310 818
1800 447 609
1800 306 660
1800 300 571
1800 259 501
1820 409 649
1820 417 837
1820 259 568
1820 301 670
1820 377 841
1820 351 672
1820 418 836
1820 219 628
1820 423 391
1820 284 531
1820 240 534
1820 348 670
1820 272 860
1820 225 1265
1820 453 653
1820 309 666
1820 423 523
1820 299 570
1820 259 501
1820 421 384
1840 413 652
1840 363 288
1840 262 570
1840 311 868
1840 286 660
1840 379 852
1840 359 615
1840 218 628
1840 282 529
1840 363 498
1840 240 534
1840 323 867
1840 310 671
1840 300 570
1840 259 500
1860 315 185
1860 265 571
1860 308 666
1860 389 855
1860 366 695
1860 217 629
1860 285 530
1860 241 536
1860 348 833
1860 311 668
1860 299 572
1860 260 503
1880 266 566
1880 311 708
1880 304 660
1880 375 852
1880 218 632
1880 432 503
1880 285 525
1880 376 513
1880 240 531
1880 346 874
1880 303 666
1880 430 500
1880 300 567
1880 269 496
1880 466 436
1900 463 827
1900 265 564
1900 304 659
1900 382 856
1900 463 820
1900 218 631
1900 384 499
1900 286 528
1900 350 474
1900 241 532
1900 236 703
1900 472 744
1900 433 384
1900 226 703
1900 299 571
1900 257 497
1900 435 425
1900 451 400
1920 81 687
1920 408 898
1920 157 646
1920 267 557
1920 296 664
1920 296 440
1920 380 860
1920 218 632
1920 395 540
1920 285 529
1920 239 530
1920 351 840
1920 31 742
1920 460 708
1920 313 460
1920 300 568
1920 449 415
1920 305 598
1920 265 501
1920 402 347
1920 401 339
1940 101 588
1940 353 290
1940 378 855
1940 24 413
1940 265 569
1940 287 677
1940 369 820
1940 219 631
1940 435 1105
1940 285 529
1940 240 529
1940 342 860
1940 102 589
1940 231 431
1940 474 874
1940 310 664
1940 299 570
1940 45 260
1940 264 476
1940 390 267
1940 145 496
1940 466 293
1960 388 221
1960 91 502
1960 61 510
1960 265 566
1960 301 673
1960 182 737
1960 342 203
1960 384 852
1960 218 631
1960 419 563
1960 288 529
1960 241 535
1960 342 854
1960 427 952
1960 301 571
1960 46 259
1960 264 501
1960 364 199
1960 367 199
1960 121 383
1980 92 421
1980 176 483
1980 354 1029
1980 78 760
1980 269 1171
1980 264 569
1980 292 654
1980 390 833
1980 217 627
1980 287 528
1980 364 488
1980 257 1151
1980 238 534
1980 350 843
1980 301 569
1980 48 274
1980 263 503
1980 322 120
