1800 427 821
1800 304 1197
1800 266 576
1800 309 668
1800 395 809
1800 236 74
1800 430 818
1800 287 1123
1800 220 632
1800 287 531
1800 289 1135
1800 240 536
1800 317 811
1800 447 606
1800 308 659
1800 301 571
1800 261 503
1820 413 647
1820 415 838
1820 264 580
1820 304 673
1820 377 838
1820 348 672
1820 417 835
1820 220 628
1820 433 397
1820 287 532
1820 242 539
1820 353 675
1820 274 854
1820 228 1263
1820 452 652
1820 310 664
1820 429 518
1820 300 570
1820 261 502
1820 421 383
1840 416 651
1840 406 848
1840 266 577
1840 280 677
1840 378 848
1840 360 618
1840 401 836
1840 219 630
1840 286 530
1840 371 498
1840 243 540
1840 321 864
1840 312 672
1840 301 571
1840 262 502
1860 267 574
1860 307 671
1860 394 852
1860 369 706
1860 219 634
1860 56 920
1860 58 925
1860 288 529
1860 242 536
1860 354 835
1860 309 666
1860 299 577
1860 261 504
1880 67 533
1880 270 574
1880 301 662
1880 377 834
1880 219 636
1880 431 502
1880 290 529
1880 432 503
1880 242 538
1880 348 858
1880 319 671
1880 431 502
1880 303 571
1880 273 498
1900 64 783
1900 266 563
1900 306 658
1900 361 842
1900 355 488
1900 237 728
1900 400 830
1900 64 650
1900 221 633
1900 428 452
1900 290 529
1900 347 474
1900 242 540
1900 352 838
1900 469 757
1900 313 662
1900 428 450
1900 233 722
1900 302 579
1900 261 500
1900 435 415
1900 438 387
1920 457 711
1920 420 913
1920 412 903
1920 177 609
1920 271 568
1920 298 667
1920 298 443
1920 382 858
1920 458 710
1920 108 681
1920 221 634
1920 396 545
1920 288 533
1920 242 535
1920 353 835
1920 82 694
1920 458 707
1920 316 472
1920 303 614
1920 435 430
1920 406 347
1920 305 590
1920 269 504
1920 403 343
1940 103 590
1940 374 294
1940 368 968
1940 267 575
1940 299 676
1940 384 849
1940 401 827
1940 220 631
1940 435 1103
1940 287 530
1940 465 292
1940 241 535
1940 347 856
1940 105 598
1940 126 514
1940 312 668
1940 301 570
1940 47 260
1940 271 479
1940 392 269
1940 147 499
1960 346 207
1960 91 491
1960 427 946
1960 91 406
1960 271 584
1960 303 676
1960 349 211
1960 386 841
1960 303 1076
1960 217 629
1960 428 938
1960 424 551
1960 290 532
1960 245 543
1960 346 866
1960 437 555
1960 429 957
1960 302 572
1960 48 259
1960 267 504
1960 371 198
1960 356 224
1960 162 442
1980 326 121
1980 360 1032
1980 110 280
1980 394 854
1980 277 1170
1980 57 444
1980 269 578
1980 293 657
1980 394 828
1980 395 829
1980 270 1174
1980 219 626
1980 453 1101
1980 291 532
1980 368 484
1980 267 1155
1980 239 536
1980 354 840
1980 175 488
1980 400 1050
1980 303 571
1980 46 306
1980 265 505
1980 329 120
1980 76 421
