1800 305 613
1800 242 66
1800 446 822
1800 237 48
1800 265 502
1800 346 815
1800 366 764
1800 214 614
1800 302 534
1800 293 1116
1800 242 509
1800 277 1124
1800 284 1119
1800 324 1197
1800 393 930
1800 473 586
1800 48 1248
1800 468 575
1800 447 818
1800 265 497
1800 63 885
1820 401 709
1820 334 690
1820 264 494
1820 213 1248
1820 373 702
1820 231 1271
1820 215 612
1820 297 535
1820 245 506
1820 237 1299
1820 366 827
1820 438 510
1820 458 589
1820 328 647
1820 266 495
1840 394 649
1840 264 536
1840 292 625
1840 369 829
1840 358 629
1840 211 618
1840 307 550
1840 235 537
1840 377 838
1840 310 582
1840 371 850
1840 347 639
1840 272 504
1860 365 676
1860 261 504
1860 357 715
1860 372 678
1860 216 591
1860 309 538
1860 240 519
1860 307 607
1860 466 910
1860 341 481
1860 266 495
1880 314 657
1880 264 534
1880 323 739
1880 306 658
1880 216 608
1880 457 456
1880 312 533
1880 237 530
1880 354 753
1880 383 836
1880 428 485
1880 453 479
1880 309 646
1880 476 608
1880 331 550
1880 273 491
1900 454 811
1900 421 424
1900 458 811
1900 263 498
1900 379 495
1900 366 811
1900 461 405
1900 410 827
1900 220 626
1900 374 493
1900 307 502
1900 351 463
1900 235 513
1900 365 476
1900 320 525
1900 428 366
1900 469 837
1900 334 498
1900 266 497
1920 381 531
1920 96 693
1920 387 748
1920 46 243
1920 262 504
1920 299 438
1920 363 777
1920 216 625
1920 306 441
1920 376 363
1920 237 527
1920 392 826
1920 377 828
1920 330 469
1920 453 400
1920 298 440
1920 320 502
1920 446 391
1920 453 884
1920 324 462
1920 16 633
1920 275 499
1920 115 682
1940 400 811
1940 312 701
1940 48 267
1940 267 513
1940 318 658
1940 374 772
1940 312 568
1940 218 604
1940 467 860
1940 453 266
1940 314 566
1940 231 477
1940 104 585
1940 352 808
1940 317 599
1940 455 267
1940 243 436
1940 362 951
1940 5 733
1940 272 465
1960 339 48
1960 426 537
1960 403 944
1960 106 383
1960 264 508
1960 439 541
1960 336 167
1960 434 529
1960 216 621
1960 416 955
1960 311 571
1960 424 178
1960 228 468
1960 297 1067
1960 301 1078
1960 355 825
1960 419 176
1960 431 530
1960 448 991
1960 420 555
1960 276 507
1960 451 131
1980 456 829
1980 381 834
1980 390 813
1980 97 374
1980 262 520
1980 247 1207
1980 357 838
1980 221 606
1980 270 1154
1980 234 547
1980 254 1151
1980 344 1097
1980 399 809
1980 246 1152
1980 364 843
1980 350 1041
1980 368 113
1980 385 980
1980 360 495
1980 59 397
1980 271 499
