1800 399 822
1800 427 824
1800 268 573
1800 307 668
1800 367 766
1800 315 815
1800 425 814
1800 220 631
1800 284 530
1800 283 1136
1800 243 532
1800 315 815
1800 269 28
1800 449 603
1800 307 654
1800 449 604
1800 471 902
1800 300 572
1800 259 503
1820 411 641
1820 421 839
1820 268 582
1820 306 670
1820 371 834
1820 421 836
1820 220 628
1820 426 393
1820 285 533
1820 246 527
1820 225 1273
1820 231 1274
1820 456 640
1820 306 663
1820 424 518
1820 297 572
1820 259 502
1840 414 647
1840 369 837
1840 269 581
1840 287 674
1840 172 1357
1840 374 850
1840 349 852
1840 423 833
1840 218 628
1840 285 531
1840 363 500
1840 242 537
1840 309 678
1840 423 650
1840 299 569
1840 260 502
1860 376 840
1860 270 589
1860 307 671
1860 367 839
1860 352 829
1860 218 635
1860 70 919
1860 288 530
1860 338 500
1860 242 534
1860 319 181
1860 306 665
1860 300 569
1860 260 504
1880 276 83
1880 372 855
1880 274 589
1880 307 671
1880 373 854
1880 334 748
1880 218 637
1880 289 528
1880 373 518
1880 239 532
1880 328 672
1880 302 663
1880 427 495
1880 301 569
1880 270 497
1880 469 434
1900 385 856
1900 59 792
1900 274 585
1900 309 665
1900 356 832
1900 340 867
1900 408 831
1900 66 647
1900 220 635
1900 434 385
1900 87 759
1900 289 529
1900 350 473
1900 241 536
1900 307 666
1900 235 690
1900 404 512
1900 300 573
1900 257 498
1920 457 703
1920 373 856
1920 102 681
1920 412 895
1920 174 605
1920 275 580
1920 300 666
1920 373 840
1920 415 841
1920 105 683
1920 222 637
1920 405 339
1920 107 682
1920 286 533
1920 392 545
1920 235 531
1920 300 443
1920 181 605
1920 456 702
1920 313 596
1920 395 541
1920 308 594
1920 266 500
1920 398 336
1940 104 591
1940 353 839
1940 272 587
1940 313 677
1940 355 726
1940 343 738
1940 104 589
1940 219 632
1940 405 303
1940 286 532
1940 461 297
1940 244 528
1940 345 740
1940 129 523
1940 288 666
1940 314 672
1940 420 576
1940 299 570
1940 49 262
1940 254 492
1940 385 263
1940 147 498
1940 463 289
1960 103 410
1960 451 571
1960 358 198
1960 381 842
1960 430 951
1960 91 402
1960 273 580
1960 302 675
1960 372 823
1960 430 939
1960 218 633
1960 287 531
1960 450 177
1960 243 540
1960 306 1074
1960 442 558
1960 308 678
1960 425 547
1960 429 952
1960 301 571
1960 51 261
1960 267 501
1980 84 410
1980 375 852
1980 85 295
1980 269 585
1980 300 589
1980 352 837
1980 352 830
1980 451 1036
1980 286 532
1980 362 491
1980 274 1169
1980 240 535
1980 260 1161
1980 393 840
1980 403 1036
1980 303 566
1980 56 266
1980 264 505
