1800 75 485
1800 39 909
1800 430 824
1800 298 1175
1800 258 568
1800 316 810
1800 307 661
1800 366 769
1800 233 70
1800 437 822
1800 284 1124
1800 218 627
1800 446 604
1800 282 529
1800 239 534
1800 313 815
1800 446 605
1800 306 656
1800 396 823
1800 299 569
1800 259 501
1820 410 643
1820 419 840
1820 23 384
1820 258 565
1820 303 669
1820 223 1264
1820 380 794
1820 351 671
1820 421 836
1820 218 626
1820 284 529
1820 240 531
1820 408 647
1820 272 853
1820 222 1259
1820 453 654
1820 305 662
1820 427 513
1820 383 834
1820 297 566
1820 259 500
1840 414 649
1840 367 290
1840 257 566
1840 324 861
1840 282 666
1840 363 847
1840 359 615
1840 217 626
1840 281 527
1840 365 500
1840 240 534
1840 323 860
1840 324 865
1840 296 666
1840 299 565
1840 259 500
1860 309 183
1860 384 692
1860 260 568
1860 307 666
1860 392 852
1860 365 690
1860 404 822
1860 217 625
1860 55 927
1860 285 527
1860 342 493
1860 240 536
1860 350 828
1860 305 663
1860 354 846
1860 300 567
1860 259 502
1880 261 561
1880 301 759
1880 306 664
1880 368 833
1880 218 625
1880 430 501
1880 282 522
1880 346 513
1880 240 534
1880 340 866
1880 306 664
1880 429 500
1880 351 857
1880 299 564
1880 268 494
1900 82 766
1900 264 555
1900 305 661
1900 382 856
1900 464 821
1900 217 627
1900 433 442
1900 88 762
1900 286 526
1900 344 481
1900 239 531
1900 473 738
1900 310 656
1900 435 395
1900 355 830
1900 225 704
1900 298 564
1900 258 495
1900 435 385
1900 445 398
1920 456 708
1920 383 866
1920 80 685
1920 266 505
1920 407 904
1920 157 642
1920 262 555
1920 293 660
1920 295 440
1920 380 864
1920 400 772
1920 218 628
1920 394 543
1920 283 525
1920 237 530
1920 351 832
1920 79 685
1920 176 607
1920 456 708
1920 312 459
1920 301 607
1920 369 861
1920 303 573
1920 264 500
1920 404 346
1920 397 354
1940 102 589
1940 373 292
1940 363 970
1940 259 568
1940 306 675
1940 401 834
1940 358 728
1940 401 834
1940 217 624
1940 422 567
1940 280 524
1940 239 529
1940 357 831
1940 348 811
1940 71 591
1940 232 429
1940 312 660
1940 359 847
1940 297 571
1940 42 260
1940 298 709
1940 263 486
1940 385 266
1940 146 499
1940 462 291
1940 127 521
1960 346 210
1960 86 504
1960 358 827
1960 428 940
1960 91 403
1960 263 566
1960 303 672
1960 370 816
1960 427 936
1960 298 1073
1960 217 626
1960 428 942
1960 419 567
1960 285 528
1960 240 535
1960 305 1075
1960 346 832
1960 427 550
1960 301 670
1960 427 955
1960 300 570
1960 43 256
1960 265 500
1960 366 200
1960 367 200
1960 84 507
1960 121 382
1980 176 485
1980 358 1026
1980 78 758
1980 273 1172
1980 96 310
1980 260 569
1980 293 646
1980 393 826
1980 449 884
1980 215 623
1980 451 882
1980 285 525
1980 366 485
1980 250 1153
1980 238 531
1980 363 1046
1980 350 826
1980 87 408
1980 247 1152
1980 164 720
1980 353 839
1980 393 1047
1980 301 564
1980 46 296
1980 263 503
1980 321 121
1980 82 411
