1800 77 483
1800 431 819
1800 258 572
1800 319 811
1800 308 666
1800 367 763
1800 422 808
1800 284 1125
1800 218 631
1800 452 611
1800 284 531
1800 287 1132
1800 241 528
1800 316 810
1800 447 609
1800 307 660
1800 300 570
1800 260 501
1820 411 645
1820 423 843
1820 257 565
1820 306 667
1820 383 788
1820 348 673
1820 416 836
1820 218 628
1820 420 513
1820 284 531
1820 241 532
1820 377 838
1820 273 853
1820 224 1259
1820 453 651
1820 307 664
1820 430 512
1820 298 568
1820 259 501
1840 415 649
1840 364 289
1840 359 827
1840 257 568
1840 276 677
1840 383 851
1840 361 614
1840 397 860
1840 217 627
1840 283 530
1840 364 498
1840 240 532
1840 331 868
1840 304 666
1840 299 571
1840 260 501
1860 311 183
1860 387 689
1860 262 570
1860 308 670
1860 395 844
1860 370 685
1860 404 823
1860 217 628
1860 45 891
1860 286 528
1860 342 494
1860 241 533
1860 370 687
1860 474 506
1860 304 663
1860 300 570
1860 260 503
1860 313 180
1880 262 562
1880 304 735
1880 309 670
1880 381 850
1880 218 631
1880 432 502
1880 285 527
1880 347 513
1880 241 531
1880 328 743
1880 467 436
1880 303 664
1880 432 500
1880 300 566
1880 293 664
1880 272 498
1900 64 648
1900 462 825
1900 261 547
1900 308 665
1900 381 859
1900 402 828
1900 217 632
1900 380 498
1900 86 754
1900 287 527
1900 345 480
1900 240 529
1900 463 829
1900 308 658
1900 434 385
1900 222 701
1900 300 568
1900 258 496
1900 438 426
1900 438 388
1920 456 709
1920 385 866
1920 80 686
1920 410 896
1920 177 606
1920 263 554
1920 295 669
1920 382 862
1920 397 742
1920 218 631
1920 394 543
1920 105 680
1920 285 527
1920 239 529
1920 392 739
1920 79 684
1920 176 608
1920 455 710
1920 314 462
1920 298 599
1920 301 572
1920 36 269
1920 265 500
1920 404 341
1920 401 341
1940 128 521
1940 374 292
1940 381 851
1940 102 591
1940 261 569
1940 309 675
1940 387 841
1940 359 730
1940 400 827
1940 217 630
1940 283 529
1940 241 532
1940 346 732
1940 102 590
1940 232 430
1940 468 859
1940 313 661
1940 288 674
1940 299 571
1940 45 259
1940 299 711
1940 260 472
1940 386 265
1940 143 494
1940 464 292
1960 91 404
1960 366 177
1960 392 849
1960 216 475
1960 398 858
1960 91 405
1960 264 566
1960 304 673
1960 181 719
1960 394 858
1960 429 937
1960 218 628
1960 430 936
1960 422 557
1960 285 530
1960 218 471
1960 315 1072
1960 344 838
1960 303 669
1960 247 717
1960 429 943
1960 301 571
1960 46 258
1960 264 501
1960 366 200
1960 361 204
1960 122 382
1980 90 421
1980 179 483
1980 358 1030
1980 79 758
1980 270 1173
1980 45 271
1980 261 570
1980 294 650
1980 396 822
1980 398 823
1980 215 624
1980 452 885
1980 286 528
1980 366 487
1980 268 1164
1980 239 533
1980 353 831
1980 302 568
1980 45 308
1980 264 503
1980 81 413
