1800 77 487
1800 421 814
1800 442 838
1800 286 1123
1800 259 563
1800 309 666
1800 414 822
1800 318 813
1800 435 830
1800 219 630
1800 456 613
1800 284 528
1800 240 535
1800 449 608
1800 308 657
1800 299 569
1800 259 502
1820 417 630
1820 428 853
1820 258 558
1820 311 666
1820 376 833
1820 424 841
1820 221 627
1820 445 427
1820 285 527
1820 230 1278
1820 241 535
1820 232 1280
1820 458 649
1820 318 677
1820 298 570
1820 259 501
1840 416 654
1840 377 297
1840 257 564
1840 280 672
1840 363 286
1840 381 851
1840 372 854
1840 409 833
1840 219 628
1840 284 531
1840 373 500
1840 241 539
1840 325 859
1840 355 654
1840 300 569
1840 260 501
1860 323 189
1860 256 569
1860 294 597
1860 386 853
1860 370 685
1860 405 832
1860 218 630
1860 62 913
1860 288 527
1860 343 495
1860 241 536
1860 308 663
1860 299 569
1860 260 503
1880 258 563
1880 300 640
1880 373 843
1880 336 748
1880 411 846
1880 219 627
1880 445 513
1880 290 526
1880 384 507
1880 240 537
1880 301 568
1880 270 496
1880 470 436
1900 402 834
1900 261 547
1900 310 644
1900 387 827
1900 404 831
1900 220 631
1900 439 425
1900 288 527
1900 354 473
1900 241 539
1900 281 677
1900 301 570
1900 258 498
1900 441 387
1920 410 770
1920 402 831
1920 81 689
1920 416 898
1920 21 181
1920 259 555
1920 299 645
1920 382 853
1920 394 747
1920 414 827
1920 82 697
1920 219 634
1920 409 340
1920 106 679
1920 285 529
1920 412 342
1920 236 534
1920 195 613
1920 459 709
1920 414 352
1920 313 594
1920 302 571
1920 265 502
1940 103 586
1940 348 284
1940 377 941
1940 259 562
1940 319 668
1940 389 263
1940 355 734
1940 405 820
1940 74 602
1940 218 634
1940 461 872
1940 285 527
1940 464 294
1940 238 528
1940 423 322
1940 472 863
1940 319 674
1940 300 570
1940 48 261
1940 256 490
1940 410 316
1940 139 500
1940 461 210
1960 96 411
1960 429 193
1960 390 853
1960 428 940
1960 92 403
1960 258 563
1960 382 842
1960 352 864
1960 428 939
1960 299 1072
1960 219 624
1960 287 529
1960 241 532
1960 263 726
1960 427 200
1960 443 561
1960 309 669
1960 429 951
1960 300 571
1960 55 263
1960 265 502
1960 360 201
1960 416 186
1960 165 435
1980 308 119
1980 109 430
1980 40 428
1980 257 565
1980 292 630
1980 337 112
1980 379 852
1980 355 835
1980 397 827
1980 249 1153
1980 218 610
1980 288 529
1980 386 491
1980 248 1158
1980 239 537
1980 265 1157
1980 369 1109
1980 476 901
1980 368 487
1980 397 1048
1980 301 566
1980 54 265
1980 264 506
1980 348 120
