1800 434 830
1800 296 1113
1800 233 50
1800 274 552
1800 295 561
1800 376 764
1800 417 807
1800 221 633
1800 284 526
1800 295 1115
1800 244 526
1800 449 604
1800 303 569
1800 258 501
1820 415 646
1820 430 846
1820 273 545
1820 291 583
1820 374 839
1820 424 839
1820 220 625
1820 285 530
1820 247 531
1820 232 1272
1820 452 628
1820 346 688
1820 431 514
1820 300 569
1820 259 499
1840 392 660
1840 328 867
1840 274 567
1840 287 673
1840 381 853
1840 220 627
1840 286 528
1840 364 498
1840 245 534
1840 337 667
1840 373 500
1840 302 569
1840 260 500
1840 377 303
1860 393 703
1860 343 850
1860 271 559
1860 294 608
1860 388 867
1860 385 698
1860 407 832
1860 219 628
1860 287 526
1860 340 489
1860 244 533
1860 316 179
1860 332 673
1860 378 558
1860 309 583
1860 260 501
1880 346 865
1880 273 561
1880 301 656
1880 375 857
1880 220 627
1880 294 522
1880 365 529
1880 238 531
1880 404 839
1880 377 509
1880 308 568
1880 266 494
1900 276 552
1900 307 663
1900 386 862
1900 409 839
1900 222 633
1900 291 527
1900 351 470
1900 243 526
1900 62 780
1900 431 384
1900 471 744
1900 240 693
1900 385 497
1900 314 601
1900 257 497
1900 439 454
1920 381 858
1920 408 881
1920 276 551
1920 295 655
1920 300 441
1920 378 849
1920 369 848
1920 221 632
1920 288 533
1920 388 370
1920 235 537
1920 103 681
1920 444 439
1920 461 700
1920 386 759
1920 445 435
1920 313 599
1920 268 498
1920 398 332
1940 353 857
1940 269 567
1940 307 671
1940 383 858
1940 218 632
1940 448 343
1940 290 525
1940 443 317
1940 247 527
1940 107 586
1940 363 974
1940 151 500
1940 364 729
1940 469 285
1940 305 568
1940 268 467
1940 379 293
1960 104 408
1960 347 856
1960 423 947
1960 91 404
1960 278 573
1960 304 673
1960 376 182
1960 377 852
1960 430 942
1960 220 632
1960 290 528
1960 244 530
1960 287 1087
1960 313 1070
1960 305 569
1960 54 261
1960 266 500
1960 373 208
1960 380 257
1980 110 461
1980 350 854
1980 402 828
1980 272 572
1980 297 592
1980 383 851
1980 401 824
1980 223 622
1980 287 527
1980 358 486
1980 264 1155
1980 242 535
1980 246 1146
1980 68 773
1980 273 1186
1980 365 1043
1980 368 482
1980 399 1021
1980 305 573
1980 57 283
1980 266 503
