1800 77 485
1800 429 828
1800 258 568
1800 319 811
1800 303 650
1800 390 793
1800 231 65
1800 424 815
1800 283 1125
1800 220 631
1800 447 609
1800 281 531
1800 295 1191
1800 241 532
1800 316 807
1800 449 611
1800 301 565
1800 300 570
1800 259 501
1820 411 644
1820 424 851
1820 27 393
1820 256 565
1820 305 663
1820 377 841
1820 416 840
1820 220 626
1820 428 392
1820 284 530
1820 241 534
1820 381 836
1820 273 851
1820 226 1265
1820 451 663
1820 334 694
1820 428 519
1820 300 567
1820 259 500
1820 424 385
1840 415 651
1840 362 288
1840 403 832
1840 259 570
1840 281 671
1840 381 851
1840 357 615
1840 405 843
1840 218 627
1840 281 529
1840 371 498
1840 241 534
1840 337 867
1840 300 570
1840 260 500
1860 313 183
1860 384 705
1860 262 568
1860 308 666
1860 399 832
1860 372 564
1860 404 824
1860 218 630
1860 284 527
1860 342 492
1860 241 532
1860 361 844
1860 308 667
1860 301 568
1860 259 503
1860 320 188
1880 66 530
1880 265 563
1880 308 738
1880 309 665
1880 378 850
1880 376 517
1880 218 632
1880 430 499
1880 283 526
1880 377 511
1880 243 537
1880 331 744
1880 466 438
1880 302 567
1880 271 496
1900 65 650
1900 261 551
1900 302 655
1900 384 854
1900 352 509
1900 400 826
1900 216 634
1900 386 494
1900 84 752
1900 288 527
1900 346 474
1900 240 529
1900 352 837
1900 230 682
1900 472 816
1900 339 496
1900 433 447
1900 300 566
1900 259 496
1900 436 384
1920 409 893
1920 82 690
1920 416 902
1920 174 605
1920 23 250
1920 265 556
1920 294 662
1920 294 441
1920 386 853
1920 395 542
1920 401 761
1920 219 629
1920 28 965
1920 396 542
1920 286 527
1920 406 356
1920 238 528
1920 355 827
1920 83 691
1920 455 710
1920 301 608
1920 304 606
1920 29 258
1920 268 501
1920 410 364
1920 402 338
1940 103 589
1940 346 287
1940 376 879
1940 100 586
1940 260 570
1940 295 674
1940 373 848
1940 401 828
1940 218 630
1940 283 529
1940 464 293
1940 242 527
1940 351 732
1940 103 589
1940 231 430
1940 316 666
1940 300 569
1940 46 260
1940 264 492
1940 412 317
1940 144 494
1960 372 182
1960 93 412
1960 429 944
1960 91 407
1960 265 566
1960 303 671
1960 191 748
1960 390 852
1960 428 940
1960 217 626
1960 428 940
1960 421 565
1960 288 529
1960 239 531
1960 348 842
1960 160 440
1960 424 550
1960 429 953
1960 302 569
1960 47 257
1960 266 501
1960 372 185
1960 387 275
1960 121 382
1980 97 429
1980 367 1018
1980 394 872
1980 275 1170
1980 41 349
1980 261 567
1980 295 644
1980 396 821
1980 398 824
1980 217 620
1980 454 889
1980 287 528
1980 367 486
1980 253 1153
1980 238 532
1980 353 827
1980 172 487
1980 245 1155
1980 382 1103
1980 303 569
1980 52 272
1980 263 503
1980 383 89
