1800 78 484
1800 441 835
1800 422 816
1800 261 572
1800 314 818
1800 308 662
1800 369 761
1800 233 61
1800 419 805
1800 288 1150
1800 218 627
1800 446 605
1800 283 529
1800 294 1144
1800 241 525
1800 369 762
1800 446 608
1800 305 657
1800 300 565
1800 258 501
1820 410 649
1820 416 841
1820 22 412
1820 261 563
1820 305 663
1820 377 837
1820 414 836
1820 219 624
1820 429 392
1820 284 527
1820 240 532
1820 349 669
1820 269 858
1820 228 1274
1820 450 663
1820 304 658
1820 424 514
1820 299 564
1820 259 500
1840 415 654
1840 368 291
1840 261 570
1840 288 661
1840 177 1357
1840 378 856
1840 359 615
1840 217 624
1840 281 528
1840 363 498
1840 240 531
1840 324 865
1840 305 661
1840 299 567
1840 259 499
1860 316 187
1860 77 460
1860 384 711
1860 265 573
1860 308 668
1860 388 857
1860 372 559
1860 399 827
1860 217 622
1860 51 924
1860 284 527
1860 341 493
1860 240 533
1860 349 837
1860 304 660
1860 296 569
1860 259 501
1880 64 529
1880 265 564
1880 303 731
1880 311 670
1880 377 852
1880 218 626
1880 430 499
1880 284 522
1880 377 512
1880 239 532
1880 346 860
1880 306 664
1880 430 499
1880 300 568
1880 16 651
1880 269 494
1900 64 648
1900 264 548
1900 307 656
1900 367 843
1900 352 490
1900 401 829
1900 218 629
1900 382 498
1900 83 751
1900 287 526
1900 346 477
1900 240 528
1900 352 835
1900 232 680
1900 460 787
1900 313 639
1900 429 438
1900 226 706
1900 298 572
1900 258 495
1900 445 391
1920 382 865
1920 82 688
1920 405 906
1920 157 640
1920 269 561
1920 301 656
1920 297 436
1920 380 859
1920 395 764
1920 218 625
1920 29 923
1920 396 540
1920 106 669
1920 285 529
1920 236 530
1920 350 837
1920 32 745
1920 375 371
1920 457 707
1920 312 460
1920 296 575
1920 302 575
1920 264 501
1920 401 338
1940 103 588
1940 358 296
1940 362 979
1940 100 583
1940 14 423
1940 264 567
1940 308 671
1940 373 856
1940 400 830
1940 218 621
1940 434 1084
1940 422 572
1940 283 526
1940 240 522
1940 354 821
1940 346 854
1940 103 589
1940 232 430
1940 311 658
1940 299 571
1940 43 258
1940 259 479
1940 388 266
1940 142 490
1960 84 509
1960 421 952
1960 90 406
1960 266 567
1960 304 670
1960 176 739
1960 387 848
1960 216 620
1960 421 569
1960 287 528
1960 236 526
1960 310 1074
1960 345 866
1960 77 504
1960 432 548
1960 300 668
1960 420 965
1960 301 571
1960 43 259
1960 266 500
1960 366 194
1960 387 255
1960 124 381
1960 122 381
1980 88 424
1980 356 1034
1980 74 754
1980 265 1169
1980 45 276
1980 264 573
1980 297 651
1980 393 827
1980 394 825
1980 217 619
1980 450 883
1980 286 527
1980 363 488
1980 254 1156
1980 238 531
1980 356 1043
1980 351 833
1980 250 1153
1980 316 591
1980 301 567
1980 44 272
1980 263 502
1980 84 413
