1800 77 485
1800 428 825
1800 259 565
1800 308 663
1800 368 764
1800 236 69
1800 429 816
1800 285 1124
1800 218 627
1800 454 629
1800 284 531
1800 293 1150
1800 241 529
1800 315 814
1800 448 610
1800 308 661
1800 300 568
1800 260 500
1820 412 644
1820 418 841
1820 258 562
1820 306 666
1820 377 841
1820 350 672
1820 419 839
1820 218 626
1820 424 394
1820 284 530
1820 241 533
1820 273 853
1820 223 1262
1820 458 656
1820 307 665
1820 429 518
1820 298 566
1820 259 500
1820 429 396
1840 416 649
1840 374 298
1840 259 565
1840 283 661
1840 383 853
1840 371 631
1840 217 625
1840 284 529
1840 368 500
1840 241 535
1840 333 872
1840 324 869
1840 305 667
1840 299 567
1840 260 500
1860 317 191
1860 263 565
1860 309 667
1860 396 846
1860 371 685
1860 405 824
1860 217 624
1860 52 932
1860 286 528
1860 343 495
1860 241 533
1860 370 697
1860 305 667
1860 356 830
1860 300 570
1860 261 501
1880 263 561
1880 307 755
1880 308 665
1880 377 852
1880 218 629
1880 431 503
1880 286 526
1880 348 513
1880 240 534
1880 328 750
1880 474 435
1880 304 665
1880 432 502
1880 301 566
1880 271 495
1900 87 759
1900 266 556
1900 307 661
1900 382 863
1900 460 831
1900 216 631
1900 385 499
1900 287 527
1900 349 480
1900 244 532
1900 235 701
1900 476 727
1900 348 472
1900 309 658
1900 434 431
1900 227 701
1900 298 572
1900 260 495
1900 437 387
1900 448 420
1920 457 708
1920 405 343
1920 383 867
1920 83 688
1920 417 906
1920 158 644
1920 265 560
1920 292 650
1920 301 442
1920 382 863
1920 401 781
1920 218 627
1920 396 541
1920 284 529
1920 238 530
1920 390 738
1920 79 684
1920 176 606
1920 461 711
1920 314 461
1920 302 610
1920 302 573
1920 30 272
1920 265 501
1920 413 357
1920 403 340
1940 102 589
1940 365 301
1940 364 974
1940 102 589
1940 23 382
1940 262 565
1940 296 722
1940 308 670
1940 403 835
1940 359 733
1940 401 830
1940 217 624
1940 438 1131
1940 424 570
1940 283 530
1940 240 528
1940 350 731
1940 72 594
1940 248 468
1940 312 663
1940 292 733
1940 300 569
1940 46 260
1940 289 738
1940 264 491
1940 388 267
1940 142 496
1940 465 293
1960 367 214
1960 89 510
1960 430 192
1960 387 849
1960 217 474
1960 428 945
1960 20 348
1960 265 565
1960 305 670
1960 183 746
1960 380 848
1960 427 942
1960 307 1072
1960 218 631
1960 429 936
1960 421 569
1960 286 529
1960 241 536
1960 322 1070
1960 347 834
1960 246 696
1960 437 555
1960 302 673
1960 251 729
1960 427 966
1960 301 569
1960 47 258
1960 266 501
1960 376 213
1960 358 213
1960 158 441
1980 177 484
1980 359 1031
1980 82 759
1980 272 1186
1980 97 423
1980 263 566
1980 294 651
1980 388 838
1980 398 828
1980 216 626
1980 449 1057
1980 287 527
1980 367 486
1980 263 1156
1980 239 535
1980 353 831
1980 262 1171
1980 162 721
1980 394 1051
1980 301 566
1980 42 316
1980 264 502
1980 323 121
1980 84 412
1980 94 430
