1800 439 829
1800 39 902
1800 435 832
1800 288 1119
1800 254 558
1800 308 666
1800 393 810
1800 439 827
1800 220 630
1800 449 602
1800 287 527
1800 285 1116
1800 240 534
1800 448 607
1800 309 658
1800 301 568
1800 260 501
1820 410 647
1820 418 841
1820 258 560
1820 308 666
1820 378 836
1820 422 838
1820 219 623
1820 424 516
1820 285 529
1820 241 532
1820 268 852
1820 225 1232
1820 453 651
1820 309 661
1820 299 570
1820 260 500
1840 411 658
1840 255 558
1840 282 668
1840 382 852
1840 410 834
1840 219 627
1840 63 918
1840 284 526
1840 239 534
1840 314 868
1840 299 677
1840 300 567
1840 261 499
1860 325 195
1860 385 692
1860 258 561
1860 308 667
1860 372 558
1860 395 861
1860 382 699
1860 218 627
1860 58 919
1860 289 525
1860 341 495
1860 241 535
1860 308 663
1860 302 566
1860 260 501
1880 432 502
1880 406 837
1880 265 566
1880 285 672
1880 386 860
1880 334 748
1880 219 632
1880 431 503
1880 288 528
1880 347 513
1880 238 532
1880 308 661
1880 301 567
1880 270 494
1900 260 547
1900 307 635
1900 383 863
1900 220 688
1900 404 833
1900 221 630
1900 389 492
1900 288 527
1900 353 476
1900 236 531
1900 463 827
1900 313 654
1900 302 560
1900 260 495
1900 459 416
1920 375 854
1920 412 902
1920 176 605
1920 262 549
1920 292 667
1920 296 441
1920 385 854
1920 407 764
1920 87 689
1920 221 635
1920 412 349
1920 286 527
1920 411 521
1920 233 527
1920 200 616
1920 460 712
1920 301 638
1920 302 564
1920 265 501
1920 405 337
1940 128 511
1940 365 861
1940 259 561
1940 277 669
1940 400 812
1940 344 735
1940 407 824
1940 218 630
1940 442 327
1940 284 529
1940 466 296
1940 240 527
1940 340 734
1940 241 439
1940 467 856
1940 313 666
1940 302 569
1940 47 260
1940 261 485
1940 396 270
1940 149 499
1940 460 300
1960 373 205
1960 98 408
1960 427 947
1960 89 404
1960 260 554
1960 303 672
1960 182 752
1960 428 941
1960 218 623
1960 425 545
1960 287 530
1960 237 527
1960 442 559
1960 300 674
1960 427 956
1960 301 568
1960 47 260
1960 266 499
1960 371 209
1960 396 224
1960 164 438
1980 322 138
1980 79 414
1980 175 485
1980 359 1015
1980 108 280
1980 399 836
1980 260 1168
1980 69 424
1980 258 565
1980 289 665
1980 395 826
1980 353 832
1980 219 618
1980 451 886
1980 383 488
1980 288 528
1980 248 1152
1980 236 534
1980 319 659
1980 301 565
1980 43 267
1980 264 503
1980 328 132
