1800 77 482
1800 417 818
1800 296 1138
1800 16 380
1800 264 561
1800 307 660
1800 369 763
1800 315 811
1800 430 824
1800 279 1127
1800 217 633
1800 283 528
1800 241 529
1800 314 813
1800 282 1134
1800 447 606
1800 298 562
1800 300 568
1800 259 501
1820 411 644
1820 418 840
1820 19 377
1820 265 561
1820 305 661
1820 230 1283
1820 368 832
1820 359 839
1820 422 838
1820 217 624
1820 428 517
1820 285 527
1820 243 530
1820 229 1268
1820 452 654
1820 336 689
1820 415 517
1820 298 567
1820 259 499
1840 408 660
1840 374 298
1840 262 562
1840 284 669
1840 378 854
1840 416 649
1840 216 624
1840 282 527
1840 364 498
1840 242 537
1840 333 663
1840 299 567
1840 260 499
1860 316 185
1860 77 453
1860 264 565
1860 294 595
1860 384 866
1860 356 830
1860 404 832
1860 216 629
1860 69 918
1860 470 517
1860 286 526
1860 340 494
1860 240 533
1860 325 649
1860 300 568
1860 259 501
1880 266 561
1880 296 641
1880 366 846
1880 333 752
1880 217 627
1880 433 504
1880 289 523
1880 347 512
1880 239 532
1880 431 500
1880 301 566
1880 268 494
1900 75 768
1900 266 541
1900 298 613
1900 376 838
1900 350 831
1900 235 676
1900 406 836
1900 62 647
1900 218 634
1900 424 442
1900 287 526
1900 347 473
1900 239 531
1900 471 757
1900 429 438
1900 302 571
1900 257 495
1920 402 866
1920 80 685
1920 411 905
1920 173 607
1920 267 555
1920 299 653
1920 377 859
1920 81 689
1920 217 631
1920 101 678
1920 283 523
1920 403 548
1920 235 529
1920 173 602
1920 466 694
1920 317 589
1920 309 599
1920 265 500
1940 101 583
1940 388 264
1940 375 916
1940 266 564
1940 292 675
1940 368 820
1940 349 731
1940 405 817
1940 217 634
1940 284 527
1940 464 291
1940 241 531
1940 315 668
1940 368 971
1940 300 568
1940 47 260
1940 259 499
1940 124 517
1960 95 426
1960 442 186
1960 419 982
1960 90 405
1960 267 561
1960 303 670
1960 364 173
1960 376 835
1960 345 872
1960 415 983
1960 292 1074
1960 215 625
1960 286 528
1960 256 511
1960 302 1071
1960 453 581
1960 426 949
1960 301 570
1960 47 260
1960 266 501
1960 360 196
1960 397 206
1960 161 440
1980 100 426
1980 275 1172
1980 98 400
1980 265 565
1980 299 614
1980 371 850
1980 353 833
1980 398 825
1980 217 618
1980 285 527
1980 363 489
1980 245 1153
1980 240 532
1980 255 1161
1980 245 1152
1980 477 899
1980 398 1050
1980 301 564
1980 47 272
1980 264 503
1980 81 411
