1800 429 827
1800 298 1196
1800 257 570
1800 314 814
1800 307 661
1800 391 802
1800 234 71
1800 436 823
1800 282 1127
1800 216 631
1800 452 616
1800 280 531
1800 292 1188
1800 240 531
1800 313 814
1800 447 606
1800 306 659
1800 300 567
1800 259 501
1820 408 649
1820 417 838
1820 24 393
1820 256 566
1820 295 672
1820 377 840
1820 352 672
1820 416 834
1820 218 628
1820 428 514
1820 283 529
1820 240 533
1820 379 844
1820 269 852
1820 225 1269
1820 426 394
1820 451 648
1820 304 662
1820 298 567
1820 258 500
1820 426 395
1840 415 647
1840 367 292
1840 378 858
1840 23 418
1840 258 570
1840 286 669
1840 382 851
1840 390 655
1840 402 848
1840 217 626
1840 281 530
1840 363 497
1840 240 536
1840 326 863
1840 302 668
1840 299 569
1840 258 500
1860 322 199
1860 383 703
1860 262 571
1860 303 667
1860 390 861
1860 368 688
1860 402 827
1860 215 627
1860 55 921
1860 471 522
1860 285 529
1860 342 492
1860 239 535
1860 352 837
1860 306 665
1860 298 571
1860 259 502
1860 314 180
1880 65 530
1880 261 564
1880 309 737
1880 299 669
1880 381 856
1880 217 631
1880 430 499
1880 283 526
1880 346 512
1880 241 534
1880 327 750
1880 474 437
1880 303 667
1880 438 508
1880 299 566
1880 23 744
1880 306 671
1880 270 496
1880 456 509
1900 86 756
1900 409 838
1900 260 557
1900 301 662
1900 382 863
1900 406 831
1900 216 629
1900 385 497
1900 286 526
1900 346 487
1900 240 531
1900 352 828
1900 62 644
1900 474 746
1900 310 657
1900 437 448
1900 228 707
1900 297 574
1900 257 496
1900 431 451
1920 456 704
1920 401 896
1920 89 683
1920 417 909
1920 158 644
1920 264 559
1920 289 666
1920 381 862
1920 401 774
1920 404 835
1920 218 630
1920 395 541
1920 284 529
1920 323 473
1920 236 529
1920 348 834
1920 79 688
1920 175 607
1920 103 678
1920 457 705
1920 310 456
1920 300 611
1920 445 413
1920 302 573
1920 265 502
1920 408 387
1920 401 343
1940 102 590
1940 372 292
1940 364 975
1940 58 884
1940 260 572
1940 290 678
1940 388 854
1940 356 732
1940 401 825
1940 216 628
1940 448 1093
1940 283 528
1940 240 532
1940 347 740
1940 102 592
1940 231 430
1940 402 301
1940 467 862
1940 309 665
1940 298 570
1940 45 260
1940 288 747
1940 257 498
1940 403 285
1940 145 493
1940 466 295
1940 127 521
1960 366 177
1960 94 500
1960 358 212
1960 385 860
1960 429 943
1960 91 406
1960 263 570
1960 301 674
1960 189 747
1960 389 863
1960 428 943
1960 300 1072
1960 215 628
1960 420 567
1960 286 529
1960 240 531
1960 307 1079
1960 342 841
1960 265 502
1960 438 558
1960 300 674
1960 248 730
1960 427 967
1960 301 570
1960 46 259
1960 265 501
1960 372 207
1960 355 213
1960 121 382
1980 178 482
1980 354 1034
1980 398 831
1980 272 1231
1980 39 394
1980 260 571
1980 288 667
1980 391 832
1980 397 824
1980 212 632
1980 455 1100
1980 285 529
1980 365 487
1980 251 1151
1980 236 535
1980 351 830
1980 249 1152
1980 382 1071
1980 396 1049
1980 301 567
1980 46 278
1980 296 659
1980 263 503
1980 310 128
1980 35 352
