1800 77 486
1800 442 834
1800 41 914
1800 425 816
1800 287 1126
1800 263 567
1800 316 814
1800 297 642
1800 367 764
1800 236 63
1800 425 814
1800 221 631
1800 284 529
1800 284 1138
1800 241 529
1800 314 813
1800 447 605
1800 308 656
1800 301 570
1800 259 501
1820 410 645
1820 418 835
1820 264 560
1820 293 661
1820 372 840
1820 349 671
1820 418 835
1820 220 626
1820 420 382
1820 285 529
1820 243 530
1820 272 851
1820 231 1268
1820 451 641
1820 310 661
1820 417 516
1820 299 569
1820 259 500
1820 418 383
1840 413 649
1840 412 652
1840 264 563
1840 287 645
1840 371 847
1840 361 613
1840 219 627
1840 285 528
1840 367 498
1840 242 534
1840 312 673
1840 300 567
1840 260 500
1860 312 182
1860 76 458
1860 394 848
1860 264 568
1860 294 646
1860 376 849
1860 366 694
1860 403 825
1860 219 629
1860 286 527
1860 339 490
1860 241 534
1860 362 698
1860 475 510
1860 307 668
1860 300 568
1860 260 501
1860 321 190
1880 397 846
1880 265 562
1880 302 741
1880 291 641
1880 356 840
1880 220 629
1880 430 499
1880 287 524
1880 378 507
1880 239 534
1880 321 734
1880 476 440
1880 332 549
1880 429 500
1880 301 566
1880 268 494
1900 72 656
1900 394 851
1900 262 505
1900 297 653
1900 354 830
1900 232 696
1900 398 830
1900 221 629
1900 422 449
1900 287 526
1900 346 473
1900 241 529
1900 434 388
1900 473 744
1900 305 581
1900 426 425
1900 304 565
1900 258 496
1920 87 690
1920 406 897
1920 173 606
1920 263 551
1920 292 649
1920 296 437
1920 377 838
1920 398 738
1920 110 681
1920 221 632
1920 393 540
1920 284 524
1920 240 530
1920 108 680
1920 460 703
1920 312 459
1920 302 602
1920 404 344
1920 309 489
1920 266 498
1920 406 343
1920 374 369
1940 75 592
1940 347 285
1940 371 848
1940 397 828
1940 148 500
1940 264 568
1940 291 664
1940 366 836
1940 401 819
1940 219 631
1940 423 569
1940 285 527
1940 462 293
1940 244 526
1940 103 590
1940 312 667
1940 300 570
1940 47 261
1940 261 486
1940 385 265
1940 140 492
1940 385 265
1960 371 185
1960 99 432
1960 390 861
1960 92 408
1960 265 562
1960 302 669
1960 189 744
1960 337 195
1960 371 820
1960 428 938
1960 297 1071
1960 219 626
1960 424 548
1960 288 529
1960 242 539
1960 216 473
1960 454 577
1960 300 560
1960 244 711
1960 429 942
1960 302 570
1960 48 259
1960 266 502
1960 369 196
1960 377 212
1960 160 439
1980 93 423
1980 177 485
1980 361 1023
1980 76 747
1980 395 838
1980 275 1170
1980 94 426
1980 265 567
1980 289 600
1980 352 832
1980 396 819
1980 220 618
1980 453 883
1980 287 528
1980 364 487
1980 257 1154
1980 240 530
1980 349 827
1980 369 1039
1980 397 1049
1980 301 567
1980 49 258
1980 263 504
1980 326 118
