1800 436 843
1800 446 851
1800 269 589
1800 309 670
1800 291 652
1800 373 774
1800 316 819
1800 429 830
1800 218 636
1800 278 535
1800 288 1123
1800 242 534
1800 291 1147
1800 460 632
1800 308 667
1800 459 637
1800 301 570
1800 260 501
1820 272 585
1820 310 670
1820 260 689
1820 244 1323
1820 379 850
1820 427 855
1820 220 627
1820 282 534
1820 246 539
1820 453 658
1820 297 568
1820 260 499
1840 406 671
1840 323 868
1840 275 597
1840 285 680
1840 379 848
1840 218 628
1840 284 532
1840 372 506
1840 244 541
1840 305 700
1840 301 568
1840 261 500
1860 336 857
1860 273 595
1860 311 672
1860 388 866
1860 411 840
1860 215 635
1860 55 936
1860 284 532
1860 238 531
1860 301 570
1860 261 502
1880 350 862
1880 275 600
1880 307 671
1880 373 879
1880 334 750
1880 215 643
1880 463 446
1880 290 529
1880 377 513
1880 241 540
1880 452 516
1880 299 665
1880 379 513
1880 302 570
1880 271 496
1900 87 764
1900 460 836
1900 277 600
1900 308 665
1900 381 866
1900 222 633
1900 447 400
1900 290 534
1900 351 474
1900 240 536
1900 437 456
1900 471 814
1900 235 706
1900 236 711
1900 390 508
1900 299 563
1900 258 498
1920 402 813
1920 415 923
1920 276 601
1920 307 668
1920 179 610
1920 311 468
1920 374 864
1920 414 899
1920 222 648
1920 377 371
1920 106 677
1920 285 531
1920 227 553
1920 306 454
1920 184 609
1920 460 710
1920 397 548
1920 303 567
1920 269 502
1920 412 350
1920 404 346
1940 129 520
1940 349 862
1940 276 603
1940 310 680
1940 274 687
1940 371 862
1940 219 639
1940 443 329
1940 287 534
1940 462 303
1940 239 536
1940 75 603
1940 364 965
1940 313 672
1940 427 578
1940 302 569
1940 53 270
1940 273 477
1940 387 266
1940 132 515
1960 97 423
1960 354 215
1960 418 974
1960 92 406
1960 267 617
1960 305 677
1960 266 727
1960 382 870
1960 217 633
1960 286 533
1960 237 537
1960 437 549
1960 303 570
1960 54 266
1960 268 502
1960 378 214
1980 354 854
1980 87 304
1980 271 600
1980 304 663
1980 389 854
1980 212 638
1980 286 533
1980 367 498
1980 263 1161
1980 236 543
1980 151 729
1980 263 1166
1980 363 1042
1980 472 907
1980 375 499
1980 403 1039
1980 302 566
1980 54 270
1980 264 505
