1800 422 806
1800 371 764
1800 35 902
1800 286 1119
1800 263 568
1800 311 665
1800 79 488
1800 317 815
1800 245 69
1800 218 628
1800 393 817
1800 469 634
1800 285 532
1800 283 1131
1800 310 668
1800 445 602
1800 261 500
1800 311 665
1800 240 532
1800 301 571
1820 409 642
1820 360 829
1820 38 879
1820 260 570
1820 306 667
1820 378 811
1820 218 628
1820 419 838
1820 463 645
1820 284 530
1820 223 1255
1820 223 1229
1820 456 637
1820 261 500
1820 309 666
1820 409 637
1820 241 534
1820 299 570
1840 404 659
1840 373 300
1840 363 834
1840 260 567
1840 283 667
1840 356 839
1840 47 884
1840 218 626
1840 395 839
1840 369 495
1840 288 525
1840 326 687
1840 364 497
1840 262 500
1840 316 674
1840 391 652
1840 321 860
1840 241 534
1840 300 572
1860 386 691
1860 354 828
1860 263 570
1860 308 671
1860 382 712
1860 218 629
1860 398 855
1860 345 491
1860 287 527
1860 367 692
1860 282 659
1860 347 496
1860 261 502
1860 308 667
1860 373 681
1860 242 533
1860 301 573
1860 321 187
1880 348 854
1880 258 570
1880 295 657
1880 337 746
1880 219 628
1880 376 515
1880 283 526
1880 322 729
1880 376 516
1880 455 485
1880 268 494
1880 312 670
1880 241 531
1880 301 569
1900 409 839
1900 358 824
1900 261 568
1900 302 628
1900 217 630
1900 403 832
1900 73 647
1900 452 1122
1900 352 469
1900 290 524
1900 349 473
1900 456 765
1900 266 504
1900 324 676
1900 236 705
1900 243 532
1900 308 569
1900 27 361
1900 435 385
1920 390 741
1920 407 339
1920 357 828
1920 52 767
1920 420 900
1920 158 645
1920 264 559
1920 304 673
1920 180 607
1920 381 112
1920 221 632
1920 403 841
1920 81 682
1920 408 574
1920 289 530
1920 320 469
1920 454 714
1920 265 502
1920 302 670
1920 243 535
1920 306 572
1920 315 461
1920 387 369
1940 128 518
1940 382 815
1940 364 294
1940 356 834
1940 129 523
1940 261 568
1940 287 672
1940 127 522
1940 219 627
1940 402 831
1940 287 526
1940 292 744
1940 361 974
1940 420 572
1940 265 482
1940 314 667
1940 242 528
1940 347 1187
1940 300 569
1940 45 280
1940 455 295
1960 87 479
1960 394 861
1960 370 203
1960 373 839
1960 410 997
1960 68 505
1960 119 389
1960 112 93
1960 264 565
1960 302 673
1960 383 78
1960 219 624
1960 396 844
1960 429 939
1960 287 529
1960 217 473
1960 38 540
1960 426 544
1960 428 549
1960 265 502
1960 302 675
1960 240 527
1960 322 1067
1960 301 571
1960 94 408
1960 349 80
1960 158 440
1980 109 465
1980 398 832
1980 353 838
1980 142 724
1980 360 1024
1980 277 1169
1980 112 270
1980 261 569
1980 299 653
1980 354 836
1980 218 622
1980 397 826
1980 443 1012
1980 366 482
1980 286 528
1980 246 1151
1980 356 1015
1980 74 422
1980 360 487
1980 266 503
1980 237 532
1980 367 1113
1980 300 570
1980 79 304
1980 153 726
1980 182 486
