1800 419 827
1800 369 767
1800 429 836
1800 286 1123
1800 262 571
1800 315 821
1800 216 631
1800 390 815
1800 283 533
1800 279 1145
1800 445 603
1800 259 503
1800 307 660
1800 238 533
1800 301 572
1820 402 647
1820 357 833
1820 39 893
1820 259 573
1820 287 677
1820 218 631
1820 417 838
1820 283 531
1820 225 1268
1820 274 857
1820 277 676
1820 220 1230
1820 423 849
1820 456 652
1820 259 503
1820 307 666
1820 410 640
1820 240 537
1820 299 570
1840 396 664
1840 367 299
1840 349 837
1840 258 571
1840 274 675
1840 218 628
1840 393 864
1840 363 500
1840 285 528
1840 315 681
1840 362 499
1840 260 503
1840 310 674
1840 390 654
1840 322 867
1840 240 536
1840 300 572
1860 385 694
1860 352 836
1860 261 570
1860 309 673
1860 385 710
1860 218 631
1860 387 867
1860 340 504
1860 287 529
1860 276 664
1860 340 496
1860 259 507
1860 349 708
1860 378 689
1860 240 538
1860 300 576
1880 342 867
1880 255 580
1880 283 671
1880 333 748
1880 219 631
1880 398 831
1880 374 517
1880 280 526
1880 315 740
1880 358 524
1880 464 439
1880 268 497
1880 305 671
1880 239 532
1880 300 570
1900 461 830
1900 355 834
1900 71 658
1900 262 570
1900 304 665
1900 217 632
1900 400 842
1900 64 646
1900 453 1138
1900 346 474
1900 288 527
1900 278 706
1900 341 473
1900 465 825
1900 264 506
1900 374 709
1900 240 696
1900 232 716
1900 241 538
1900 302 570
1900 27 387
1900 445 401
1920 393 743
1920 403 340
1920 351 835
1920 423 917
1920 157 650
1920 262 562
1920 296 674
1920 179 609
1920 220 636
1920 391 872
1920 79 687
1920 287 529
1920 279 667
1920 427 913
1920 22 521
1920 309 470
1920 456 713
1920 264 504
1920 300 665
1920 241 536
1920 309 580
1920 295 441
1920 377 371
1940 126 526
1940 399 834
1940 358 296
1940 348 843
1940 360 978
1940 138 503
1940 260 578
1940 279 678
1940 357 740
1940 290 743
1940 218 631
1940 400 837
1940 286 529
1940 290 747
1940 261 573
1940 361 978
1940 230 430
1940 420 584
1940 257 500
1940 313 670
1940 240 531
1940 300 569
1940 42 310
1960 80 502
1960 427 943
1960 371 208
1960 376 852
1960 412 988
1960 82 461
1960 118 386
1960 259 576
1960 215 626
1960 395 849
1960 429 945
1960 286 531
1960 214 477
1960 255 726
1960 427 953
1960 36 551
1960 428 551
1960 263 504
1960 301 676
1960 236 528
1960 322 1075
1960 300 572
1960 92 410
1960 148 428
1980 103 468
1980 450 884
1980 349 848
1980 136 738
1980 393 1032
1980 276 1171
1980 91 482
1980 261 574
1980 293 659
1980 84 414
1980 215 625
1980 397 828
1980 446 1032
1980 364 484
1980 285 530
1980 245 1151
1980 265 1183
1980 356 1021
1980 62 422
1980 358 489
1980 264 508
1980 238 537
1980 381 1096
1980 299 571
1980 66 370
1980 142 727
1980 175 499
