1800 319 810
1800 379 903
1800 231 79
1800 256 540
1800 360 756
1800 237 76
1800 396 816
1800 293 538
1800 459 633
1800 241 531
1820 346 816
1820 262 541
1820 390 708
1820 284 553
1820 409 843
1820 289 530
1820 448 608
1820 255 498
1820 303 648
1820 427 536
1840 263 492
1840 273 596
1840 398 674
1840 303 543
1840 356 834
1840 377 638
1860 391 715
1860 344 828
1860 261 494
1860 256 555
1860 348 819
1860 283 538
1860 390 846
1860 292 526
1860 71 465
1860 253 511
1860 239 544
1880 333 900
1880 264 487
1880 256 568
1880 341 774
1880 369 510
1880 287 521
1880 383 841
1880 365 521
1880 461 443
1880 346 508
1900 337 842
1900 278 535
1900 341 839
1900 402 837
1900 298 528
1900 331 491
1900 434 392
1900 421 433
1920 397 769
1920 350 829
1920 375 861
1920 263 571
1920 378 718
1920 401 737
1920 376 857
1920 15 502
1920 337 489
1920 450 415
1920 379 363
1940 368 969
1940 260 536
1940 352 278
1940 353 707
1940 459 844
1940 441 325
1940 293 521
1940 290 523
1940 223 425
1940 425 365
1940 237 535
1940 306 566
1940 306 580
1940 365 263
1960 227 482
1960 268 494
1960 271 589
1960 334 834
1960 293 531
1960 299 527
1960 409 235
1960 281 548
1960 443 535
1960 252 523
1960 448 148
1980 337 852
1980 376 906
1980 260 498
1980 340 832
1980 391 822
1980 371 470
1980 296 528
1980 79 423
1980 54 264
