1800 421 809
1800 288 1121
1800 262 568
1800 217 632
1800 390 818
1800 285 531
1800 310 674
1800 444 608
1800 261 502
1800 310 664
1800 242 532
1800 302 570
1820 406 665
1820 419 385
1820 356 832
1820 262 570
1820 218 631
1820 419 848
1820 285 533
1820 223 1248
1820 307 665
1820 450 660
1820 261 502
1820 307 664
1820 411 643
1820 242 534
1820 301 571
1840 414 651
1840 372 296
1840 347 848
1840 259 571
1840 218 629
1840 395 866
1840 363 500
1840 62 922
1840 287 528
1840 279 674
1840 261 502
1840 303 675
1840 391 656
1840 321 856
1840 242 534
1840 301 571
1860 383 716
1860 352 833
1860 261 570
1860 375 696
1860 219 634
1860 393 857
1860 288 529
1860 308 671
1860 260 505
1860 309 670
1860 384 702
1860 244 535
1860 301 574
1880 344 858
1880 259 584
1880 332 750
1880 219 632
1880 396 830
1880 370 519
1880 285 529
1880 300 669
1880 377 520
1880 464 447
1880 273 502
1880 316 684
1880 241 532
1880 300 572
1900 427 451
1900 355 829
1900 43 799
1900 261 567
1900 218 635
1900 399 839
1900 94 771
1900 450 1119
1900 351 474
1900 290 528
1900 291 679
1900 346 480
1900 462 823
1900 265 506
1900 327 673
1900 240 680
1900 242 533
1900 303 572
1900 453 397
1920 394 749
1920 397 372
1920 346 839
1920 100 686
1920 421 904
1920 159 646
1920 264 563
1920 184 606
1920 394 754
1920 220 640
1920 390 875
1920 83 694
1920 389 374
1920 285 530
1920 283 666
1920 24 537
1920 330 501
1920 452 712
1920 264 503
1920 297 671
1920 242 535
1920 308 593
1920 317 462
1920 400 337
1940 128 526
1940 362 301
1940 344 847
1940 365 975
1940 128 521
1940 260 576
1940 130 517
1940 219 631
1940 397 835
1940 287 528
1940 310 670
1940 364 973
1940 431 578
1940 252 527
1940 313 670
1940 241 531
1940 301 570
1940 73 610
1940 461 303
1960 429 942
1960 373 211
1960 363 841
1960 391 1027
1960 208 740
1960 265 568
1960 256 733
1960 215 628
1960 382 851
1960 429 949
1960 287 533
1960 300 679
1960 214 476
1960 28 649
1960 426 557
1960 433 556
1960 265 504
1960 301 676
1960 238 525
1960 326 1064
1960 302 572
1960 94 411
1960 156 439
1980 104 467
1980 350 848
1980 360 1032
1980 276 1174
1980 257 579
1980 84 412
1980 217 629
1980 395 832
1980 83 759
1980 447 1037
1980 361 492
1980 286 531
1980 246 1153
1980 295 664
1980 51 444
1980 374 492
1980 468 923
1980 265 508
1980 238 534
1980 301 571
1980 65 311
1980 164 508
