1800 383 796
1800 371 772
1800 402 839
1800 285 1122
1800 262 572
1800 315 817
1800 239 67
1800 217 630
1800 391 817
1800 283 531
1800 280 1141
1800 309 664
1800 443 607
1800 260 500
1800 308 658
1800 240 532
1800 300 569
1820 418 649
1820 358 831
1820 36 890
1820 258 571
1820 295 674
1820 218 628
1820 417 838
1820 460 638
1820 283 529
1820 221 1255
1820 276 668
1820 219 1230
1820 452 650
1820 260 500
1820 307 663
1820 409 640
1820 240 535
1820 298 569
1840 401 784
1840 373 301
1840 349 836
1840 258 572
1840 276 667
1840 363 294
1840 218 628
1840 391 860
1840 363 498
1840 284 525
1840 312 684
1840 368 500
1840 260 500
1840 309 673
1840 390 654
1840 323 868
1840 240 534
1840 299 570
1840 31 392
1860 382 702
1860 353 831
1860 260 570
1860 305 657
1860 218 630
1860 384 867
1860 342 497
1860 286 527
1860 329 672
1860 279 661
1860 342 497
1860 259 501
1860 339 699
1860 370 687
1860 241 536
1860 300 573
1860 25 439
1880 346 855
1880 256 572
1880 296 662
1880 332 752
1880 219 628
1880 397 831
1880 347 513
1880 280 525
1880 311 737
1880 371 519
1880 431 504
1880 265 495
1880 306 670
1880 239 531
1880 299 567
1900 397 831
1900 356 828
1900 258 569
1900 304 664
1900 217 631
1900 398 835
1900 71 651
1900 454 1136
1900 352 472
1900 288 526
1900 277 696
1900 344 473
1900 459 808
1900 261 500
1900 337 690
1900 231 687
1900 233 702
1900 241 533
1900 302 568
1900 342 472
1900 435 427
1920 391 746
1920 402 337
1920 352 828
1920 33 745
1920 421 913
1920 157 645
1920 260 561
1920 295 679
1920 179 607
1920 374 141
1920 219 633
1920 412 893
1920 80 690
1920 452 1123
1920 396 540
1920 285 528
1920 295 679
1920 16 644
1920 316 472
1920 453 743
1920 264 501
1920 295 677
1920 241 534
1920 305 571
1920 314 462
1920 376 374
1940 127 524
1940 389 810
1940 353 293
1940 353 826
1940 365 971
1940 127 524
1940 258 572
1940 219 627
1940 399 831
1940 285 527
1940 293 737
1940 357 983
1940 419 579
1940 258 496
1940 312 664
1940 240 530
1940 298 569
1940 457 309
1960 76 502
1960 390 857
1960 366 202
1960 365 834
1960 395 1012
1960 69 510
1960 216 744
1960 257 575
1960 216 626
1960 393 838
1960 428 941
1960 285 530
1960 257 724
1960 403 978
1960 42 523
1960 424 551
1960 264 502
1960 299 671
1960 237 527
1960 183 749
1960 312 1077
1960 301 569
1960 92 407
1960 158 442
1980 105 466
1980 395 830
1980 352 835
1980 144 725
1980 368 1031
1980 274 1171
1980 259 571
1980 291 657
1980 102 449
1980 218 624
1980 396 827
1980 442 1041
1980 361 491
1980 284 529
1980 244 1151
1980 356 1013
1980 48 300
1980 361 491
1980 471 916
1980 264 503
1980 391 816
1980 238 535
1980 376 1110
1980 299 568
1980 71 356
1980 140 724
