1800 428 812
1800 368 763
1800 284 1124
1800 263 569
1800 317 812
1800 217 630
1800 391 813
1800 286 530
1800 445 600
1800 260 501
1800 308 660
1800 239 532
1800 301 572
1820 408 640
1820 355 834
1820 262 570
1820 218 630
1820 418 840
1820 462 640
1820 285 528
1820 221 1244
1820 454 630
1820 260 500
1820 307 665
1820 410 637
1820 240 534
1820 300 569
1840 414 652
1840 373 293
1840 347 838
1840 260 568
1840 217 627
1840 392 863
1840 364 496
1840 287 526
1840 363 496
1840 261 501
1840 309 673
1840 387 652
1840 240 534
1840 300 572
1860 383 714
1860 345 842
1860 265 570
1860 383 702
1860 217 632
1860 388 864
1860 342 494
1860 288 527
1860 278 663
1860 342 492
1860 260 503
1860 336 697
1860 371 681
1860 242 534
1860 301 574
1880 344 863
1880 257 577
1880 305 670
1880 336 743
1880 219 632
1880 400 825
1880 348 510
1880 284 527
1880 313 732
1880 374 510
1880 465 431
1880 270 497
1880 302 670
1880 239 531
1880 301 572
1900 354 833
1900 263 567
1900 217 631
1900 400 841
1900 69 650
1900 352 471
1900 290 525
1900 342 470
1900 457 794
1900 265 505
1900 325 680
1900 233 680
1900 230 719
1900 241 535
1900 307 573
1900 439 386
1920 393 744
1920 405 340
1920 349 832
1920 38 749
1920 266 565
1920 301 663
1920 219 635
1920 397 834
1920 79 685
1920 395 540
1920 290 530
1920 322 471
1920 451 708
1920 265 502
1920 300 663
1920 240 533
1920 306 570
1920 378 368
1940 127 526
1940 398 846
1940 362 294
1940 348 840
1940 143 515
1940 261 572
1940 307 671
1940 218 631
1940 399 834
1940 287 526
1940 292 736
1940 357 981
1940 417 577
1940 261 491
1940 312 670
1940 240 529
1940 301 570
1940 464 290
1960 88 484
1960 417 938
1960 370 178
1960 361 832
1960 417 968
1960 264 566
1960 213 624
1960 383 837
1960 35 577
1960 428 944
1960 287 529
1960 216 476
1960 42 521
1960 426 546
1960 264 503
1960 301 674
1960 236 522
1960 318 1068
1960 301 572
1960 93 411
1980 106 467
1980 449 883
1980 350 843
1980 361 1003
1980 269 1171
1980 262 570
1980 298 650
1980 214 617
1980 397 827
1980 441 1015
1980 359 485
1980 286 528
1980 242 1151
1980 355 1021
1980 366 482
1980 265 505
1980 237 534
1980 300 570
1980 74 351
1980 146 727
1980 177 487
