1800 436 825
1800 369 765
1800 393 820
1800 286 1118
1800 260 567
1800 261 70
1800 217 630
1800 392 816
1800 285 531
1800 304 646
1800 447 606
1800 261 499
1800 309 663
1800 314 817
1800 240 532
1800 301 570
1820 410 638
1820 357 832
1820 259 574
1820 218 628
1820 420 843
1820 285 531
1820 216 1238
1820 308 664
1820 452 647
1820 261 500
1820 309 664
1820 410 640
1820 242 534
1820 299 569
1840 393 660
1840 370 290
1840 359 830
1840 259 570
1840 80 458
1840 218 628
1840 401 858
1840 364 498
1840 286 528
1840 305 671
1840 370 499
1840 261 501
1840 311 672
1840 390 654
1840 318 859
1840 242 536
1840 300 570
1860 387 697
1860 353 833
1860 261 571
1860 218 630
1860 398 852
1860 287 528
1860 307 668
1860 280 632
1860 260 503
1860 340 707
1860 385 691
1860 242 535
1860 300 574
1880 348 850
1880 256 584
1880 301 660
1880 334 750
1880 219 628
1880 397 828
1880 378 513
1880 283 526
1880 307 746
1880 377 513
1880 435 508
1880 271 497
1880 315 673
1880 240 532
1880 300 571
1900 462 819
1900 356 827
1900 264 567
1900 307 663
1900 218 633
1900 401 830
1900 90 767
1900 452 1151
1900 350 473
1900 290 526
1900 304 673
1900 349 473
1900 462 828
1900 262 499
1900 303 607
1900 229 666
1900 241 533
1900 304 570
1900 349 473
1900 443 390
1920 396 745
1920 357 825
1920 425 911
1920 157 643
1920 262 558
1920 181 607
1920 218 636
1920 407 813
1920 80 690
1920 287 528
1920 337 488
1920 454 710
1920 265 501
1920 305 608
1920 242 535
1920 304 573
1920 318 467
1920 378 371
1940 127 522
1940 401 833
1940 357 293
1940 352 827
1940 388 972
1940 126 521
1940 263 575
1940 127 524
1940 445 335
1940 287 671
1940 219 630
1940 398 838
1940 287 528
1940 293 742
1940 361 973
1940 423 578
1940 263 495
1940 314 665
1940 240 529
1940 300 570
1940 411 334
1940 465 300
1960 80 481
1960 365 199
1960 355 828
1960 377 1027
1960 265 569
1960 331 71
1960 217 627
1960 385 849
1960 428 945
1960 286 529
1960 218 473
1960 408 973
1960 28 615
1960 425 545
1960 429 547
1960 265 503
1960 242 529
1960 319 1066
1960 301 570
1960 94 410
1960 335 63
1980 106 465
1980 352 840
1980 393 1018
1980 280 1150
1980 261 570
1980 292 656
1980 106 455
1980 217 630
1980 398 829
1980 83 755
1980 445 1035
1980 371 485
1980 285 529
1980 246 1150
1980 354 1013
1980 69 430
1980 380 491
1980 477 927
1980 265 505
1980 238 533
1980 367 1013
1980 300 570
1980 73 360
1980 150 728
1980 175 490
