1800 412 821
1800 368 763
1800 286 1121
1800 264 569
1800 315 814
1800 265 75
1800 218 630
1800 391 819
1800 284 531
1800 280 1139
1800 445 597
1800 261 500
1800 308 660
1800 439 826
1800 239 532
1800 302 571
1820 407 654
1820 358 829
1820 37 887
1820 261 568
1820 303 668
1820 274 851
1820 218 630
1820 418 842
1820 283 529
1820 225 1246
1820 224 1237
1820 454 639
1820 261 500
1820 306 667
1820 410 640
1820 241 537
1820 299 568
1840 408 657
1840 374 299
1840 354 830
1840 261 566
1840 278 669
1840 218 628
1840 394 865
1840 365 496
1840 286 526
1840 365 497
1840 262 500
1840 310 672
1840 390 652
1840 318 860
1840 240 533
1840 300 570
1860 386 710
1860 353 831
1860 266 564
1860 310 670
1860 354 839
1860 218 631
1860 389 865
1860 344 497
1860 287 528
1860 278 663
1860 344 494
1860 261 501
1860 345 705
1860 370 685
1860 241 534
1860 303 575
1880 346 856
1880 258 574
1880 298 659
1880 335 745
1880 219 630
1880 399 833
1880 353 526
1880 282 525
1880 317 740
1880 376 514
1880 466 434
1880 269 494
1880 305 670
1880 240 530
1880 302 573
1880 459 433
1900 456 839
1900 356 829
1900 264 568
1900 308 663
1900 218 633
1900 401 844
1900 66 647
1900 454 1144
1900 356 475
1900 288 525
1900 277 669
1900 343 472
1900 463 821
1900 266 504
1900 332 679
1900 238 688
1900 235 702
1900 242 533
1900 308 570
1900 28 382
1900 427 384
1900 444 394
1920 393 745
1920 403 336
1920 356 834
1920 34 742
1920 424 920
1920 157 646
1920 265 557
1920 179 604
1920 378 368
1920 221 638
1920 393 869
1920 79 683
1920 288 529
1920 26 521
1920 332 474
1920 457 714
1920 265 503
1920 300 662
1920 242 532
1920 307 571
1920 393 363
1940 127 523
1940 387 811
1940 358 290
1940 354 833
1940 375 977
1940 127 521
1940 264 570
1940 126 521
1940 298 713
1940 219 630
1940 401 833
1940 287 526
1940 292 743
1940 363 974
1940 233 429
1940 421 572
1940 265 481
1940 312 665
1940 241 529
1940 301 569
1940 41 285
1940 463 291
1960 80 498
1960 428 941
1960 369 179
1960 368 830
1960 409 1004
1960 82 412
1960 261 573
1960 216 628
1960 388 838
1960 430 948
1960 286 529
1960 216 475
1960 35 554
1960 425 542
1960 431 550
1960 265 502
1960 298 678
1960 239 525
1960 303 1064
1960 302 571
1960 93 409
1960 157 440
1980 108 466
1980 450 882
1980 351 844
1980 139 711
1980 397 1030
1980 275 1169
1980 262 568
1980 301 653
1980 104 433
1980 219 623
1980 397 830
1980 444 1026
1980 364 484
1980 284 529
1980 248 1151
1980 279 1161
1980 358 1023
1980 53 289
1980 360 489
1980 470 910
1980 266 506
1980 331 678
1980 238 533
1980 301 571
1980 69 348
1980 152 727
