1800 299 825
1800 382 892
1800 255 536
1800 213 614
1800 371 755
1800 281 526
1800 261 500
1800 288 593
1800 239 523
1820 444 638
1820 360 695
1820 263 543
1820 216 619
1820 283 524
1820 429 519
1820 260 498
1820 298 635
1820 245 519
1840 314 850
1840 261 573
1840 218 623
1840 357 502
1840 283 524
1840 374 842
1840 262 496
1840 289 595
1840 241 524
1840 299 547
1860 361 672
1860 332 845
1860 254 558
1860 213 615
1860 281 527
1860 259 499
1860 298 601
1860 242 524
1880 257 578
1880 348 853
1880 214 615
1880 279 495
1880 341 508
1880 429 496
1880 268 489
1880 295 553
1880 243 523
1880 302 562
1880 339 518
1900 89 738
1900 272 534
1900 219 629
1900 288 525
1900 257 492
1900 250 496
1920 372 726
1920 360 791
1920 441 894
1920 260 557
1920 378 325
1920 219 639
1920 386 747
1920 291 508
1920 399 861
1920 312 454
1920 456 692
1920 260 499
1920 307 559
1920 232 532
1920 163 616
1920 316 468
1940 392 973
1940 258 568
1940 364 264
1940 212 617
1940 276 464
1940 251 470
1940 299 647
1940 235 525
1940 300 557
1940 401 300
1960 356 168
1960 260 580
1960 351 839
1960 203 586
1960 412 963
1960 290 527
1960 427 543
1960 267 501
1960 223 468
1960 301 556
1960 96 402
1980 345 118
1980 338 883
1980 251 1149
1980 251 578
1980 216 589
1980 387 829
1980 348 482
1980 278 511
1980 383 846
1980 265 501
1980 233 532
1980 304 563
