1800 414 793
1800 66 880
1800 279 1154
1800 254 565
1800 216 632
1800 389 812
1800 275 535
1800 448 601
1800 254 513
1800 301 643
1800 234 530
1800 299 568
1820 393 661
1820 258 566
1820 217 628
1820 423 849
1820 283 533
1820 444 567
1820 257 501
1820 299 655
1820 238 537
1820 297 580
1820 422 385
1840 413 655
1840 258 578
1840 218 630
1840 394 791
1840 281 531
1840 399 862
1840 251 526
1840 282 678
1840 233 543
1840 296 568
1840 364 493
1860 366 673
1860 350 834
1860 252 580
1860 216 629
1860 389 846
1860 282 531
1860 338 502
1860 253 518
1860 293 647
1860 378 689
1860 237 538
1860 297 573
1860 325 196
1880 253 592
1880 301 578
1880 326 717
1880 322 720
1880 217 624
1880 398 820
1880 361 522
1880 284 526
1880 363 526
1880 447 505
1880 264 496
1880 296 626
1880 330 718
1880 233 533
1880 297 583
1880 433 511
1900 457 812
1900 68 762
1900 260 566
1900 361 833
1900 219 632
1900 387 815
1900 342 471
1900 286 529
1900 332 492
1900 463 807
1900 256 499
1900 302 663
1900 234 527
1900 296 576
1900 421 441
1920 376 736
1920 376 836
1920 424 912
1920 259 575
1920 218 644
1920 390 785
1920 410 353
1920 286 531
1920 416 908
1920 318 471
1920 258 511
1920 291 672
1920 230 539
1920 294 444
1940 366 741
1940 381 287
1940 252 575
1940 427 334
1940 216 627
1940 472 895
1940 444 331
1940 287 527
1940 362 859
1940 409 385
1940 452 310
1940 241 527
1940 305 680
1940 229 543
1940 298 571
1940 416 309
1940 458 293
1960 435 944
1960 416 237
1960 241 615
1960 201 632
1960 380 809
1960 428 959
1960 286 532
1960 36 547
1960 432 186
1960 434 552
1960 261 506
1960 292 698
1960 212 476
1960 298 570
1960 91 400
1980 448 885
1980 346 849
1980 64 736
1980 377 1027
1980 260 1160
1980 247 589
1980 209 632
1980 391 825
1980 354 483
1980 282 531
1980 242 1153
1980 372 1041
1980 260 514
1980 309 670
1980 374 1090
1980 296 574
1980 71 326
1980 320 134
