1800 383 794
1800 367 776
1800 37 875
1800 283 1125
1800 260 564
1800 217 628
1800 389 806
1800 48 924
1800 283 530
1800 309 667
1800 447 599
1800 260 501
1800 308 655
1800 312 818
1800 239 531
1800 301 569
1820 421 840
1820 356 825
1820 260 568
1820 217 625
1820 418 846
1820 284 531
1820 221 1263
1820 308 664
1820 406 635
1820 435 531
1820 259 501
1820 302 659
1820 410 637
1820 240 533
1820 299 570
1840 371 298
1840 339 851
1840 257 565
1840 218 623
1840 396 869
1840 360 501
1840 286 527
1840 276 665
1840 361 498
1840 259 502
1840 292 668
1840 388 656
1840 315 852
1840 240 534
1840 299 569
1860 381 703
1860 353 830
1860 262 564
1860 219 630
1860 395 852
1860 366 554
1860 287 528
1860 309 664
1860 278 656
1860 340 494
1860 259 504
1860 373 687
1860 241 534
1860 298 572
1880 343 867
1880 257 572
1880 217 625
1880 350 522
1880 281 525
1880 299 660
1880 344 514
1880 433 506
1880 265 496
1880 304 664
1880 237 530
1880 299 568
1880 20 395
1900 355 828
1900 65 645
1900 263 565
1900 217 630
1900 396 835
1900 78 764
1900 451 1155
1900 344 474
1900 289 526
1900 301 663
1900 340 482
1900 464 822
1900 257 498
1900 302 662
1900 240 532
1900 298 561
1900 439 385
1920 393 748
1920 398 337
1920 357 820
1920 101 724
1920 424 920
1920 259 558
1920 217 631
1920 398 839
1920 79 688
1920 403 383
1920 282 525
1920 285 654
1920 22 603
1920 310 463
1920 455 693
1920 263 503
1920 441 704
1920 240 533
1920 302 570
1920 374 369
1940 126 526
1940 373 860
1940 346 283
1940 350 821
1940 366 962
1940 124 518
1940 259 565
1940 126 516
1940 387 276
1940 217 626
1940 283 524
1940 310 674
1940 361 978
1940 16 736
1940 430 577
1940 255 501
1940 308 667
1940 238 528
1940 299 568
1940 451 306
1960 389 867
1960 369 206
1960 360 850
1960 404 1013
1960 205 744
1960 262 575
1960 84 495
1960 212 621
1960 378 849
1960 428 940
1960 285 531
1960 214 475
1960 32 620
1960 430 548
1960 264 503
1960 298 677
1960 240 486
1960 316 1055
1960 300 567
1960 93 406
1960 155 443
1980 101 461
1980 396 825
1980 351 836
1980 362 1030
1980 269 1161
1980 99 452
1980 109 283
1980 259 569
1980 90 416
1980 219 628
1980 394 827
1980 433 1048
1980 358 488
1980 286 530
1980 239 1156
1980 295 651
1980 52 343
1980 374 486
1980 474 933
1980 264 506
1980 236 532
1980 300 567
1980 62 346
1980 171 491
