1800 404 807
1800 368 759
1800 448 852
1800 284 1124
1800 277 564
1800 220 628
1800 392 814
1800 292 532
1800 290 1108
1800 298 1110
1800 295 574
1800 446 608
1800 263 502
1800 310 665
1800 445 839
1800 315 816
1800 244 528
1800 304 570
1820 413 644
1820 360 819
1820 249 1316
1820 277 573
1820 220 625
1820 418 847
1820 288 531
1820 240 1286
1820 302 653
1820 13 648
1820 421 508
1820 456 655
1820 263 501
1820 306 666
1820 405 655
1820 255 524
1820 302 570
1840 418 638
1840 352 838
1840 270 582
1840 218 626
1840 392 830
1840 371 494
1840 290 529
1840 289 668
1840 399 851
1840 265 500
1840 299 670
1840 393 652
1840 323 851
1840 247 528
1840 302 568
1860 388 690
1860 358 837
1860 277 575
1860 220 629
1860 397 843
1860 291 529
1860 302 613
1860 343 498
1860 264 509
1860 315 673
1860 389 692
1860 255 523
1860 313 592
1880 347 854
1880 274 582
1880 335 749
1880 219 625
1880 388 830
1880 381 503
1880 296 529
1880 309 653
1880 378 511
1880 467 436
1880 278 500
1880 308 650
1880 339 746
1880 249 537
1880 316 587
1900 392 825
1900 352 827
1900 82 731
1900 277 586
1900 221 631
1900 397 826
1900 382 493
1900 297 535
1900 296 666
1900 17 681
1900 347 473
1900 269 504
1900 313 668
1900 460 827
1900 256 515
1900 436 387
1920 387 734
1920 364 830
1920 435 907
1920 285 566
1920 220 638
1920 408 778
1920 82 687
1920 408 344
1920 314 548
1920 305 612
1920 418 902
1920 334 474
1920 462 710
1920 268 503
1920 315 590
1920 456 717
1920 249 540
1920 158 645
1920 321 469
1920 405 343
1940 137 518
1940 393 272
1940 355 824
1940 378 974
1940 275 581
1940 220 626
1940 399 822
1940 457 303
1940 295 528
1940 317 672
1940 364 836
1940 270 469
1940 318 670
1940 363 735
1940 248 530
1940 302 572
1940 390 266
1940 386 287
1940 449 308
1960 392 804
1960 372 830
1960 286 586
1960 217 628
1960 393 827
1960 435 963
1960 295 534
1960 302 678
1960 219 474
1960 26 517
1960 445 180
1960 440 557
1960 272 510
1960 298 680
1960 235 481
1960 303 572
1960 96 405
1960 164 436
1980 447 879
1980 353 841
1980 81 758
1980 275 571
1980 219 626
1980 394 824
1980 367 482
1980 293 530
1980 256 1153
1980 259 1156
1980 302 628
1980 68 424
1980 472 925
1980 268 504
1980 243 535
1980 302 573
1980 78 306
1980 158 719
1980 175 493
