1800 421 834
1800 374 767
1800 289 1114
1800 266 570
1800 311 668
1800 319 815
1800 218 628
1800 395 819
1800 287 530
1800 283 1140
1800 447 599
1800 261 501
1800 312 669
1800 318 818
1800 240 532
1800 301 571
1820 411 650
1820 361 835
1820 36 888
1820 261 568
1820 306 673
1820 218 628
1820 422 839
1820 459 632
1820 286 529
1820 221 1246
1820 363 839
1820 285 646
1820 221 1250
1820 457 642
1820 261 500
1820 308 666
1820 412 643
1820 279 853
1820 241 535
1820 300 571
1840 417 650
1840 373 295
1840 355 835
1840 261 566
1840 286 670
1840 219 627
1840 396 859
1840 369 498
1840 289 524
1840 364 619
1840 373 501
1840 262 502
1840 315 675
1840 393 653
1840 326 868
1840 241 535
1840 300 573
1840 29 389
1860 386 704
1860 356 832
1860 266 571
1860 308 672
1860 388 704
1860 218 629
1860 393 859
1860 349 502
1860 289 526
1860 380 688
1860 284 670
1860 347 496
1860 262 502
1860 307 668
1860 377 683
1860 243 535
1860 301 574
1880 349 854
1880 258 573
1880 303 665
1880 342 746
1880 218 625
1880 401 810
1880 355 513
1880 286 527
1880 323 736
1880 263 573
1880 379 508
1880 465 434
1880 271 497
1880 310 672
1880 241 531
1880 301 573
1900 461 819
1900 358 825
1900 264 567
1900 310 666
1900 219 631
1900 402 831
1900 68 647
1900 454 1145
1900 359 474
1900 291 525
1900 278 687
1900 351 473
1900 467 812
1900 266 507
1900 328 681
1900 240 687
1900 236 708
1900 242 534
1900 307 574
1900 31 385
1900 436 396
1920 396 746
1920 405 339
1920 355 831
1920 35 744
1920 425 922
1920 159 646
1920 265 563
1920 304 670
1920 179 608
1920 220 633
1920 397 862
1920 80 690
1920 291 532
1920 291 569
1920 316 465
1920 457 711
1920 266 503
1920 311 611
1920 243 536
1920 308 577
1920 299 441
1920 403 336
1940 127 524
1940 399 838
1940 370 290
1940 354 823
1940 363 976
1940 263 571
1940 290 674
1940 219 626
1940 401 834
1940 289 526
1940 302 771
1940 276 538
1940 360 977
1940 420 579
1940 264 496
1940 312 670
1940 241 529
1940 300 571
1940 42 297
1940 461 290
1960 72 507
1960 377 213
1960 370 837
1960 402 1007
1960 68 509
1960 265 568
1960 303 673
1960 219 624
1960 429 941
1960 288 528
1960 215 476
1960 34 524
1960 429 551
1960 265 503
1960 306 676
1960 237 526
1960 320 1059
1960 301 572
1960 94 409
1960 349 62
1960 157 440
1980 106 469
1980 452 883
1980 354 839
1980 402 1038
1980 281 1166
1980 262 568
1980 305 669
1980 219 624
1980 398 828
1980 443 1050
1980 365 484
1980 287 528
1980 248 1149
1980 355 1013
1980 50 301
1980 374 476
1980 267 506
1980 239 532
1980 377 1105
1980 300 572
1980 58 305
1980 150 726
1980 181 487
