1800 430 817
1800 369 764
1800 34 887
1800 402 841
1800 285 1124
1800 262 570
1800 233 64
1800 216 630
1800 392 815
1800 284 532
1800 287 604
1800 445 599
1800 259 502
1800 307 658
1800 313 819
1800 239 532
1800 301 572
1820 411 645
1820 436 399
1820 356 830
1820 37 890
1820 259 569
1820 272 857
1820 218 630
1820 419 842
1820 465 650
1820 283 531
1820 218 1251
1820 280 617
1820 430 516
1820 259 502
1820 304 665
1820 410 639
1820 240 535
1820 299 573
1840 409 659
1840 372 297
1840 352 831
1840 33 876
1840 259 569
1840 274 679
1840 188 1371
1840 217 628
1840 394 866
1840 364 502
1840 284 530
1840 312 686
1840 362 499
1840 260 502
1840 306 675
1840 390 656
1840 323 862
1840 240 535
1840 300 572
1860 384 699
1860 351 838
1860 28 880
1860 261 570
1860 308 672
1860 378 708
1860 217 631
1860 398 852
1860 342 501
1860 287 529
1860 308 677
1860 275 666
1860 341 497
1860 259 507
1860 307 668
1860 384 689
1860 241 536
1860 301 574
1880 344 864
1880 256 581
1880 280 670
1880 331 746
1880 218 628
1880 399 826
1880 345 517
1880 279 527
1880 311 734
1880 266 581
1880 21 717
1880 345 517
1880 432 501
1880 268 499
1880 301 666
1880 240 532
1880 300 572
1900 400 830
1900 356 829
1900 88 764
1900 261 565
1900 304 664
1900 216 633
1900 401 835
1900 86 767
1900 451 1112
1900 349 474
1900 288 526
1900 276 589
1900 343 473
1900 454 785
1900 264 507
1900 305 667
1900 233 687
1900 233 710
1900 242 536
1900 303 576
1900 345 478
1900 441 389
1920 391 746
1920 403 344
1920 355 826
1920 87 698
1920 428 920
1920 157 648
1920 262 559
1920 296 675
1920 219 636
1920 402 843
1920 78 687
1920 395 543
1920 283 527
1920 273 572
1920 17 518
1920 330 478
1920 459 715
1920 263 503
1920 297 666
1920 241 534
1920 304 573
1920 299 443
1920 378 374
1940 126 526
1940 395 834
1940 356 297
1940 353 826
1940 365 973
1940 127 525
1940 260 579
1940 124 525
1940 291 709
1940 218 630
1940 400 828
1940 284 529
1940 292 734
1940 274 581
1940 360 973
1940 19 721
1940 422 581
1940 255 507
1940 309 669
1940 242 529
1940 299 571
1940 39 284
1940 414 331
1940 466 293
1960 364 189
1960 81 498
1960 365 203
1960 359 824
1960 407 1002
1960 90 411
1960 259 576
1960 373 94
1960 213 630
1960 393 842
1960 429 946
1960 285 532
1960 212 478
1960 417 1000
1960 31 571
1960 425 550
1960 263 505
1960 300 677
1960 242 531
1960 330 1057
1960 301 572
1960 92 409
1960 337 89
1960 149 433
1980 104 467
1980 448 881
1980 351 841
1980 128 714
1980 401 1020
1980 280 1150
1980 70 425
1980 109 284
1980 260 572
1980 300 658
1980 99 450
1980 213 626
1980 397 830
1980 81 760
1980 443 1015
1980 364 494
1980 284 531
1980 243 1155
1980 283 1157
1980 268 576
1980 357 1022
1980 51 307
1980 362 491
1980 265 509
1980 239 537
1980 299 572
1980 67 323
1980 141 730
1980 174 493
