1800 418 805
1800 368 760
1800 284 1122
1800 259 566
1800 217 628
1800 377 783
1800 288 528
1800 290 601
1800 429 612
1800 443 607
1800 260 501
1800 308 649
1800 239 528
1800 302 568
1820 409 645
1820 355 827
1820 259 574
1820 217 626
1820 285 528
1820 226 1258
1820 282 670
1820 217 1231
1820 453 652
1820 261 499
1820 304 656
1820 240 532
1820 298 565
1840 375 302
1840 340 844
1840 258 567
1840 217 625
1840 392 839
1840 366 495
1840 287 525
1840 276 660
1840 260 500
1840 297 670
1840 376 641
1840 238 530
1840 300 565
1860 383 694
1860 356 822
1860 255 571
1860 386 697
1860 218 630
1860 395 844
1860 289 527
1860 286 643
1860 340 501
1860 260 502
1860 375 688
1860 240 531
1860 300 569
1880 334 856
1880 254 584
1880 289 592
1880 218 626
1880 364 517
1880 288 526
1880 283 656
1880 361 535
1880 268 494
1880 309 667
1880 237 529
1880 300 567
1900 355 828
1900 68 652
1900 264 566
1900 217 630
1900 396 830
1900 347 471
1900 289 526
1900 281 683
1900 340 474
1900 465 828
1900 258 496
1900 316 684
1900 230 666
1900 240 530
1900 302 558
1920 394 745
1920 359 813
1920 415 901
1920 260 557
1920 178 604
1920 217 633
1920 393 785
1920 78 680
1920 288 526
1920 286 648
1920 28 529
1920 330 477
1920 455 707
1920 263 501
1920 239 530
1920 314 597
1920 297 441
1920 177 605
1920 398 335
1940 126 523
1940 370 285
1940 349 823
1940 138 498
1940 257 575
1940 141 493
1940 289 665
1940 217 627
1940 388 825
1940 287 527
1940 299 652
1940 269 540
1940 355 834
1940 245 500
1940 305 664
1940 238 528
1940 300 568
1940 100 589
1940 468 295
1960 430 940
1960 370 181
1960 350 828
1960 400 1016
1960 259 576
1960 208 623
1960 381 836
1960 432 946
1960 287 529
1960 301 680
1960 216 472
1960 41 520
1960 425 544
1960 431 550
1960 265 501
1960 223 470
1960 301 568
1960 93 405
1980 348 101
1980 104 457
1980 348 837
1980 395 1032
1980 276 1166
1980 87 424
1980 255 577
1980 93 415
1980 215 625
1980 392 819
1980 359 486
1980 287 527
1980 246 1151
1980 280 634
1980 70 442
1980 372 488
1980 264 501
1980 235 530
1980 301 565
1980 77 306
1980 176 483
