1800 430 820
1800 367 762
1800 285 1122
1800 259 566
1800 217 631
1800 390 804
1800 284 528
1800 309 669
1800 448 600
1800 260 500
1800 307 655
1800 239 530
1800 302 569
1820 406 639
1820 422 387
1820 357 832
1820 257 570
1820 218 629
1820 417 833
1820 285 529
1820 220 1239
1820 307 664
1820 222 1252
1820 413 645
1820 450 628
1820 260 500
1820 306 662
1820 279 849
1820 240 531
1820 300 569
1840 391 659
1840 373 297
1840 346 837
1840 257 568
1840 218 628
1840 388 831
1840 363 497
1840 286 527
1840 290 670
1840 363 496
1840 260 500
1840 300 672
1840 390 653
1840 315 860
1840 239 529
1840 300 572
1860 382 701
1860 352 829
1860 260 570
1860 385 702
1860 219 632
1860 395 849
1860 287 527
1860 308 664
1860 340 491
1860 259 502
1860 317 678
1860 370 683
1860 241 531
1860 301 573
1880 345 860
1880 258 572
1880 219 627
1880 348 510
1880 279 523
1880 299 663
1880 347 511
1880 432 501
1880 266 495
1880 307 665
1880 238 529
1880 300 569
1900 428 383
1900 355 826
1900 260 568
1900 217 632
1900 397 828
1900 347 467
1900 289 525
1900 303 662
1900 340 471
1900 458 821
1900 258 497
1900 307 669
1900 240 531
1900 301 567
1900 443 388
1920 391 744
1920 392 359
1920 349 834
1920 31 742
1920 156 644
1920 260 564
1920 218 635
1920 386 860
1920 76 680
1920 285 525
1920 287 659
1920 278 581
1920 28 524
1920 313 461
1920 458 710
1920 263 502
1920 297 601
1920 239 531
1920 304 571
1920 376 371
1940 126 522
1940 360 731
1940 352 289
1940 346 839
1940 365 963
1940 126 517
1940 256 573
1940 128 516
1940 422 323
1940 307 679
1940 218 628
1940 396 828
1940 285 526
1940 311 667
1940 365 972
1940 426 566
1940 252 494
1940 307 665
1940 240 527
1940 300 570
1940 100 584
1940 383 266
1940 456 282
1960 366 176
1960 81 477
1960 363 198
1960 360 840
1960 419 957
1960 258 572
1960 215 624
1960 376 802
1960 427 943
1960 285 531
1960 303 675
1960 215 476
1960 410 965
1960 36 539
1960 428 548
1960 264 502
1960 300 674
1960 327 1059
1960 301 570
1960 93 406
1960 367 198
1980 107 461
1980 396 825
1980 349 844
1980 398 1029
1980 277 1167
1980 257 573
1980 95 420
1980 218 625
1980 396 825
1980 444 1024
1980 359 486
1980 285 528
1980 249 1149
1980 293 659
1980 355 1018
1980 53 293
1980 264 503
1980 235 533
1980 300 569
1980 83 301
1980 147 727
1980 175 490
