1800 406 835
1800 366 763
1800 36 886
1800 283 1125
1800 259 576
1800 218 633
1800 385 803
1800 285 532
1800 279 1131
1800 307 667
1800 443 612
1800 259 503
1800 307 662
1800 240 533
1800 300 573
1820 406 651
1820 354 831
1820 34 871
1820 261 589
1820 218 630
1820 412 840
1820 285 532
1820 216 1259
1820 293 665
1820 215 1235
1820 406 652
1820 431 523
1820 259 501
1820 304 665
1820 240 536
1820 299 576
1840 417 687
1840 369 297
1840 369 834
1840 38 891
1840 261 588
1840 178 1367
1840 218 633
1840 379 847
1840 360 504
1840 286 530
1840 289 672
1840 382 851
1840 359 503
1840 259 504
1840 294 678
1840 359 628
1840 317 864
1840 240 537
1840 299 574
1860 378 715
1860 343 852
1860 260 584
1860 220 635
1860 392 857
1860 363 561
1860 288 530
1860 307 672
1860 336 502
1860 258 508
1860 381 708
1860 243 539
1860 299 575
1880 328 889
1880 252 585
1880 219 633
1880 375 850
1880 344 521
1880 288 529
1880 301 669
1880 342 522
1880 432 510
1880 269 501
1880 302 664
1880 330 752
1880 238 534
1880 299 574
1880 18 392
1900 403 838
1900 352 832
1900 64 647
1900 268 577
1900 217 635
1900 395 839
1900 79 774
1900 346 476
1900 290 531
1900 304 670
1900 18 670
1900 340 510
1900 460 854
1900 264 509
1900 243 538
1900 298 582
1900 438 388
1920 394 752
1920 402 344
1920 357 830
1920 404 890
1920 267 581
1920 218 637
1920 397 795
1920 287 531
1920 294 668
1920 382 869
1920 329 478
1920 456 728
1920 265 506
1920 240 538
1920 305 606
1920 312 464
1920 176 608
1920 378 372
1940 124 527
1940 372 298
1940 349 822
1940 369 980
1940 125 517
1940 259 584
1940 102 595
1940 386 267
1940 218 631
1940 391 848
1940 288 529
1940 311 673
1940 355 839
1940 246 544
1940 309 672
1940 239 533
1940 298 573
1940 21 413
1940 451 318
1960 366 204
1960 431 949
1960 372 182
1960 349 844
1960 257 593
1960 363 195
1960 214 626
1960 384 865
1960 429 954
1960 287 531
1960 209 480
1960 382 858
1960 25 641
1960 415 570
1960 430 552
1960 263 505
1960 311 1054
1960 299 575
1960 92 407
1980 94 452
1980 447 886
1980 350 857
1980 359 1031
1980 263 1179
1980 258 588
1980 214 630
1980 394 835
1980 396 1032
1980 356 489
1980 287 530
1980 241 1158
1980 283 1159
1980 301 655
1980 358 492
1980 264 509
1980 238 539
1980 357 1024
1980 299 573
1980 55 274
1980 164 505
