1800 391 800
1800 369 763
1800 289 1117
1800 263 567
1800 219 630
1800 390 813
1800 287 530
1800 313 663
1800 446 599
1800 261 500
1800 308 660
1800 314 817
1800 240 533
1800 302 570
1820 409 645
1820 358 829
1820 262 568
1820 219 629
1820 419 847
1820 285 530
1820 234 1271
1820 310 661
1820 218 1231
1820 452 641
1820 261 499
1820 308 664
1820 409 638
1820 279 851
1820 241 535
1820 300 568
1840 414 652
1840 372 296
1840 357 826
1840 260 568
1840 218 628
1840 393 864
1840 366 498
1840 288 525
1840 308 666
1840 363 494
1840 261 501
1840 307 673
1840 389 652
1840 320 851
1840 241 536
1840 300 572
1860 385 699
1860 354 828
1860 263 564
1860 375 696
1860 220 632
1860 398 851
1860 288 527
1860 310 666
1860 344 493
1860 260 503
1860 335 694
1860 373 684
1860 243 536
1860 302 574
1880 344 846
1880 258 574
1880 326 732
1880 220 630
1880 398 826
1880 378 515
1880 287 527
1880 303 666
1880 349 512
1880 435 493
1880 270 496
1880 307 667
1880 338 750
1880 240 533
1880 301 573
1900 399 829
1900 359 826
1900 65 787
1900 264 566
1900 218 632
1900 400 832
1900 84 762
1900 350 471
1900 290 526
1900 302 666
1900 343 470
1900 261 498
1900 311 669
1900 242 535
1900 307 573
1900 344 472
1900 439 384
1920 396 744
1920 355 824
1920 419 906
1920 157 640
1920 262 551
1920 220 636
1920 391 871
1920 80 690
1920 397 540
1920 291 531
1920 293 657
1920 26 524
1920 313 467
1920 455 713
1920 264 501
1920 303 662
1920 243 536
1920 306 575
1920 156 642
1920 298 441
1920 383 372
1940 127 524
1940 362 722
1940 358 297
1940 354 827
1940 148 499
1940 261 568
1940 125 521
1940 434 329
1940 300 672
1940 219 629
1940 400 832
1940 288 527
1940 292 740
1940 368 959
1940 424 568
1940 263 495
1940 313 666
1940 241 529
1940 301 570
1940 39 278
1940 390 277
1940 462 298
1960 94 472
1960 395 847
1960 363 205
1960 367 827
1960 406 1004
1960 94 412
1960 212 747
1960 264 568
1960 217 628
1960 386 847
1960 429 942
1960 287 530
1960 305 672
1960 217 474
1960 28 630
1960 423 541
1960 428 547
1960 264 502
1960 303 670
1960 237 529
1960 338 1069
1960 302 572
1960 93 408
1980 111 462
1980 397 825
1980 353 837
1980 362 1037
1980 279 1166
1980 97 462
1980 260 568
1980 216 631
1980 396 829
1980 442 1027
1980 363 491
1980 286 528
1980 253 1151
1980 298 662
1980 354 1015
1980 68 436
1980 358 485
1980 472 889
1980 265 505
1980 238 537
1980 300 570
1980 73 335
1980 148 728
1980 175 487
