1800 369 766
1800 398 832
1800 287 1119
1800 266 569
1800 316 816
1800 217 633
1800 391 816
1800 285 532
1800 282 1135
1800 445 604
1800 260 502
1800 308 661
1800 441 830
1800 240 534
1800 301 571
1820 401 657
1820 357 831
1820 261 571
1820 300 674
1820 219 632
1820 419 840
1820 284 530
1820 219 1242
1820 381 847
1820 221 1243
1820 451 644
1820 260 500
1820 307 666
1820 410 641
1820 241 536
1820 299 569
1840 393 662
1840 371 300
1840 353 835
1840 259 571
1840 280 675
1840 219 631
1840 388 848
1840 287 527
1840 366 504
1840 261 502
1840 308 674
1840 391 654
1840 242 536
1840 300 572
1840 30 391
1860 381 717
1860 355 831
1860 266 569
1860 310 671
1860 218 632
1860 387 862
1860 345 498
1860 287 528
1860 381 694
1860 277 670
1860 343 491
1860 260 502
1860 326 684
1860 375 689
1860 242 536
1860 302 575
1860 316 185
1880 345 856
1880 258 579
1880 301 661
1880 335 745
1880 220 632
1880 400 818
1880 350 512
1880 283 527
1880 320 734
1880 22 729
1880 371 519
1880 431 504
1880 267 496
1880 305 672
1880 241 532
1880 301 572
1900 462 828
1900 356 829
1900 265 567
1900 309 668
1900 218 634
1900 400 834
1900 74 656
1900 455 1159
1900 351 473
1900 289 525
1900 279 707
1900 345 477
1900 460 809
1900 264 503
1900 321 679
1900 236 682
1900 234 710
1900 243 538
1900 307 572
1900 348 477
1900 438 387
1920 390 744
1920 405 343
1920 345 856
1920 414 901
1920 159 647
1920 264 564
1920 303 670
1920 180 611
1920 220 639
1920 395 859
1920 80 693
1920 439 434
1920 288 530
1920 26 528
1920 310 466
1920 454 717
1920 265 503
1920 294 667
1920 454 708
1920 244 539
1920 320 1279
1920 305 573
1920 297 442
1920 387 366
1940 127 527
1940 360 297
1940 351 839
1940 368 982
1940 128 529
1940 264 580
1940 281 675
1940 296 714
1940 219 631
1940 399 833
1940 287 528
1940 359 982
1940 232 430
1940 416 581
1940 261 498
1940 313 668
1940 243 529
1940 300 570
1940 27 392
1940 443 294
1960 94 419
1960 371 207
1960 369 834
1960 415 989
1960 68 512
1960 261 578
1960 301 677
1960 216 632
1960 389 838
1960 429 948
1960 287 530
1960 216 476
1960 8 686
1960 426 551
1960 264 504
1960 299 680
1960 241 528
1960 190 753
1960 301 1062
1960 301 571
1960 94 413
1960 157 440
1980 107 469
1980 397 827
1980 352 842
1980 395 1039
1980 279 1166
1980 110 268
1980 262 574
1980 298 656
1980 353 837
1980 218 627
1980 396 833
1980 442 1059
1980 367 482
1980 285 530
1980 247 1151
1980 358 1026
1980 51 413
1980 362 488
1980 265 506
1980 309 686
1980 240 540
1980 300 572
1980 51 389
1980 150 727
1980 179 502
