1800 433 820
1800 368 763
1800 444 836
1800 287 1119
1800 264 570
1800 217 632
1800 393 814
1800 286 530
1800 281 1140
1800 447 600
1800 260 501
1800 308 660
1800 315 817
1800 240 534
1800 301 570
1820 411 648
1820 356 828
1820 261 571
1820 218 630
1820 420 839
1820 285 530
1820 218 1252
1820 309 669
1820 264 560
1820 217 1227
1820 416 636
1820 452 630
1820 260 501
1820 307 664
1820 411 640
1820 241 535
1820 299 568
1840 414 649
1840 372 298
1840 356 828
1840 259 570
1840 218 627
1840 396 863
1840 365 498
1840 287 527
1840 315 678
1840 363 497
1840 261 502
1840 310 673
1840 390 654
1840 322 863
1840 241 535
1840 300 570
1860 384 703
1860 345 840
1860 263 572
1860 309 667
1860 379 695
1860 218 631
1860 394 860
1860 343 498
1860 287 529
1860 306 670
1860 278 636
1860 341 492
1860 260 503
1860 304 665
1860 386 689
1860 243 537
1860 301 572
1880 346 859
1880 257 586
1880 297 659
1880 334 748
1880 218 629
1880 398 810
1880 348 514
1880 283 526
1880 308 733
1880 345 513
1880 434 506
1880 270 495
1880 302 662
1880 240 532
1880 300 570
1900 402 827
1900 355 827
1900 57 775
1900 265 566
1900 308 664
1900 218 632
1900 402 830
1900 355 498
1900 290 526
1900 341 472
1900 467 812
1900 264 503
1900 305 663
1900 242 535
1900 306 568
1900 343 471
1900 447 396
1920 396 744
1920 356 825
1920 424 912
1920 157 644
1920 263 560
1920 299 665
1920 180 603
1920 219 635
1920 404 822
1920 80 688
1920 431 436
1920 288 529
1920 22 526
1920 313 469
1920 455 709
1920 265 502
1920 302 661
1920 242 535
1920 305 572
1920 315 460
1920 402 338
1940 127 520
1940 398 835
1940 354 294
1940 351 827
1940 127 523
1940 263 580
1940 283 670
1940 126 523
1940 301 673
1940 218 631
1940 400 834
1940 464 313
1940 287 528
1940 276 528
1940 367 954
1940 423 576
1940 263 488
1940 312 668
1940 241 529
1940 300 568
1940 37 300
1940 471 284
1960 365 176
1960 89 452
1960 428 934
1960 364 200
1960 361 825
1960 407 998
1960 119 386
1960 260 579
1960 217 625
1960 429 945
1960 287 530
1960 216 475
1960 39 529
1960 425 543
1960 429 550
1960 264 503
1960 301 674
1960 241 527
1960 313 1073
1960 301 570
1960 93 410
1960 157 440
1980 108 464
1980 450 880
1980 350 840
1980 400 1022
1980 271 1170
1980 261 575
1980 292 655
1980 108 461
1980 215 622
1980 398 828
1980 443 1060
1980 362 492
1980 286 529
1980 245 1153
1980 298 666
1980 356 1013
1980 365 487
1980 468 919
1980 264 506
1980 300 661
1980 239 535
1980 372 1044
1980 299 569
1980 80 307
1980 144 727
1980 176 491
