1800 420 810
1800 367 764
1800 288 1117
1800 258 562
1800 220 630
1800 385 793
1800 286 531
1800 309 674
1800 258 503
1800 308 655
1800 240 530
1800 301 571
1820 400 651
1820 356 828
1820 262 567
1820 220 625
1820 285 531
1820 298 658
1820 221 1249
1820 434 518
1820 259 501
1820 306 663
1820 242 535
1820 300 570
1840 413 646
1840 371 302
1840 346 848
1840 64 894
1840 257 571
1840 220 629
1840 390 830
1840 361 501
1840 286 529
1840 278 673
1840 364 503
1840 258 502
1840 292 669
1840 360 618
1840 240 535
1840 299 572
1860 372 680
1860 355 827
1860 54 915
1860 259 568
1860 220 630
1860 397 845
1860 370 556
1860 288 530
1860 295 623
1860 258 506
1860 305 660
1860 373 689
1860 242 535
1860 301 570
1880 336 815
1880 257 583
1880 327 730
1880 220 625
1880 364 523
1880 289 527
1880 302 653
1880 374 515
1880 433 505
1880 270 499
1880 304 664
1880 333 714
1880 238 532
1880 300 573
1900 457 818
1900 350 832
1900 63 777
1900 265 565
1900 220 632
1900 394 828
1900 348 470
1900 291 529
1900 290 654
1900 345 497
1900 260 503
1900 307 665
1900 243 533
1900 300 571
1920 394 744
1920 359 803
1920 426 911
1920 262 553
1920 221 637
1920 392 831
1920 79 688
1920 292 531
1920 295 645
1920 414 884
1920 341 542
1920 263 504
1920 291 662
1920 396 546
1920 239 536
1920 315 601
1920 177 608
1920 397 338
1940 360 725
1940 370 290
1940 352 812
1940 378 987
1940 260 573
1940 419 316
1940 219 629
1940 397 807
1940 458 307
1940 289 528
1940 309 668
1940 474 870
1940 257 508
1940 308 668
1940 238 531
1940 299 571
1940 394 266
1940 431 353
1940 464 302
1960 344 836
1960 253 578
1960 215 625
1960 383 811
1960 428 943
1960 289 531
1960 301 679
1960 39 511
1960 436 551
1960 264 504
1960 298 682
1960 225 475
1960 334 1061
1960 301 571
1960 94 405
1980 450 881
1980 352 836
1980 279 1148
1980 257 572
1980 216 630
1980 396 827
1980 85 749
1980 428 1037
1980 355 489
1980 288 530
1980 246 1150
1980 291 638
1980 310 1269
1980 66 427
1980 361 492
1980 264 507
1980 298 656
1980 236 537
1980 300 571
1980 80 313
1980 170 495
