1800 374 788
1800 419 971
1800 304 1110
1800 339 814
1800 422 831
1800 257 573
1800 386 837
1800 14 654
1800 461 626
1800 276 526
1820 421 661
1820 460 1079
1820 412 847
1820 262 577
1820 217 1301
1820 421 399
1820 461 596
1820 333 671
1820 465 578
1820 297 584
1820 267 511
1840 405 833
1840 304 879
1840 372 891
1840 372 887
1840 318 684
1840 405 658
1840 302 590
1840 279 530
1860 385 855
1860 310 575
1860 371 864
1860 266 556
1860 336 489
1860 470 518
1860 305 578
1860 277 536
1880 397 834
1880 320 769
1880 382 854
1880 256 583
1880 408 830
1880 13 705
1880 362 540
1880 328 695
1880 278 506
1900 408 839
1900 339 482
1900 376 857
1900 460 815
1900 434 378
1900 265 566
1900 397 845
1900 13 653
1900 340 522
1900 464 448
1900 334 526
1900 272 510
1920 400 844
1920 346 827
1920 392 366
1920 402 832
1920 260 567
1920 399 946
1920 399 1029
1920 328 474
1920 283 524
1940 367 761
1940 308 574
1940 388 266
1940 453 867
1940 461 291
1940 265 537
1940 363 875
1940 14 597
1940 318 676
1940 299 582
1940 281 512
1960 112 390
1960 432 984
1960 414 1027
1960 358 894
1960 447 999
1960 267 581
1960 427 184
1960 400 1017
1960 448 568
1960 458 592
1960 278 552
1980 396 1009
1980 371 863
1980 447 885
1980 245 1183
1980 262 585
1980 367 858
1980 72 448
1980 376 1118
1980 27 397
1980 375 1063
1980 301 586
1980 281 535
