1800 373 750
1800 390 808
1800 39 915
1800 429 840
1800 295 1116
1800 284 529
1800 308 660
1800 309 824
1800 219 621
1800 422 812
1800 270 570
1800 282 1134
1800 444 600
1800 306 656
1800 242 530
1800 304 571
1800 260 501
1820 358 827
1820 49 894
1820 452 1084
1820 286 530
1820 311 669
1820 218 626
1820 269 573
1820 231 1293
1820 226 1260
1820 415 383
1820 454 628
1820 317 675
1820 244 540
1820 303 575
1820 260 499
1840 376 834
1840 453 1061
1840 290 534
1840 310 662
1840 383 307
1840 375 853
1840 219 630
1840 375 496
1840 262 570
1840 393 862
1840 306 661
1840 368 628
1840 243 536
1840 302 573
1840 261 500
1860 390 683
1860 383 708
1860 284 527
1860 316 673
1860 218 629
1860 267 562
1860 7 643
1860 309 667
1860 376 555
1860 244 538
1860 308 580
1860 262 502
1880 299 533
1880 311 659
1880 344 763
1880 218 619
1880 389 518
1880 271 571
1880 306 615
1880 239 532
1880 308 575
1880 271 495
1900 372 819
1900 78 705
1900 303 543
1900 309 646
1900 222 630
1900 60 639
1900 382 499
1900 272 566
1900 6 646
1900 377 498
1900 308 663
1900 389 495
1900 244 538
1900 307 571
1900 259 498
1920 383 732
1920 367 858
1920 428 915
1920 298 537
1920 305 663
1920 218 633
1920 437 914
1920 272 569
1920 403 344
1920 462 706
1920 306 647
1920 232 543
1920 171 634
1920 307 580
1920 264 501
1920 193 624
1920 388 362
1940 147 502
1940 359 822
1940 467 886
1940 292 530
1940 309 674
1940 389 258
1940 347 847
1940 366 736
1940 218 626
1940 109 587
1940 270 564
1940 361 981
1940 366 302
1940 320 669
1940 236 530
1940 303 573
1940 265 466
1960 377 177
1960 398 821
1960 370 821
1960 404 1015
1960 294 533
1960 303 677
1960 218 627
1960 435 968
1960 271 568
1960 262 728
1960 442 558
1960 311 656
1960 237 527
1960 304 571
1960 103 405
1960 265 501
1980 394 825
1980 353 839
1980 98 763
1980 390 1017
1980 266 1187
1980 290 532
1980 308 590
1980 343 849
1980 212 609
1980 365 476
1980 269 573
1980 251 1154
1980 250 1151
1980 276 1164
1980 361 1032
1980 66 306
1980 374 478
1980 474 917
1980 306 661
1980 238 536
1980 303 572
1980 86 400
1980 264 505
