1800 411 826
1800 392 810
1800 411 873
1800 284 1124
1800 283 528
1800 311 658
1800 366 769
1800 309 823
1800 214 638
1800 435 834
1800 264 567
1800 300 1096
1800 9 655
1800 446 603
1800 306 654
1800 369 763
1800 240 531
1800 301 568
1800 259 502
1820 413 648
1820 381 846
1820 44 893
1820 285 528
1820 309 666
1820 369 834
1820 217 627
1820 265 566
1820 219 1230
1820 458 645
1820 305 659
1820 413 647
1820 277 851
1820 242 535
1820 299 565
1820 259 499
1840 403 652
1840 383 848
1840 285 527
1840 292 609
1840 349 841
1840 218 630
1840 259 564
1840 400 851
1840 428 641
1840 300 673
1840 360 616
1840 242 532
1840 300 568
1840 261 500
1860 382 694
1860 373 844
1860 285 531
1860 313 672
1860 360 848
1860 219 635
1860 406 832
1860 372 553
1860 261 561
1860 273 704
1860 312 668
1860 372 557
1860 242 537
1860 302 572
1860 288 585
1860 261 502
1880 368 820
1880 292 526
1880 305 602
1880 346 863
1880 337 750
1880 217 628
1880 376 513
1880 263 563
1880 262 568
1880 301 755
1880 10 654
1880 308 661
1880 239 535
1880 303 568
1880 266 495
1900 409 826
1900 371 829
1900 83 754
1900 289 530
1900 307 617
1900 434 386
1900 349 837
1900 230 665
1900 217 631
1900 84 754
1900 386 490
1900 262 554
1900 11 650
1900 432 385
1900 437 382
1900 472 737
1900 306 664
1900 236 670
1900 396 507
1900 244 537
1900 306 569
1900 259 499
1900 87 755
1920 379 734
1920 384 834
1920 85 725
1920 416 899
1920 292 532
1920 308 608
1920 327 472
1920 373 883
1920 216 638
1920 79 686
1920 263 558
1920 325 473
1920 159 618
1920 18 523
1920 379 369
1920 460 709
1920 300 664
1920 395 548
1920 240 537
1920 306 579
1920 263 503
1920 316 464
1920 180 612
1920 392 343
1940 125 524
1940 158 523
1940 402 812
1940 288 527
1940 316 670
1940 396 272
1940 347 816
1940 217 634
1940 263 566
1940 426 332
1940 233 429
1940 310 671
1940 237 533
1940 301 570
1940 258 474
1940 105 583
1940 467 284
1960 93 502
1960 426 942
1960 388 835
1960 404 976
1960 283 1093
1960 289 528
1960 309 676
1960 399 216
1960 358 829
1960 214 633
1960 430 944
1960 431 951
1960 264 566
1960 434 184
1960 270 748
1960 396 836
1960 24 541
1960 439 549
1960 308 677
1960 229 477
1960 336 1064
1960 302 568
1960 90 397
1960 290 556
1960 264 502
1980 394 827
1980 72 769
1980 179 489
1980 391 1033
1980 287 529
1980 352 834
1980 200 627
1980 449 883
1980 82 748
1980 446 1020
1980 370 473
1980 262 567
1980 246 1155
1980 366 1055
1980 54 419
1980 475 892
1980 237 533
1980 152 727
1980 369 1037
1980 301 568
1980 82 299
1980 281 597
1980 264 504
1980 72 410
