1800 381 791
1800 424 839
1800 283 1124
1800 284 530
1800 311 671
1800 218 633
1800 442 836
1800 267 568
1800 280 1148
1800 311 824
1800 445 603
1800 308 664
1800 311 828
1800 241 534
1800 302 571
1800 260 501
1820 458 1076
1820 286 530
1820 309 671
1820 219 631
1820 432 512
1820 265 568
1820 212 1241
1820 436 400
1820 464 654
1820 308 670
1820 243 540
1820 303 571
1820 260 500
1840 391 847
1840 286 526
1840 288 679
1840 357 829
1840 219 632
1840 372 497
1840 257 569
1840 430 635
1840 301 683
1840 362 619
1840 321 870
1840 241 538
1840 301 570
1840 262 499
1860 404 825
1860 391 854
1860 287 529
1860 313 675
1860 358 838
1860 220 634
1860 262 562
1860 314 677
1860 372 554
1860 242 540
1860 301 574
1860 261 502
1880 383 858
1880 292 528
1880 310 669
1880 348 862
1880 219 631
1880 376 517
1880 261 566
1880 265 572
1880 321 759
1880 311 672
1880 241 535
1880 304 573
1880 266 492
1880 63 532
1900 406 834
1900 383 861
1900 89 758
1900 290 531
1900 309 667
1900 355 832
1900 230 663
1900 218 633
1900 86 758
1900 390 494
1900 261 556
1900 431 421
1900 310 682
1900 389 496
1900 244 539
1900 311 593
1900 259 497
1920 391 744
1920 389 843
1920 423 932
1920 295 534
1920 304 666
1920 374 863
1920 217 634
1920 79 688
1920 396 544
1920 265 545
1920 314 465
1920 175 606
1920 22 513
1920 389 370
1920 458 710
1920 299 668
1920 387 563
1920 242 538
1920 314 614
1920 264 503
1920 318 469
1920 183 611
1920 400 337
1940 127 524
1940 152 510
1940 393 822
1940 289 529
1940 293 738
1940 311 676
1940 388 268
1940 353 820
1940 217 632
1940 264 562
1940 440 344
1940 426 330
1940 232 427
1940 311 674
1940 239 535
1940 302 573
1940 256 484
1940 130 516
1940 465 292
1960 114 506
1960 427 934
1960 407 1000
1960 291 529
1960 306 677
1960 369 829
1960 216 634
1960 438 551
1960 265 567
1960 362 838
1960 272 734
1960 37 530
1960 449 174
1960 436 557
1960 364 176
1960 311 676
1960 241 480
1960 302 570
1960 90 403
1960 266 501
1960 162 438
1980 170 493
1980 397 826
1980 395 1028
1980 288 528
1980 352 836
1980 211 625
1980 84 758
1980 368 478
1980 262 572
1980 258 1160
1980 268 566
1980 245 1153
1980 358 1035
1980 69 419
1980 239 539
1980 374 1087
1980 301 569
1980 89 304
1980 264 504
