1800 372 763
1800 396 823
1800 409 926
1800 291 530
1800 312 665
1800 367 764
1800 322 815
1800 222 622
1800 421 817
1800 272 568
1800 298 1106
1800 430 837
1800 444 610
1800 312 665
1800 248 529
1800 303 573
1800 260 502
1820 426 657
1820 385 840
1820 289 531
1820 313 670
1820 424 384
1820 370 827
1820 220 621
1820 269 565
1820 440 407
1820 454 642
1820 323 679
1820 252 525
1820 305 577
1820 261 499
1840 389 844
1840 294 533
1840 305 577
1840 352 846
1840 353 835
1840 222 628
1840 265 558
1840 330 870
1840 405 815
1840 435 650
1840 315 669
1840 371 631
1840 248 529
1840 303 575
1840 262 501
1860 386 693
1860 389 707
1860 289 529
1860 316 673
1860 353 842
1860 223 627
1860 417 834
1860 266 555
1860 312 666
1860 375 557
1860 251 527
1860 313 602
1860 263 505
1880 401 846
1880 299 536
1880 314 663
1880 347 861
1880 221 623
1880 379 504
1880 271 563
1880 429 498
1880 310 652
1880 249 537
1880 310 573
1880 275 497
1900 409 828
1900 389 832
1900 96 758
1900 305 545
1900 311 640
1900 430 385
1900 343 845
1900 225 630
1900 72 653
1900 393 496
1900 274 551
1900 261 710
1900 383 502
1900 467 782
1900 318 681
1900 392 499
1900 263 508
1900 312 588
1900 266 505
1920 388 741
1920 386 844
1920 418 924
1920 301 536
1920 324 472
1920 349 837
1920 223 632
1920 88 694
1920 426 377
1920 274 541
1920 409 352
1920 462 707
1920 303 671
1920 399 543
1920 246 538
1920 309 601
1920 266 501
1920 200 633
1920 390 352
1940 150 501
1940 384 786
1940 386 264
1940 296 527
1940 319 664
1940 382 274
1940 347 823
1940 221 627
1940 113 587
1940 453 342
1940 270 555
1940 365 952
1940 421 322
1940 365 300
1940 322 675
1940 244 527
1940 305 575
1940 265 469
1960 372 193
1960 388 834
1960 385 832
1960 410 1004
1960 300 534
1960 362 846
1960 224 625
1960 430 948
1960 434 963
1960 272 559
1960 430 188
1960 273 742
1960 390 1004
1960 442 559
1960 369 203
1960 315 665
1960 252 530
1960 188 723
1960 325 1056
1960 304 573
1960 105 404
1960 266 502
1980 179 491
1980 410 840
1980 390 857
1980 397 1025
1980 80 269
1980 295 533
1980 315 584
1980 352 835
1980 220 629
1980 444 900
1980 386 490
1980 267 566
1980 257 1163
1980 354 1013
1980 75 346
1980 369 485
1980 473 919
1980 318 652
1980 244 536
1980 303 573
1980 92 402
1980 265 504
1980 162 712
