1800 390 800
1800 398 821
1800 410 934
1800 304 1103
1800 287 530
1800 312 821
1800 220 628
1800 427 818
1800 276 568
1800 445 607
1800 311 660
1800 247 528
1800 304 570
1800 262 498
1820 414 652
1820 454 1086
1820 287 529
1820 314 671
1820 417 387
1820 219 627
1820 419 515
1820 273 562
1820 237 1295
1820 456 644
1820 321 677
1820 278 858
1820 256 509
1820 305 572
1820 263 497
1840 414 649
1840 398 658
1840 291 528
1840 295 598
1840 373 854
1840 221 630
1840 269 560
1840 367 499
1840 430 638
1840 312 670
1840 362 615
1840 248 529
1840 305 579
1840 264 497
1860 389 688
1860 391 698
1860 289 530
1860 358 846
1860 221 629
1860 375 556
1860 270 561
1860 311 180
1860 317 187
1860 315 670
1860 375 557
1860 255 517
1860 316 607
1860 263 501
1880 298 530
1880 317 591
1880 347 856
1880 328 748
1880 220 625
1880 374 512
1880 275 561
1880 377 515
1880 312 661
1880 246 534
1880 312 571
1880 274 494
1900 399 833
1900 389 825
1900 80 758
1900 298 534
1900 428 382
1900 343 840
1900 223 630
1900 67 638
1900 403 502
1900 277 554
1900 368 488
1900 317 681
1900 393 495
1900 264 505
1900 313 584
1900 260 495
1920 382 742
1920 390 820
1920 431 916
1920 302 537
1920 322 469
1920 352 838
1920 224 634
1920 81 688
1920 276 543
1920 19 523
1920 460 709
1920 308 649
1920 397 542
1920 246 536
1920 313 604
1920 270 502
1920 185 612
1920 382 365
1940 126 523
1940 379 776
1940 400 812
1940 296 527
1940 394 269
1940 344 737
1940 219 627
1940 276 556
1940 369 953
1940 362 293
1940 323 673
1940 250 527
1940 304 577
1940 270 472
1940 460 304
1960 397 831
1960 407 978
1960 298 533
1960 381 247
1960 336 838
1960 225 626
1960 425 948
1960 433 969
1960 276 560
1960 422 225
1960 283 758
1960 407 1009
1960 25 542
1960 441 555
1960 370 175
1960 315 660
1960 252 526
1960 304 570
1960 95 408
1960 267 501
1980 87 420
1980 396 827
1980 393 1029
1980 293 529
1980 350 833
1980 217 620
1980 271 565
1980 257 1165
1980 251 1159
1980 268 1178
1980 361 1032
1980 59 271
1980 363 484
1980 475 908
1980 319 114
1980 246 536
1980 363 1022
1980 306 579
1980 85 305
1980 267 500
