1800 369 755
1800 378 767
1800 60 915
1800 297 1113
1800 277 532
1800 295 582
1800 218 627
1800 256 560
1800 275 1151
1800 442 618
1800 306 658
1800 239 528
1800 302 568
1800 256 503
1820 399 661
1820 355 829
1820 283 529
1820 308 664
1820 423 387
1820 216 624
1820 256 544
1820 450 626
1820 454 638
1820 310 667
1820 244 540
1820 301 572
1820 257 499
1840 371 840
1840 64 895
1840 282 530
1840 291 639
1840 218 626
1840 255 563
1840 364 508
1840 297 679
1840 370 627
1840 242 536
1840 302 574
1840 259 500
1860 373 690
1860 278 526
1860 300 597
1860 351 832
1860 217 624
1860 255 547
1860 309 668
1860 374 559
1860 241 541
1860 308 581
1860 259 502
1880 411 846
1880 363 841
1880 290 529
1880 334 752
1880 298 572
1880 338 874
1880 216 623
1880 79 540
1880 372 515
1880 260 570
1880 378 523
1880 309 660
1880 234 532
1880 307 573
1880 267 496
1900 412 834
1900 371 825
1900 59 789
1900 292 538
1900 248 719
1900 298 564
1900 425 417
1900 337 862
1900 229 645
1900 220 630
1900 373 492
1900 252 543
1900 12 649
1900 354 492
1900 313 675
1900 240 537
1900 305 567
1900 257 497
1920 365 736
1920 369 854
1920 87 830
1920 411 928
1920 293 538
1920 295 568
1920 319 467
1920 381 862
1920 382 864
1920 217 633
1920 415 368
1920 258 561
1920 153 633
1920 462 708
1920 298 672
1920 230 547
1920 165 639
1920 257 506
1920 180 611
1920 381 369
1940 138 495
1940 367 737
1940 364 852
1940 287 530
1940 295 660
1940 379 278
1940 357 816
1940 214 622
1940 101 598
1940 449 333
1940 258 551
1940 315 670
1940 232 536
1940 302 571
1940 260 468
1960 365 830
1960 409 1011
1960 286 530
1960 265 736
1960 304 676
1960 216 630
1960 259 568
1960 425 210
1960 260 737
1960 22 548
1960 444 155
1960 443 556
1960 336 195
1960 231 484
1960 302 570
1960 86 405
1960 263 504
1980 452 888
1980 367 854
1980 91 775
1980 398 1025
1980 284 527
1980 296 554
1980 345 834
1980 213 613
1980 254 581
1980 237 1164
1980 252 1162
1980 60 268
1980 347 494
1980 345 122
1980 309 680
1980 237 544
1980 301 567
1980 89 301
1980 260 507
