1800 377 762
1800 359 772
1800 82 936
1800 448 845
1800 291 1117
1800 279 531
1800 367 750
1800 211 617
1800 261 560
1800 439 617
1800 314 563
1800 462 624
1800 242 525
1800 302 562
1800 256 504
1820 405 649
1820 347 837
1820 286 532
1820 433 400
1820 208 620
1820 433 397
1820 265 524
1820 222 1226
1820 314 661
1820 442 663
1820 244 530
1820 295 549
1820 257 498
1840 338 866
1840 280 533
1840 380 839
1840 215 624
1840 262 559
1840 360 498
1840 308 651
1840 368 618
1840 240 539
1840 300 566
1840 259 501
1860 367 684
1860 339 856
1860 60 918
1860 275 526
1860 378 852
1860 206 619
1860 264 551
1860 10 642
1860 306 649
1860 377 556
1860 241 536
1860 300 565
1860 257 504
1880 330 741
1880 285 526
1880 368 839
1880 209 618
1880 264 568
1880 362 533
1880 436 504
1880 234 531
1880 302 569
1880 265 493
1900 373 830
1900 289 533
1900 419 388
1900 384 822
1900 218 630
1900 60 636
1900 411 438
1900 262 535
1900 5 634
1900 351 470
1900 318 573
1900 240 519
1900 304 574
1900 255 499
1920 373 731
1920 424 905
1920 291 535
1920 293 435
1920 400 787
1920 214 631
1920 425 912
1920 408 341
1920 266 538
1920 410 840
1920 152 634
1920 10 630
1920 387 545
1920 461 706
1920 318 585
1920 232 544
1920 159 633
1920 300 567
1920 258 506
1920 176 608
1940 143 488
1940 367 720
1940 342 855
1940 457 901
1940 284 527
1940 371 278
1940 211 617
1940 96 599
1940 452 296
1940 265 533
1940 352 987
1940 318 665
1940 238 526
1940 301 565
1940 258 466
1960 112 388
1960 403 1012
1960 283 530
1960 207 620
1960 266 560
1960 440 560
1960 227 468
1960 302 561
1960 75 408
1960 262 502
1980 118 451
1980 335 871
1980 384 1015
1980 278 521
1980 251 1154
1980 372 850
1980 213 600
1980 265 566
1980 251 1151
1980 351 483
1980 238 537
1980 300 565
1980 90 288
1980 259 508
