1800 383 782
1800 404 832
1800 291 1118
1800 282 525
1800 309 662
1800 371 764
1800 217 636
1800 441 836
1800 270 570
1800 284 1132
1800 9 646
1800 447 600
1800 308 659
1800 241 533
1800 302 570
1800 260 499
1820 387 849
1820 451 1087
1820 285 525
1820 278 849
1820 309 670
1820 423 388
1820 376 852
1820 218 630
1820 267 573
1820 215 1236
1820 12 646
1820 426 397
1820 456 650
1820 321 679
1820 414 651
1820 244 534
1820 301 573
1820 260 498
1840 418 826
1840 398 850
1840 453 1078
1840 283 524
1840 288 676
1840 351 838
1840 218 629
1840 363 496
1840 259 568
1840 355 837
1840 10 648
1840 371 505
1840 430 630
1840 308 670
1840 376 640
1840 241 536
1840 301 571
1840 262 498
1860 385 697
1860 283 526
1860 313 674
1860 364 854
1860 220 633
1860 264 560
1860 329 711
1860 373 555
1860 242 538
1860 302 573
1860 261 501
1880 395 828
1880 293 525
1880 308 664
1880 444 516
1880 346 875
1880 318 715
1880 218 626
1880 375 515
1880 263 563
1880 263 574
1880 383 517
1880 312 667
1880 432 505
1880 238 533
1880 304 573
1880 269 493
1880 468 428
1900 407 834
1900 85 754
1900 291 528
1900 308 663
1900 431 386
1900 354 833
1900 234 666
1900 218 632
1900 457 827
1900 89 753
1900 376 497
1900 265 561
1900 247 695
1900 370 494
1900 464 812
1900 315 678
1900 439 445
1900 237 668
1900 247 526
1900 312 582
1900 260 496
1920 391 748
1920 386 862
1920 299 533
1920 304 665
1920 300 440
1920 364 850
1920 216 635
1920 427 912
1920 81 687
1920 268 556
1920 392 356
1920 23 523
1920 465 713
1920 393 369
1920 303 664
1920 397 545
1920 237 538
1920 265 502
1920 300 442
1920 180 608
1920 396 347
1940 128 524
1940 161 523
1940 400 834
1940 289 524
1940 300 740
1940 314 668
1940 390 282
1940 345 840
1940 217 629
1940 448 871
1940 265 565
1940 354 854
1940 24 407
1940 237 436
1940 358 296
1940 317 673
1940 236 533
1940 302 571
1940 263 479
1940 135 509
1940 466 295
1960 408 841
1960 404 1002
1960 295 1077
1960 291 528
1960 306 675
1960 349 848
1960 213 631
1960 426 945
1960 432 961
1960 266 564
1960 428 191
1960 271 735
1960 30 536
1960 442 556
1960 365 176
1960 236 527
1960 302 569
1960 91 402
1960 266 501
1960 127 386
1980 392 853
1980 392 1037
1980 83 275
1980 288 527
1980 305 587
1980 354 836
1980 201 630
1980 449 889
1980 85 752
1980 369 473
1980 261 571
1980 252 1164
1980 250 540
1980 258 1181
1980 364 1055
1980 72 359
1980 364 490
1980 475 901
1980 349 142
1980 237 537
1980 344 1123
1980 302 570
1980 76 308
1980 264 503
