1800 440 827
1800 368 767
1800 395 821
1800 292 1197
1800 77 491
1800 315 816
1800 449 604
1800 392 817
1800 393 817
1800 218 627
1800 30 907
1800 462 628
1800 284 531
1800 284 1129
1800 316 813
1800 240 531
1800 308 663
1800 232 60
1800 447 602
1800 259 501
1800 300 570
1800 261 569
1805 430 831
1805 374 827
1805 411 823
1805 271 1173
1805 79 460
1805 305 829
1805 458 623
1805 374 827
1805 217 625
1805 268 1139
1805 458 621
1805 282 530
1805 266 1140
1805 305 827
1805 239 534
1805 275 663
1805 232 47
1805 458 620
1805 260 501
1805 299 568
1805 260 568
1810 363 834
1810 414 843
1810 293 835
1810 358 722
1810 217 628
1810 259 1205
1810 33 897
1810 282 531
1810 239 532
1810 306 670
1810 466 623
1810 259 501
1810 299 570
1810 260 563
1815 358 830
1815 405 847
1815 286 847
1815 451 525
1815 218 626
1815 245 1220
1815 240 1202
1815 37 905
1815 460 627
1815 284 530
1815 238 531
1815 278 669
1815 459 622
1815 259 501
1815 355 695
1815 441 406
1815 298 570
1815 261 565
1820 421 837
1820 371 839
1820 420 835
1820 279 855
1820 218 627
1820 230 1259
1820 219 1231
1820 35 919
1820 284 528
1820 239 533
1820 292 669
1820 427 524
1820 260 501
1820 352 671
1820 422 384
1820 298 570
1820 260 564
1825 355 841
1825 420 830
1825 283 854
1825 401 510
1825 408 642
1825 217 626
1825 213 1298
1825 39 924
1825 448 637
1825 284 529
1825 238 532
1825 285 669
1825 409 358
1825 448 635
1825 260 500
1825 351 662
1825 410 361
1825 300 569
1825 261 566
1825 400 527
1830 353 838
1830 390 858
1830 292 869
1830 390 507
1830 405 650
1830 216 626
1830 44 913
1830 439 637
1830 283 532
1830 240 535
1830 291 666
1830 394 344
1830 261 500
1830 353 645
1830 393 343
1830 299 570
1830 261 568
1830 389 514
1835 359 829
1835 384 851
1835 377 502
1835 402 655
1835 218 626
1835 52 918
1835 432 631
1835 282 530
1835 304 863
1835 240 532
1835 279 668
1835 388 320
1835 261 499
1835 356 633
1835 299 569
1835 260 568
1835 378 502
1840 370 843
1840 398 834
1840 395 656
1840 218 628
1840 58 913
1840 417 645
1840 285 527
1840 322 866
1840 240 534
1840 279 667
1840 259 502
1840 365 626
1840 325 868
1840 299 571
1840 260 567
1840 366 498
1845 354 266
1845 353 831
1845 405 823
1845 387 664
1845 218 627
1845 417 649
1845 286 527
1845 334 862
1845 240 534
1845 296 655
1845 259 501
1845 361 602
1845 299 570
1845 262 568
1845 357 495
1850 340 239
1850 355 823
1850 405 820
1850 383 664
1850 218 627
1850 62 919
1850 380 668
1850 286 528
1850 341 850
1850 241 530
1850 306 666
1850 259 502
1850 298 587
1850 261 567
1850 339 235
1855 352 843
1855 403 824
1855 398 682
1855 217 628
1855 63 914
1855 285 528
1855 345 852
1855 237 535
1855 305 668
1855 258 501
1855 298 577
1855 262 565
1855 326 209
1860 353 829
1860 404 820
1860 343 500
1860 388 696
1860 218 627
1860 285 529
1860 346 850
1860 240 534
1860 305 666
1860 259 503
1860 361 689
1860 300 585
1860 262 564
1860 316 181
1865 351 842
1865 402 823
1865 77 460
1865 373 553
1865 380 711
1865 217 628
1865 67 912
1865 472 522
1865 284 527
1865 240 537
1865 306 665
1865 469 519
1865 266 502
1865 352 720
1865 298 572
1865 260 567
1870 356 834
1870 390 848
1870 72 494
1870 371 525
1870 217 628
1870 288 525
1870 243 532
1870 299 661
1870 272 494
1870 299 570
1870 261 567
1875 347 848
1875 402 827
1875 67 511
1875 379 517
1875 219 631
1875 284 525
1875 354 746
1875 243 534
1875 292 668
1875 442 504
1875 274 498
1875 336 723
1875 299 569
1875 262 565
1880 352 845
1880 406 824
1880 377 511
1880 219 629
1880 285 526
1880 333 749
1880 241 536
1880 297 663
1880 432 502
1880 267 493
1880 300 568
1880 261 565
1880 376 514
1885 356 829
1885 372 494
1885 217 627
1885 59 850
1885 285 528
1885 240 533
1885 289 667
1885 426 497
1885 266 499
1885 311 768
1885 302 739
1885 299 569
1885 262 565
1885 376 500
1890 356 836
1890 64 587
1890 404 827
1890 65 587
1890 280 756
1890 370 496
1890 217 627
1890 82 802
1890 52 824
1890 284 529
1890 277 717
1890 238 537
1890 284 673
1890 454 455
1890 255 498
1890 307 665
1890 281 757
1890 453 415
1890 81 801
1890 299 568
1890 263 565
1890 371 489
1895 356 830
1895 64 610
1895 399 830
1895 392 498
1895 220 628
1895 82 786
1895 282 532
1895 260 720
1895 242 535
1895 291 668
1895 441 436
1895 256 501
1895 435 433
1895 80 781
1895 298 566
1895 262 566
1895 361 474
1900 462 827
1900 355 829
1900 64 643
1900 402 836
1900 381 492
1900 397 848
1900 216 635
1900 288 526
1900 241 533
1900 287 673
1900 438 387
1900 261 498
1900 318 666
1900 429 443
1900 92 763
1900 309 585
1900 262 565
1900 382 493
1905 475 861
1905 355 832
1905 61 670
1905 403 823
1905 368 485
1905 216 636
1905 463 738
1905 287 526
1905 240 532
1905 290 674
1905 418 411
1905 263 501
1905 298 580
1905 425 424
1905 215 709
1905 96 741
1905 297 568
1905 263 570
1905 350 482
1910 451 744
1910 355 837
1910 63 730
1910 404 821
1910 27 380
1910 381 864
1910 217 632
1910 460 889
1910 438 735
1910 280 528
1910 418 372
1910 193 698
1910 240 532
1910 294 662
1910 264 504
1910 312 664
1910 416 401
1910 77 729
1910 297 578
1910 260 569
1910 334 458
1915 412 731
1915 359 846
1915 100 700
1915 423 885
1915 29 366
1915 377 534
1915 414 735
1915 217 630
1915 439 901
1915 472 707
1915 283 528
1915 240 534
1915 284 667
1915 178 654
1915 396 388
1915 315 448
1915 463 458
1915 263 502
1915 415 407
1915 82 711
1915 300 595
1915 264 565
1915 336 481
1920 356 838
1920 78 691
1920 405 908
1920 396 545
1920 392 732
1920 218 633
1920 429 919
1920 453 710
1920 283 526
1920 240 531
1920 304 661
1920 158 639
1920 395 356
1920 298 438
1920 421 378
1920 262 501
1920 295 595
1920 411 350
1920 84 693
1920 300 570
1920 265 566
1925 145 618
1925 427 709
1925 367 848
1925 80 658
1925 386 854
1925 407 551
1925 382 859
1925 218 624
1925 399 920
1925 174 581
1925 429 714
1925 287 526
1925 367 727
1925 241 535
1925 295 665
1925 40 124
1925 395 335
1925 286 441
1925 410 557
1925 265 498
1925 407 347
1925 301 595
1925 264 566
1930 139 589
1930 376 860
1930 77 640
1930 407 817
1930 402 726
1930 387 937
1930 215 621
1930 162 553
1930 398 730
1930 287 532
1930 406 330
1930 241 533
1930 281 667
1930 381 331
1930 417 560
1930 259 506
1930 334 734
1930 403 341
1930 300 567
1930 262 567
1935 134 558
1935 399 314
1935 360 836
1935 75 610
1935 406 827
1935 388 742
1935 386 952
1935 217 626
1935 161 540
1935 473 855
1935 288 522
1935 448 343
1935 242 531
1935 288 673
1935 384 311
1935 426 566
1935 258 483
1935 308 668
1935 364 961
1935 385 967
1935 301 569
1935 16 441
1935 263 562
1940 389 268
1940 461 861
1940 392 274
1940 356 841
1940 70 590
1940 402 830
1940 218 626
1940 147 502
1940 283 529
1940 461 291
1940 351 733
1940 242 533
1940 289 672
1940 369 295
1940 426 568
1940 265 479
1940 306 613
1940 293 673
1940 357 980
1940 353 986
1940 299 568
1940 57 590
1940 263 563
1940 127 525
1945 461 883
1945 360 842
1945 398 828
1945 93 572
1945 219 627
1945 446 883
1945 286 527
1945 457 264
1945 237 535
1945 292 673
1945 380 255
1945 427 571
1945 264 500
1945 306 708
1945 348 1003
1945 213 436
1945 301 568
1945 267 565
1945 216 436
1945 119 491
1950 460 884
1950 383 230
1950 354 836
1950 407 839
1950 70 553
1950 379 859
1950 217 625
1950 428 905
1950 31 395
1950 434 1119
1950 287 528
1950 442 251
1950 241 533
1950 300 671
1950 338 1039
1950 381 228
1950 423 574
1950 261 502
1950 310 702
1950 345 1028
1950 300 568
1950 263 566
1950 349 248
1950 108 465
1955 212 739
1955 351 837
1955 393 843
1955 87 525
1955 425 572
1955 374 865
1955 216 633
1955 437 932
1955 443 557
1955 285 527
1955 440 240
1955 233 534
1955 305 667
1955 323 1061
1955 47 163
1955 405 247
1955 445 557
1955 262 502
1955 279 725
1955 335 1052
1955 227 478
1955 299 569
1955 265 565
1955 351 232
1955 129 420
1955 175 440
1960 400 225
1960 368 825
1960 390 850
1960 85 507
1960 121 387
1960 420 569
1960 219 629
1960 427 939
1960 90 404
1960 285 529
1960 426 206
1960 195 749
1960 241 532
1960 303 669
1960 430 550
1960 263 501
1960 215 476
1960 423 974
1960 299 568
1960 57 507
1960 264 569
1960 366 199
1960 164 442
1960 163 443
1965 428 174
1965 391 847
1965 403 822
1965 118 355
1965 410 545
1965 402 835
1965 220 628
1965 430 967
1965 90 375
1965 479 823
1965 286 527
1965 417 176
1965 290 1081
1965 239 536
1965 282 672
1965 46 187
1965 157 747
1965 416 544
1965 263 502
1965 300 664
1965 205 478
1965 407 983
1965 300 568
1965 262 566
1965 343 191
1970 390 843
1970 399 826
1970 112 332
1970 392 531
1970 220 629
1970 87 360
1970 422 1000
1970 479 841
1970 285 528
1970 208 727
1970 281 1105
1970 127 763
1970 241 533
1970 298 672
1970 43 174
1970 394 525
1970 263 502
1970 398 1005
1970 300 568
1970 63 470
1970 263 566
1970 123 459
1975 463 859
1975 383 159
1975 354 839
1975 398 823
1975 107 283
1975 390 499
1975 215 633
1975 266 1128
1975 91 316
1975 286 528
1975 285 1139
1975 239 533
1975 304 667
1975 42 172
1975 263 502
1975 362 1010
1975 384 1038
1975 300 567
1975 48 448
1975 263 565
1975 337 131
1975 123 455
1975 395 512
1980 451 886
1980 381 136
1980 353 839
1980 399 826
1980 112 271
1980 376 476
1980 399 821
1980 216 631
1980 92 417
1980 284 528
1980 239 535
1980 291 667
1980 37 190
1980 264 503
1980 356 1024
1980 90 759
1980 398 1046
1980 299 567
1980 65 431
1980 263 567
1980 251 1142
1980 332 108
1980 112 464
1980 373 475
1985 356 840
1985 398 824
1985 84 246
1985 216 629
1985 437 907
1985 242 1169
1985 78 394
1985 172 481
1985 285 527
1985 241 535
1985 297 664
1985 66 187
1985 264 502
1985 352 1076
1985 72 753
1985 393 1082
1985 299 586
1985 52 253
1985 263 567
1985 237 1170
1985 318 106
1985 365 446
1990 356 841
1990 397 848
1990 74 474
1990 92 366
1990 398 827
1990 219 627
1990 419 927
1990 228 1185
1990 78 362
1990 226 1186
1990 171 482
1990 457 934
1990 280 524
1990 371 1119
1990 239 533
1990 290 667
1990 263 502
1990 301 669
1990 299 573
1990 63 474
1990 264 563
1990 225 1187
1990 353 417
1990 321 90
1990 358 428
1995 357 839
1995 394 846
1995 72 198
1995 387 851
1995 216 622
1995 443 963
1995 99 350
1995 216 1199
1995 173 482
1995 444 961
1995 282 527
1995 236 540
1995 303 668
1995 331 1099
1995 319 412
1995 262 499
1995 78 728
1995 410 977
1995 300 568
1995 41 470
1995 262 568
1995 215 1201
1995 345 401
1995 293 54
1995 345 395
