1800 436 820
1800 367 767
1800 394 817
1800 292 1198
1800 77 486
1800 315 814
1800 449 608
1800 393 813
1800 392 812
1800 218 625
1800 29 907
1800 447 602
1800 284 530
1800 284 1124
1800 316 813
1800 240 530
1800 308 662
1800 230 54
1800 446 604
1800 260 500
1800 304 661
1800 299 569
1800 259 570
1820 453 636
1820 359 831
1820 419 833
1820 276 847
1820 426 517
1820 217 625
1820 454 640
1820 227 1265
1820 218 1244
1820 37 908
1820 453 636
1820 285 528
1820 238 534
1820 298 674
1820 427 517
1820 260 500
1820 352 666
1820 422 382
1820 298 568
1820 261 565
1840 355 837
1840 395 840
1840 396 656
1840 218 626
1840 60 920
1840 416 646
1840 285 526
1840 319 862
1840 240 532
1840 279 664
1840 259 500
1840 363 618
1840 325 865
1840 299 570
1840 260 566
1840 365 498
1860 351 826
1860 403 818
1860 372 556
1860 387 696
1860 217 624
1860 61 927
1860 285 528
1860 352 827
1860 240 532
1860 306 665
1860 259 501
1860 363 684
1860 298 576
1860 260 565
1860 315 180
1880 351 844
1880 406 821
1880 314 709
1880 377 509
1880 220 626
1880 286 524
1880 332 743
1880 241 534
1880 289 661
1880 433 502
1880 268 492
1880 300 567
1880 261 563
1880 377 511
1900 462 823
1900 353 830
1900 64 641
1900 226 717
1900 402 823
1900 381 493
1900 398 846
1900 215 632
1900 288 526
1900 241 531
1900 283 664
1900 479 750
1900 261 498
1900 312 664
1900 433 385
1900 91 761
1900 302 571
1900 263 564
1900 382 493
1920 453 707
1920 353 830
1920 78 686
1920 407 896
1920 396 543
1920 390 733
1920 382 856
1920 218 628
1920 427 918
1920 283 525
1920 240 531
1920 304 658
1920 162 631
1920 397 352
1920 297 438
1920 442 409
1920 262 501
1920 296 627
1920 403 342
1920 80 687
1920 300 570
1920 265 561
1940 386 266
1940 126 518
1940 463 861
1940 350 831
1940 70 593
1940 402 829
1940 15 587
1940 458 861
1940 218 624
1940 146 496
1940 285 526
1940 461 294
1940 345 733
1940 242 535
1940 288 672
1940 366 291
1940 425 566
1940 259 497
1940 308 666
1940 280 666
1940 389 294
1940 350 982
1940 233 428
1940 363 897
1940 299 566
1940 19 598
1940 263 561
1940 232 427
1940 126 523
1960 387 265
1960 369 831
1960 249 728
1960 87 507
1960 122 386
1960 424 559
1960 219 626
1960 426 941
1960 89 402
1960 421 949
1960 286 528
1960 422 212
1960 189 751
1960 351 824
1960 241 537
1960 303 670
1960 304 1050
1960 427 550
1960 263 501
1960 304 669
1960 216 476
1960 428 952
1960 299 567
1960 61 509
1960 263 567
1960 367 198
1960 123 393
1960 160 438
1980 458 893
1980 379 124
1980 351 833
1980 399 820
1980 111 256
1980 367 477
1980 399 819
1980 215 625
1980 248 1147
1980 93 420
1980 177 485
1980 284 528
1980 164 725
1980 239 533
1980 285 666
1980 247 1149
1980 50 258
1980 161 723
1980 263 503
1980 177 486
1980 355 1024
1980 90 757
1980 398 1046
1980 300 565
1980 65 432
1980 263 565
1980 248 1146
1980 325 108
1980 107 465
1980 371 474
