1800 456 806
1800 356 771
1800 288 1129
1800 431 840
1800 293 1096
1800 255 42
1800 300 545
1800 295 650
1800 407 810
1800 300 553
1800 214 618
1800 388 795
1800 253 564
1800 476 1012
1800 47 931
1800 268 513
1800 290 1122
1800 234 540
1800 270 594
1800 328 824
1800 235 540
1800 401 799
1800 277 594
1800 385 802
1800 239 525
1800 282 601
1800 304 657
1800 259 562
1800 278 1143
1800 372 817
1800 471 929
1800 305 570
1800 230 554
1820 234 549
1820 394 657
1820 382 706
1820 410 823
1820 77 413
1820 236 40
1820 232 545
1820 292 537
1820 289 670
1820 194 1298
1820 305 654
1820 451 452
1820 409 836
1820 297 671
1820 211 614
1820 400 844
1820 239 541
1820 273 516
1820 271 607
1820 234 544
1820 276 849
1820 345 834
1820 229 537
1820 358 851
1820 284 536
1820 216 1235
1820 377 786
1820 228 554
1820 434 396
1820 242 520
1820 274 612
1820 332 683
1820 234 543
1820 278 887
1820 459 1072
1820 299 558
1820 237 540
1840 418 628
1840 385 659
1840 48 929
1840 23 394
1840 286 573
1840 289 660
1840 410 653
1840 307 627
1840 159 1343
1840 416 631
1840 284 570
1840 212 626
1840 52 906
1840 272 532
1840 242 624
1840 312 886
1840 325 869
1840 367 630
1840 269 664
1840 168 1362
1840 341 892
1840 379 857
1840 240 538
1840 262 679
1840 308 655
1840 269 673
1840 309 908
1840 307 951
1840 465 1072
1840 313 606
1860 368 675
1860 334 715
1860 363 837
1860 270 571
1860 58 502
1860 306 582
1860 303 655
1860 361 597
1860 389 856
1860 37 1126
1860 365 553
1860 211 612
1860 386 845
1860 12 725
1860 56 1085
1860 465 1037
1860 52 944
1860 268 525
1860 249 564
1860 353 844
1860 396 841
1860 232 564
1860 287 669
1860 394 856
1860 278 664
1860 366 856
1860 30 1292
1860 477 530
1860 241 519
1860 298 570
1860 313 648
1860 279 668
1860 382 861
1860 305 578
1860 237 544
1880 357 774
1880 48 861
1880 370 864
1880 272 509
1880 454 1119
1880 11 396
1880 317 608
1880 302 666
1880 429 490
1880 309 584
1880 300 570
1880 213 624
1880 54 549
1880 37 1160
1880 368 516
1880 268 495
1880 461 449
1880 227 547
1880 348 780
1880 360 835
1880 66 539
1880 227 557
1880 314 719
1880 286 525
1880 38 1235
1880 460 515
1880 252 530
1880 328 686
1880 336 877
1880 469 1084
1880 310 578
1880 6 649
1880 238 559
1880 80 549
1880 298 108
1900 81 764
1900 460 733
1900 384 797
1900 97 772
1900 248 542
1900 455 822
1900 330 606
1900 338 530
1900 375 499
1900 409 829
1900 372 519
1900 217 627
1900 389 808
1900 30 648
1900 469 977
1900 56 785
1900 348 466
1900 282 531
1900 352 472
1900 265 548
1900 459 1043
1900 351 820
1900 264 674
1900 229 722
1900 379 849
1900 239 546
1900 420 383
1900 425 381
1900 245 512
1900 334 637
1900 264 676
1900 466 758
1900 342 853
1900 350 834
1900 241 551
1900 465 1045
1900 7 636
1900 238 548
1920 101 699
1920 198 648
1920 470 696
1920 379 707
1920 84 726
1920 384 828
1920 216 652
1920 376 838
1920 222 648
1920 322 608
1920 291 669
1920 406 557
1920 396 542
1920 278 680
1920 391 848
1920 215 638
1920 392 746
1920 15 680
1920 420 943
1920 39 771
1920 277 521
1920 402 350
1920 229 596
1920 370 772
1920 395 734
1920 161 654
1920 222 583
1920 288 688
1920 382 766
1920 373 808
1920 307 465
1920 161 637
1920 238 547
1920 358 826
1920 100 693
1920 462 1065
1920 396 541
1920 234 584
1920 380 313
1920 156 644
1940 375 726
1940 337 740
1940 393 993
1940 23 417
1940 297 580
1940 283 680
1940 308 679
1940 440 316
1940 275 741
1940 366 853
1940 271 748
1940 212 615
1940 428 919
1940 21 749
1940 438 323
1940 267 475
1940 422 303
1940 241 557
1940 355 819
1940 272 622
1940 231 567
1940 276 744
1940 281 536
1940 351 942
1940 394 259
1940 425 268
1940 357 94
1940 240 466
1940 299 640
1940 463 865
1940 381 855
1940 349 980
1940 301 558
1940 7 601
1940 236 441
1940 120 537
1940 135 477
1960 357 163
1960 157 433
1960 386 806
1960 211 486
1960 419 954
1960 343 1107
1960 96 405
1960 208 484
1960 296 558
1960 299 681
1960 403 963
1960 435 566
1960 211 635
1960 419 884
1960 11 793
1960 423 950
1960 271 534
1960 272 697
1960 344 942
1960 408 1018
1960 443 558
1960 380 821
1960 431 195
1960 411 223
1960 347 140
1960 239 550
1960 259 737
1960 356 873
1960 460 1103
1960 302 571
1960 224 492
1980 352 75
1980 441 878
1980 370 130
1980 360 844
1980 385 827
1980 455 919
1980 243 1153
1980 71 356
1980 78 292
1980 305 598
1980 269 1148
1980 389 490
1980 149 715
1980 400 824
1980 34 1127
1980 368 532
1980 362 60
1980 211 632
1980 386 818
1980 451 1026
1980 271 504
1980 311 1243
1980 231 633
1980 406 829
1980 388 843
1980 232 562
1980 166 510
1980 229 1293
1980 379 1005
1980 239 536
1980 386 488
1980 474 940
1980 360 859
1980 363 1044
1980 302 576
1980 18 422
1980 116 525
1980 115 434
