1800 468 625
1800 394 824
1800 415 831
1800 290 1114
1800 309 668
1800 191 1305
1800 446 600
1800 390 804
1800 237 69
1800 218 628
1800 46 909
1800 425 811
1800 286 530
1800 293 1164
1800 289 1115
1800 317 812
1800 317 811
1800 241 533
1800 447 602
1800 260 500
1800 301 569
1800 265 570
1820 415 645
1820 418 831
1820 86 418
1820 306 669
1820 449 635
1820 378 845
1820 219 627
1820 426 840
1820 221 1229
1820 89 418
1820 220 1233
1820 452 633
1820 286 529
1820 279 852
1820 238 535
1820 418 386
1820 434 510
1820 260 502
1820 354 685
1820 422 515
1820 299 574
1820 262 570
1820 434 398
1840 362 288
1840 419 649
1840 368 835
1840 389 859
1840 82 457
1840 290 680
1840 158 1335
1840 384 849
1840 218 629
1840 394 851
1840 417 646
1840 288 526
1840 321 848
1840 326 866
1840 241 537
1840 258 503
1840 358 647
1840 369 497
1840 299 570
1840 264 564
1840 364 499
1860 329 204
1860 79 458
1860 307 670
1860 374 558
1860 398 824
1860 217 629
1860 62 902
1860 287 529
1860 355 827
1860 241 537
1860 259 504
1860 353 683
1860 306 585
1860 264 566
1860 342 488
1880 464 443
1880 378 851
1880 69 543
1880 406 831
1880 304 648
1880 378 512
1880 375 832
1880 218 629
1880 447 510
1880 288 528
1880 325 713
1880 332 749
1880 246 540
1880 432 502
1880 272 500
1880 379 512
1880 300 570
1880 265 565
1880 348 515
1900 394 841
1900 305 662
1900 388 495
1900 385 854
1900 217 632
1900 230 724
1900 66 771
1900 466 757
1900 289 526
1900 241 537
1900 291 677
1900 232 683
1900 439 451
1900 264 508
1900 387 495
1900 88 761
1900 302 563
1900 266 567
1900 260 499
1900 352 475
1920 112 695
1920 456 710
1920 374 853
1920 407 893
1920 300 663
1920 397 543
1920 386 850
1920 217 633
1920 427 907
1920 430 919
1920 438 725
1920 283 528
1920 367 837
1920 241 534
1920 176 605
1920 383 363
1920 298 438
1920 175 605
1920 409 497
1920 264 509
1920 322 578
1920 396 545
1920 106 677
1920 414 912
1920 303 567
1920 24 504
1920 264 564
1920 381 369
1920 330 474
1940 357 296
1940 461 866
1940 366 856
1940 104 579
1940 401 826
1940 236 430
1940 26 374
1940 315 591
1940 398 826
1940 360 971
1940 218 628
1940 458 868
1940 287 529
1940 445 323
1940 311 673
1940 355 730
1940 245 545
1940 377 290
1940 424 565
1940 265 501
1940 316 594
1940 300 569
1940 22 597
1940 266 566
1940 234 429
1940 101 586
1940 450 336
1940 148 489
1960 338 220
1960 172 724
1960 376 830
1960 414 943
1960 215 475
1960 92 405
1960 168 425
1960 301 679
1960 434 552
1960 382 824
1960 221 629
1960 428 931
1960 122 384
1960 258 711
1960 287 529
1960 416 232
1960 346 834
1960 242 538
1960 253 713
1960 166 737
1960 425 547
1960 264 504
1960 301 673
1960 301 1073
1960 411 961
1960 300 569
1960 38 542
1960 265 567
1960 366 203
1960 99 464
1960 162 437
1980 150 725
1980 383 107
1980 179 485
1980 398 827
1980 112 463
1980 297 645
1980 371 474
1980 398 824
1980 354 1009
1980 218 624
1980 451 885
1980 249 1151
1980 111 462
1980 245 1149
1980 450 883
1980 286 529
1980 258 1159
1980 352 842
1980 241 540
1980 358 1017
1980 264 505
1980 371 479
1980 404 1034
1980 301 567
1980 57 435
1980 264 567
1980 331 123
1980 372 473
1980 100 269
