1800 440 827
1800 372 777
1800 394 819
1800 291 1197
1800 77 491
1800 315 818
1800 446 604
1800 390 810
1800 218 628
1800 30 907
1800 466 627
1800 284 531
1800 285 1121
1800 316 814
1800 239 532
1800 308 664
1800 231 54
1800 447 602
1800 260 502
1800 307 662
1800 300 570
1800 261 571
1820 420 841
1820 377 840
1820 421 837
1820 278 853
1820 218 627
1820 229 1266
1820 221 1232
1820 38 907
1820 453 636
1820 285 529
1820 238 535
1820 305 669
1820 427 521
1820 260 502
1820 353 670
1820 422 384
1820 299 571
1820 261 565
1840 356 843
1840 399 840
1840 395 656
1840 218 628
1840 59 916
1840 416 646
1840 285 528
1840 321 865
1840 240 534
1840 278 668
1840 259 503
1840 364 616
1840 330 869
1840 300 571
1840 259 568
1840 365 498
1860 351 841
1860 404 819
1860 344 500
1860 387 696
1860 217 626
1860 59 929
1860 285 529
1860 346 850
1860 240 534
1860 307 666
1860 259 504
1860 360 689
1860 302 595
1860 262 565
1860 317 182
1880 352 845
1880 405 826
1880 67 531
1880 314 672
1880 377 511
1880 220 629
1880 285 526
1880 354 840
1880 241 536
1880 302 665
1880 432 503
1880 268 495
1880 300 569
1880 261 565
1880 376 515
1900 462 826
1900 354 832
1900 64 644
1900 230 704
1900 403 831
1900 382 493
1900 401 841
1900 215 634
1900 288 526
1900 241 534
1900 286 669
1900 447 412
1900 261 499
1900 427 431
1900 92 764
1900 307 591
1900 263 566
1900 381 494
1920 353 840
1920 79 690
1920 410 904
1920 396 546
1920 392 733
1920 217 632
1920 430 923
1920 454 709
1920 283 527
1920 241 532
1920 304 656
1920 158 640
1920 401 345
1920 298 438
1920 398 545
1920 262 502
1920 289 613
1920 405 347
1920 91 688
1920 299 576
1920 266 561
1940 391 269
1940 146 500
1940 461 863
1940 356 835
1940 69 592
1940 402 830
1940 101 584
1940 459 861
1940 218 626
1940 147 501
1940 284 530
1940 462 291
1940 350 735
1940 242 534
1940 294 674
1940 391 270
1940 426 569
1940 263 474
1940 305 592
1940 293 673
1940 355 981
1940 354 985
1940 300 569
1940 39 588
1940 263 564
1940 128 525
1960 406 227
1960 368 832
1960 391 852
1960 86 505
1960 121 386
1960 421 564
1960 219 629
1960 427 942
1960 90 404
1960 286 529
1960 433 188
1960 198 747
1960 354 823
1960 239 537
1960 303 670
1960 325 1064
1960 429 550
1960 263 502
1960 299 569
1960 63 507
1960 264 568
1960 369 180
1960 168 415
1960 163 441
1980 451 885
1980 352 836
1980 399 824
1980 110 263
1980 374 476
1980 399 824
1980 216 630
1980 247 1151
1980 92 413
1980 177 485
1980 284 529
1980 351 831
1980 239 534
1980 291 668
1980 246 1152
1980 264 504
1980 178 487
1980 354 1022
1980 89 760
1980 399 1045
1980 300 569
1980 68 425
1980 263 567
1980 249 1142
1980 330 103
1980 111 463
1980 372 476
