1800 441 827
1800 369 771
1800 399 823
1800 294 1196
1800 77 487
1800 316 815
1800 449 604
1800 394 816
1800 394 820
1800 218 628
1800 29 904
1800 447 605
1800 284 532
1800 297 1191
1800 286 1120
1800 316 815
1800 240 531
1800 307 665
1800 448 605
1800 260 501
1800 307 663
1800 300 571
1800 263 570
1820 421 837
1820 362 839
1820 420 835
1820 278 855
1820 429 515
1820 354 672
1820 379 838
1820 218 627
1820 223 1251
1820 219 1236
1820 35 903
1820 453 641
1820 284 529
1820 358 839
1820 239 535
1820 302 672
1820 426 517
1820 260 502
1820 353 669
1820 422 384
1820 298 571
1820 261 565
1840 374 852
1840 395 846
1840 363 498
1840 396 659
1840 218 628
1840 59 917
1840 415 649
1840 286 528
1840 317 863
1840 240 533
1840 277 670
1840 259 502
1840 364 619
1840 333 883
1840 299 570
1840 262 566
1840 363 499
1860 353 826
1860 404 828
1860 387 698
1860 218 626
1860 58 925
1860 284 530
1860 344 850
1860 241 535
1860 307 668
1860 259 504
1860 367 691
1860 300 583
1860 262 564
1860 318 183
1880 352 844
1880 408 826
1880 334 749
1880 377 513
1880 219 629
1880 58 861
1880 285 526
1880 352 848
1880 242 535
1880 295 665
1880 432 502
1880 268 495
1880 300 568
1880 263 565
1880 377 514
1900 462 823
1900 354 835
1900 63 644
1900 232 698
1900 403 839
1900 384 495
1900 401 830
1900 215 633
1900 288 526
1900 357 842
1900 240 535
1900 285 678
1900 262 501
1900 295 568
1900 424 449
1900 225 722
1900 354 487
1900 92 763
1900 300 570
1900 262 567
1900 375 491
1920 157 642
1920 356 833
1920 77 685
1920 405 899
1920 397 546
1920 387 733
1920 379 863
1920 218 632
1920 434 928
1920 280 528
1920 354 828
1920 242 533
1920 303 661
1920 179 611
1920 399 351
1920 298 439
1920 446 428
1920 262 502
1920 301 578
1920 409 348
1920 105 676
1920 294 587
1920 263 564
1920 410 366
1940 387 267
1940 148 502
1940 462 866
1940 354 842
1940 70 592
1940 402 831
1940 422 569
1940 403 827
1940 370 858
1940 218 626
1940 147 500
1940 283 529
1940 461 297
1940 353 823
1940 242 537
1940 310 670
1940 370 293
1940 425 569
1940 266 490
1940 301 566
1940 462 288
1940 352 984
1940 239 435
1940 299 569
1940 14 597
1940 263 564
1940 266 477
1940 147 502
1940 452 314
1960 403 227
1960 368 828
1960 246 723
1960 397 841
1960 88 508
1960 122 385
1960 423 563
1960 219 628
1960 427 942
1960 91 404
1960 161 453
1960 421 955
1960 285 530
1960 415 242
1960 209 746
1960 299 1067
1960 355 826
1960 264 502
1960 303 670
1960 315 1069
1960 387 219
1960 432 554
1960 263 502
1960 294 581
1960 215 478
1960 216 476
1960 420 957
1960 300 569
1960 60 508
1960 264 569
1960 368 179
1960 124 390
1960 164 443
1980 449 882
1980 379 127
1980 352 842
1980 399 826
1980 108 277
1980 374 477
1980 399 824
1980 215 626
1980 251 1160
1980 91 427
1980 284 529
1980 262 1166
1980 350 836
1980 239 536
1980 285 676
1980 263 504
1980 354 1013
1980 400 1048
1980 299 567
1980 35 428
1980 264 568
1980 248 1146
1980 333 111
1980 107 465
1980 369 478
