1800 440 826
1800 367 767
1800 394 815
1800 291 1200
1800 76 490
1800 314 816
1800 455 614
1800 392 809
1800 217 626
1800 30 909
1800 446 602
1800 285 530
1800 283 1126
1800 316 814
1800 239 529
1800 307 663
1800 231 63
1800 444 608
1800 259 501
1800 294 587
1800 299 570
1800 261 568
1820 449 649
1820 373 834
1820 421 833
1820 427 518
1820 217 626
1820 454 639
1820 222 1245
1820 220 1230
1820 276 852
1820 452 640
1820 286 527
1820 239 534
1820 287 674
1820 430 516
1820 259 502
1820 351 671
1820 275 850
1820 421 383
1820 298 571
1820 261 563
1840 370 846
1840 395 839
1840 317 867
1840 365 499
1840 394 656
1840 217 628
1840 54 904
1840 414 650
1840 286 526
1840 239 533
1840 278 666
1840 17 158
1840 259 502
1840 345 692
1840 323 865
1840 299 570
1840 260 567
1860 353 827
1860 402 821
1860 342 854
1860 343 496
1860 386 696
1860 217 625
1860 60 923
1860 285 528
1860 359 687
1860 240 534
1860 307 668
1860 343 496
1860 258 504
1860 345 702
1860 299 569
1860 261 565
1860 316 181
1880 352 842
1880 405 825
1880 65 532
1880 332 751
1880 377 513
1880 331 753
1880 218 627
1880 46 863
1880 461 445
1880 287 525
1880 332 748
1880 241 535
1880 293 665
1880 376 517
1880 432 503
1880 268 494
1880 335 747
1880 299 569
1880 262 564
1880 432 503
1900 462 826
1900 354 832
1900 63 645
1900 399 832
1900 378 494
1900 355 833
1900 215 637
1900 462 825
1900 90 761
1900 53 787
1900 287 525
1900 240 534
1900 281 672
1900 226 719
1900 351 476
1900 445 418
1900 260 499
1900 305 663
1900 424 451
1900 90 764
1900 302 562
1900 265 566
1900 381 496
1920 364 853
1920 78 689
1920 407 902
1920 397 545
1920 390 736
1920 381 864
1920 216 628
1920 429 921
1920 103 681
1920 430 928
1920 276 522
1920 240 534
1920 292 663
1920 157 639
1920 400 343
1920 296 438
1920 434 432
1920 262 503
1920 312 640
1920 404 362
1920 79 688
1920 301 567
1920 262 566
1940 388 268
1940 147 503
1940 461 868
1940 347 839
1940 69 599
1940 402 832
1940 101 589
1940 421 570
1940 346 987
1940 217 625
1940 45 279
1940 145 496
1940 436 1068
1940 283 529
1940 465 291
1940 333 732
1940 243 543
1940 284 673
1940 360 295
1940 425 568
1940 258 501
1940 306 670
1940 400 288
1940 353 983
1940 352 984
1940 299 569
1940 262 561
1940 232 428
1940 462 292
1960 191 750
1960 390 851
1960 251 705
1960 162 441
1960 91 495
1960 121 385
1960 426 551
1960 96 823
1960 381 827
1960 218 627
1960 426 944
1960 421 974
1960 285 529
1960 432 190
1960 167 737
1960 239 534
1960 303 671
1960 313 1066
1960 382 260
1960 163 740
1960 425 553
1960 263 503
1960 301 669
1960 215 477
1960 428 951
1960 299 569
1960 60 512
1960 265 568
1960 366 179
1960 90 407
1960 434 169
1960 163 440
1980 350 836
1980 398 826
1980 257 1157
1980 112 249
1980 368 477
1980 398 825
1980 215 621
1980 449 884
1980 246 1148
1980 86 295
1980 90 749
1980 442 1058
1980 283 529
1980 247 1149
1980 239 534
1980 284 673
1980 263 505
1980 293 635
1980 355 1011
1980 85 755
1980 397 1045
1980 299 567
1980 67 432
1980 263 567
1980 250 1144
1980 340 119
1980 103 465
1980 369 477
