1800 439 826
1800 368 767
1800 393 814
1800 288 1198
1800 76 488
1800 315 815
1800 447 605
1800 392 810
1800 392 812
1800 218 626
1800 30 903
1800 450 605
1800 284 531
1800 282 1126
1800 316 813
1800 240 530
1800 308 663
1800 233 66
1800 446 605
1800 259 501
1800 307 662
1800 299 570
1800 261 570
1820 422 840
1820 363 841
1820 421 836
1820 277 852
1820 424 517
1820 351 669
1820 380 847
1820 218 626
1820 224 1265
1820 85 421
1820 218 1231
1820 37 905
1820 453 635
1820 284 529
1820 238 534
1820 305 669
1820 427 517
1820 260 501
1820 352 669
1820 421 383
1820 298 569
1820 261 564
1840 355 839
1840 395 849
1840 367 499
1840 393 655
1840 381 855
1840 218 627
1840 58 911
1840 415 646
1840 285 528
1840 320 863
1840 239 533
1840 279 668
1840 259 501
1840 364 615
1840 326 866
1840 299 570
1840 260 568
1840 366 499
1860 373 691
1860 353 826
1860 403 822
1860 373 557
1860 388 697
1860 383 858
1860 218 625
1860 285 529
1860 350 835
1860 240 533
1860 308 668
1860 259 503
1860 364 684
1860 298 581
1860 260 566
1860 316 180
1880 352 843
1880 406 827
1880 308 680
1880 377 510
1880 383 851
1880 219 628
1880 48 858
1880 286 525
1880 332 743
1880 241 535
1880 303 666
1880 432 502
1880 267 493
1880 300 567
1880 260 566
1880 377 512
1900 462 822
1900 354 831
1900 64 643
1900 231 686
1900 402 828
1900 379 494
1900 356 836
1900 387 863
1900 215 633
1900 92 759
1900 463 822
1900 288 525
1900 240 533
1900 293 666
1900 437 447
1900 260 497
1900 309 664
1900 427 447
1900 92 763
1900 304 577
1900 263 566
1900 348 478
1900 379 495
1920 354 828
1920 77 688
1920 407 905
1920 396 545
1920 392 734
1920 380 861
1920 217 631
1920 428 921
1920 105 678
1920 417 739
1920 282 527
1920 240 531
1920 304 661
1920 158 637
1920 401 343
1920 297 438
1920 431 422
1920 262 502
1920 287 613
1920 406 350
1920 81 691
1920 300 576
1920 263 562
1940 373 293
1940 146 499
1940 461 862
1940 350 839
1940 69 592
1940 402 833
1940 71 589
1940 459 859
1940 371 860
1940 218 625
1940 147 501
1940 285 528
1940 463 291
1940 317 701
1940 241 533
1940 308 672
1940 368 292
1940 425 567
1940 260 501
1940 301 588
1940 391 270
1940 354 982
1940 299 567
1940 16 599
1940 263 563
1940 233 428
1940 126 525
1960 179 742
1960 402 225
1960 370 833
1960 85 502
1960 121 386
1960 421 563
1960 217 629
1960 427 939
1960 90 402
1960 285 529
1960 424 210
1960 179 745
1960 239 535
1960 304 670
1960 304 1053
1960 43 178
1960 427 554
1960 263 501
1960 304 670
1960 216 476
1960 424 964
1960 299 567
1960 59 505
1960 263 568
1960 367 198
1960 122 395
1960 162 441
1980 450 887
1980 377 129
1980 351 834
1980 399 823
1980 70 425
1980 112 248
1980 367 480
1980 399 820
1980 393 848
1980 214 631
1980 449 884
1980 248 1148
1980 89 411
1980 177 486
1980 283 529
1980 238 534
1980 289 666
1980 247 1151
1980 46 258
1980 263 503
1980 178 487
1980 353 1016
1980 89 760
1980 397 1047
1980 300 566
1980 69 426
1980 263 567
1980 247 1143
1980 359 486
1980 328 105
1980 109 466
1980 371 476
