1800 443 830
1800 393 818
1800 297 1170
1800 300 571
1800 190 1321
1800 234 66
1800 392 823
1800 219 631
1800 423 818
1800 284 532
1800 290 1171
1800 284 1125
1800 315 814
1800 240 532
1800 443 606
1800 259 502
1800 308 666
1800 448 610
1800 300 570
1800 265 573
1800 442 605
1820 413 642
1820 378 826
1820 299 568
1820 219 1246
1820 410 639
1820 351 669
1820 218 629
1820 84 421
1820 216 1242
1820 425 839
1820 286 529
1820 459 435
1820 238 535
1820 420 384
1820 432 511
1820 260 503
1820 313 661
1820 276 849
1820 411 639
1820 298 573
1820 261 566
1840 414 649
1840 390 857
1840 297 569
1840 358 613
1840 391 656
1840 218 631
1840 392 867
1840 286 528
1840 322 869
1840 240 536
1840 364 288
1840 419 645
1840 259 502
1840 316 673
1840 415 649
1840 298 574
1840 262 565
1840 364 501
1860 396 838
1860 288 624
1860 373 560
1860 319 186
1860 386 699
1860 218 631
1860 402 827
1860 287 530
1860 471 515
1860 240 538
1860 382 704
1860 259 504
1860 325 670
1860 373 560
1860 300 570
1860 262 567
1860 325 191
1860 472 506
1880 65 534
1880 372 852
1880 293 575
1880 376 515
1880 219 633
1880 402 829
1880 288 526
1880 467 438
1880 329 756
1880 243 539
1880 438 515
1880 430 502
1880 271 500
1880 308 667
1880 377 513
1880 299 571
1880 264 566
1880 65 532
1880 66 533
1880 431 504
1900 472 753
1900 354 841
1900 290 572
1900 387 499
1900 218 634
1900 78 762
1900 399 838
1900 288 527
1900 451 401
1900 241 540
1900 232 730
1900 428 383
1900 260 501
1900 316 630
1900 377 496
1900 89 764
1900 309 591
1900 265 565
1900 345 506
1900 428 456
1920 395 769
1920 382 858
1920 376 858
1920 41 256
1920 288 584
1920 435 431
1920 390 743
1920 219 640
1920 424 919
1920 431 926
1920 82 694
1920 407 858
1920 283 527
1920 402 344
1920 392 747
1920 239 539
1920 175 611
1920 393 384
1920 175 604
1920 423 502
1920 264 504
1920 304 663
1920 395 547
1920 107 683
1920 432 939
1920 300 579
1920 20 536
1920 264 548
1920 376 371
1940 143 507
1940 459 876
1940 364 857
1940 72 602
1940 360 859
1940 298 572
1940 402 838
1940 352 295
1940 357 733
1940 358 956
1940 219 631
1940 101 590
1940 461 875
1940 402 828
1940 287 529
1940 394 281
1940 356 738
1940 242 543
1940 129 523
1940 48 213
1940 358 321
1940 352 292
1940 424 567
1940 261 476
1940 311 671
1940 373 913
1940 299 571
1940 16 592
1940 263 565
1940 373 294
1940 128 521
1940 468 295
1940 128 521
1960 191 745
1960 122 390
1960 432 193
1960 82 508
1960 386 849
1960 164 442
1960 122 386
1960 299 570
1960 424 556
1960 122 389
1960 221 630
1960 426 943
1960 92 408
1960 425 948
1960 390 865
1960 286 530
1960 230 637
1960 257 720
1960 226 477
1960 272 710
1960 41 178
1960 422 573
1960 425 551
1960 264 505
1960 301 674
1960 428 552
1960 417 980
1960 300 571
1960 266 568
1960 214 477
1960 48 261
1960 369 205
1960 164 442
1980 451 889
1980 367 131
1980 176 487
1980 387 859
1980 176 488
1980 80 274
1980 80 274
1980 296 585
1980 78 303
1980 220 626
1980 397 832
1980 248 1151
1980 109 464
1980 242 1159
1980 397 831
1980 285 530
1980 264 1175
1980 259 1160
1980 162 719
1980 239 543
1980 355 1019
1980 61 190
1980 364 496
1980 108 270
1980 451 891
1980 263 507
1980 401 1042
1980 300 569
1980 59 433
1980 265 567
1980 366 491
1980 328 126
1980 77 421
1980 385 491
1980 81 281
