1800 446 613
1800 368 768
1800 405 821
1800 77 486
1800 446 609
1800 368 767
1800 216 627
1800 38 925
1800 445 836
1800 283 531
1800 471 631
1800 290 1190
1800 289 1133
1800 316 818
1800 315 814
1800 239 529
1800 279 664
1800 286 1118
1800 448 611
1800 259 501
1800 307 662
1800 435 616
1800 393 859
1800 79 884
1800 394 817
1800 299 569
1800 260 574
1800 244 62
1800 462 628
1820 412 646
1820 382 836
1820 424 832
1820 276 858
1820 426 517
1820 352 682
1820 217 626
1820 221 1244
1820 227 1256
1820 453 641
1820 285 528
1820 437 400
1820 238 534
1820 278 670
1820 421 385
1820 430 515
1820 259 502
1820 303 673
1820 427 522
1820 298 571
1820 261 563
1840 416 652
1840 363 832
1840 401 829
1840 80 457
1840 367 502
1840 367 505
1840 393 658
1840 217 630
1840 56 909
1840 416 650
1840 285 527
1840 317 866
1840 239 532
1840 277 671
1840 31 185
1840 376 297
1840 370 291
1840 259 501
1840 338 689
1840 368 502
1840 323 870
1840 298 572
1840 81 457
1840 260 567
1840 375 299
1840 367 501
1860 320 184
1860 474 521
1860 347 847
1860 400 829
1860 76 456
1860 373 559
1860 320 186
1860 388 702
1860 217 628
1860 284 530
1860 361 727
1860 238 537
1860 276 666
1860 342 496
1860 317 186
1860 474 521
1860 258 503
1860 320 679
1860 295 584
1860 261 563
1860 320 187
1860 472 514
1880 444 521
1880 350 850
1880 405 824
1880 57 550
1880 377 515
1880 378 515
1880 392 850
1880 218 629
1880 435 515
1880 285 526
1880 282 659
1880 330 752
1880 241 536
1880 285 655
1880 466 280
1880 346 517
1880 432 505
1880 265 494
1880 346 517
1880 377 514
1880 349 848
1880 299 569
1880 64 529
1880 261 565
1880 377 514
1900 469 832
1900 353 833
1900 65 647
1900 401 834
1900 377 496
1900 355 843
1900 215 633
1900 465 834
1900 58 797
1900 464 826
1900 288 527
1900 475 215
1900 240 535
1900 284 666
1900 228 732
1900 433 388
1900 348 478
1900 477 744
1900 261 499
1900 295 571
1900 215 633
1900 377 496
1900 88 763
1900 301 582
1900 262 569
1900 431 460
1900 378 497
1920 157 646
1920 396 554
1920 361 846
1920 80 691
1920 409 897
1920 177 611
1920 397 547
1920 387 741
1920 394 386
1920 215 629
1920 428 921
1920 106 681
1920 456 709
1920 282 528
1920 466 437
1920 359 853
1920 241 534
1920 295 658
1920 177 605
1920 394 398
1920 313 460
1920 154 636
1920 451 431
1920 261 503
1920 300 666
1920 396 547
1920 354 837
1920 93 685
1920 345 933
1920 291 600
1920 263 570
1920 409 350
1920 415 502
1940 370 292
1940 72 601
1940 474 882
1940 422 331
1940 351 844
1940 101 582
1940 402 831
1940 47 400
1940 47 342
1940 423 575
1940 456 869
1940 350 961
1940 216 625
1940 469 864
1940 284 530
1940 467 292
1940 289 731
1940 328 765
1940 242 539
1940 278 670
1940 394 276
1940 365 313
1940 424 570
1940 260 497
1940 307 670
1940 424 572
1940 311 1056
1940 355 851
1940 234 435
1940 347 956
1940 299 571
1940 53 588
1940 261 564
1940 231 429
1940 369 306
1940 370 324
1940 99 583
1940 146 502
1960 368 181
1960 445 581
1960 434 194
1960 386 846
1960 387 864
1960 162 425
1960 85 500
1960 122 388
1960 436 558
1960 368 836
1960 215 628
1960 429 945
1960 89 403
1960 165 442
1960 425 967
1960 399 867
1960 286 530
1960 411 240
1960 191 745
1960 373 833
1960 238 533
1960 277 675
1960 251 736
1960 300 1067
1960 55 254
1960 422 572
1960 164 743
1960 427 552
1960 263 502
1960 301 673
1960 214 632
1960 433 557
1960 351 844
1960 214 477
1960 299 571
1960 48 505
1960 264 569
1960 213 479
1960 368 180
1960 365 201
1960 92 413
1960 449 576
1960 162 441
1980 452 895
1980 356 849
1980 398 831
1980 114 319
1980 104 466
1980 83 309
1980 367 497
1980 397 841
1980 354 1020
1980 212 629
1980 249 1153
1980 52 260
1980 451 888
1980 472 919
1980 285 529
1980 256 1172
1980 238 539
1980 278 664
1980 47 258
1980 172 741
1980 262 505
1980 299 595
1980 214 627
1980 370 496
1980 354 1034
1980 93 766
1980 401 1046
1980 299 570
1980 63 437
1980 264 568
1980 247 1152
1980 338 127
1980 368 495
