1800 464 627
1800 393 815
1800 276 668
1800 412 830
1800 76 487
1800 314 816
1800 447 607
1800 243 58
1800 385 800
1800 219 626
1800 291 1165
1800 469 1040
1800 80 918
1800 441 830
1800 284 530
1800 293 1165
1800 288 1119
1800 315 816
1800 241 529
1800 278 667
1800 282 1125
1800 235 70
1800 445 604
1800 260 501
1800 308 660
1800 395 827
1800 411 917
1800 301 566
1800 261 572
1800 76 490
1820 413 640
1820 381 843
1820 298 671
1820 420 833
1820 414 641
1820 353 679
1820 218 624
1820 422 835
1820 219 1231
1820 425 832
1820 421 833
1820 286 527
1820 278 854
1820 240 533
1820 280 671
1820 432 397
1820 453 633
1820 261 500
1820 307 664
1820 425 517
1820 370 835
1820 426 839
1820 298 568
1820 259 552
1820 83 420
1840 374 295
1840 414 648
1840 391 858
1840 279 674
1840 396 824
1840 80 457
1840 391 656
1840 393 658
1840 372 294
1840 374 847
1840 385 856
1840 219 629
1840 383 855
1840 286 527
1840 319 867
1840 240 531
1840 278 672
1840 29 183
1840 365 291
1840 416 648
1840 260 501
1840 303 667
1840 327 878
1840 69 743
1840 299 569
1840 261 564
1840 367 289
1840 80 457
1840 365 500
1860 472 518
1860 390 851
1860 292 675
1860 399 837
1860 77 457
1860 324 675
1860 373 558
1860 317 183
1860 394 846
1860 220 627
1860 460 753
1860 286 528
1860 369 689
1860 240 535
1860 283 661
1860 473 519
1860 260 503
1860 307 665
1860 387 707
1860 300 568
1860 263 563
1860 324 190
1860 76 458
1880 434 506
1880 358 849
1880 291 649
1880 316 672
1880 378 513
1880 331 754
1880 219 626
1880 63 894
1880 290 524
1880 331 752
1880 242 536
1880 286 653
1880 378 513
1880 467 435
1880 270 496
1880 347 517
1880 431 502
1880 350 854
1880 301 567
1880 51 544
1880 263 560
1880 378 512
1900 449 465
1900 353 843
1900 63 643
1900 288 672
1900 387 880
1900 383 497
1900 352 839
1900 218 630
1900 464 831
1900 82 759
1900 394 858
1900 289 525
1900 241 534
1900 286 664
1900 230 735
1900 432 387
1900 445 391
1900 262 501
1900 308 639
1900 375 494
1900 356 852
1900 91 763
1900 302 566
1900 28 623
1900 265 565
1900 378 494
1920 157 637
1920 455 710
1920 368 858
1920 80 689
1920 292 663
1920 406 897
1920 397 545
1920 390 736
1920 218 630
1920 426 929
1920 24 258
1920 104 680
1920 430 921
1920 283 529
1920 177 613
1920 241 536
1920 291 664
1920 176 608
1920 402 345
1920 296 438
1920 158 636
1920 397 543
1920 264 503
1920 304 634
1920 354 829
1920 79 689
1920 403 906
1920 299 563
1920 12 513
1920 260 545
1920 415 355
1920 433 439
1940 366 292
1940 150 518
1940 471 874
1940 357 845
1940 70 596
1940 307 666
1940 358 983
1940 310 669
1940 400 763
1940 359 982
1940 218 624
1940 45 372
1940 457 868
1940 287 527
1940 388 269
1940 347 734
1940 242 537
1940 280 672
1940 409 353
1940 425 570
1940 262 476
1940 310 668
1940 353 839
1940 360 964
1940 299 568
1940 19 602
1940 264 562
1940 232 428
1940 347 287
1940 147 508
1960 181 745
1960 399 839
1960 278 678
1960 416 983
1960 216 476
1960 91 503
1960 164 441
1960 426 548
1960 358 828
1960 221 626
1960 427 943
1960 91 406
1960 388 853
1960 286 529
1960 407 233
1960 308 1073
1960 306 1076
1960 348 847
1960 237 536
1960 285 675
1960 220 630
1960 256 730
1960 295 1071
1960 325 1067
1960 28 215
1960 164 739
1960 425 551
1960 264 503
1960 303 669
1960 221 628
1960 350 844
1960 429 943
1960 299 569
1960 20 580
1960 263 567
1960 365 196
1960 92 408
1960 433 550
1960 163 440
1980 371 856
1980 285 675
1980 394 845
1980 85 412
1980 398 826
1980 355 1018
1980 215 618
1980 450 886
1980 259 1163
1980 90 421
1980 246 1155
1980 175 488
1980 449 883
1980 450 885
1980 285 527
1980 253 1159
1980 253 1159
1980 350 839
1980 240 535
1980 280 670
1980 262 564
1980 46 172
1980 83 318
1980 161 723
1980 264 504
1980 299 565
1980 365 489
1980 357 1032
1980 355 1031
1980 86 755
1980 401 1045
1980 300 564
1980 28 408
1980 264 562
1980 250 1152
1980 317 132
1980 107 465
1980 372 474
