1800 469 636
1800 392 815
1800 398 821
1800 295 1128
1800 77 489
1800 315 814
1800 383 799
1800 392 817
1800 217 626
1800 442 829
1800 285 530
1800 291 1177
1800 289 1126
1800 316 814
1800 243 531
1800 279 665
1800 432 609
1800 259 502
1800 300 566
1800 315 813
1800 399 825
1800 300 570
1800 262 570
1820 412 643
1820 381 837
1820 420 832
1820 278 853
1820 413 641
1820 349 671
1820 218 626
1820 452 640
1820 228 1268
1820 222 1247
1820 285 528
1820 239 534
1820 291 675
1820 421 383
1820 453 637
1820 260 503
1820 341 692
1820 278 854
1820 299 572
1820 261 562
1840 368 289
1840 415 650
1840 379 854
1840 384 841
1840 81 458
1840 415 650
1840 394 656
1840 352 836
1840 218 629
1840 58 912
1840 287 526
1840 329 865
1840 241 532
1840 278 669
1840 416 648
1840 260 501
1840 345 663
1840 365 502
1840 327 868
1840 300 571
1840 260 565
1860 318 183
1860 393 848
1860 404 823
1860 78 459
1860 369 686
1860 374 559
1860 388 701
1860 218 627
1860 286 529
1860 351 828
1860 243 534
1860 300 667
1860 259 505
1860 350 704
1860 305 584
1860 263 563
1860 319 183
1880 468 437
1880 380 852
1880 405 820
1880 309 734
1880 219 628
1880 48 858
1880 288 527
1880 344 816
1880 243 537
1880 293 663
1880 468 437
1880 271 497
1880 378 513
1880 351 842
1880 300 569
1880 66 533
1880 264 563
1900 461 790
1900 399 841
1900 65 646
1900 402 831
1900 431 436
1900 217 628
1900 89 765
1900 58 780
1900 463 825
1900 289 525
1900 355 832
1900 241 537
1900 233 697
1900 289 677
1900 230 724
1900 436 385
1900 466 538
1900 262 502
1900 295 563
1900 383 497
1900 89 764
1900 299 567
1900 265 567
1900 426 452
1920 374 866
1920 81 692
1920 410 902
1920 398 547
1920 389 740
1920 358 840
1920 218 630
1920 428 923
1920 107 681
1920 285 527
1920 352 826
1920 241 533
1920 307 663
1920 158 640
1920 405 342
1920 263 503
1920 298 555
1920 97 686
1920 293 617
1920 263 568
1920 397 356
1940 387 267
1940 472 876
1940 392 847
1940 72 596
1940 400 827
1940 310 672
1940 457 869
1940 352 969
1940 218 625
1940 464 869
1940 457 870
1940 287 527
1940 399 282
1940 309 672
1940 351 737
1940 242 538
1940 287 671
1940 399 278
1940 426 570
1940 265 476
1940 311 668
1940 362 853
1940 353 972
1940 300 570
1940 44 612
1940 262 561
1940 386 277
1940 466 287
1940 148 505
1960 342 215
1960 412 235
1960 390 836
1960 387 855
1960 216 475
1960 88 500
1960 122 385
1960 426 551
1960 220 628
1960 429 939
1960 56 453
1960 287 528
1960 399 224
1960 202 746
1960 308 1077
1960 356 822
1960 239 531
1960 250 718
1960 304 673
1960 426 549
1960 264 502
1960 352 834
1960 318 1020
1960 426 949
1960 300 570
1960 29 576
1960 264 568
1960 368 179
1960 91 410
1980 370 478
1980 394 841
1980 399 830
1980 178 487
1980 77 411
1980 396 836
1980 216 624
1980 253 1153
1980 85 314
1980 450 886
1980 286 528
1980 264 1162
1980 351 837
1980 240 536
1980 282 674
1980 57 265
1980 340 120
1980 172 734
1980 264 505
1980 370 486
1980 354 1012
1980 400 1039
1980 301 568
1980 61 428
1980 266 564
1980 113 254
1980 249 1153
1980 335 129
1980 111 465
1980 371 476
