1800 441 827
1800 368 767
1800 395 819
1800 294 1197
1800 77 491
1800 447 604
1800 388 802
1800 219 627
1800 470 632
1800 284 531
1800 286 1128
1800 316 813
1800 240 531
1800 308 663
1800 232 57
1800 446 602
1800 260 501
1800 307 662
1800 300 570
1800 262 569
1820 370 840
1820 421 835
1820 279 854
1820 218 626
1820 231 1261
1820 221 1231
1820 37 905
1820 453 633
1820 285 528
1820 238 534
1820 299 671
1820 427 522
1820 260 501
1820 353 669
1820 422 383
1820 298 569
1820 262 566
1840 360 832
1840 399 833
1840 394 656
1840 218 627
1840 56 911
1840 417 645
1840 285 527
1840 321 865
1840 240 533
1840 279 666
1840 259 502
1840 363 619
1840 330 868
1840 299 571
1840 260 568
1840 365 498
1860 354 829
1860 404 820
1860 345 501
1860 387 694
1860 217 625
1860 54 919
1860 285 528
1860 353 828
1860 240 533
1860 308 667
1860 259 503
1860 361 688
1860 301 585
1860 262 564
1860 317 182
1880 352 843
1880 406 827
1880 67 535
1880 312 674
1880 377 510
1880 220 628
1880 286 526
1880 333 751
1880 242 535
1880 299 665
1880 432 502
1880 268 494
1880 301 568
1880 262 564
1880 377 512
1900 462 824
1900 354 830
1900 64 642
1900 226 719
1900 403 830
1900 383 493
1900 215 633
1900 288 525
1900 241 532
1900 287 667
1900 436 431
1900 261 498
1900 426 439
1900 92 763
1900 309 588
1900 264 565
1900 380 494
1920 354 839
1920 78 689
1920 408 907
1920 396 545
1920 393 733
1920 218 632
1920 431 924
1920 453 710
1920 283 527
1920 241 531
1920 306 655
1920 159 639
1920 399 348
1920 298 438
1920 445 428
1920 263 502
1920 306 593
1920 409 361
1920 86 693
1920 301 574
1920 268 563
1940 389 268
1940 147 499
1940 461 862
1940 357 837
1940 70 591
1940 402 831
1940 73 592
1940 303 670
1940 218 625
1940 147 501
1940 284 529
1940 460 299
1940 351 731
1940 242 535
1940 294 672
1940 369 292
1940 425 568
1940 267 487
1940 305 589
1940 306 678
1940 356 982
1940 351 985
1940 300 567
1940 265 563
1940 128 524
1960 391 219
1960 369 834
1960 391 849
1960 83 509
1960 121 384
1960 420 567
1960 220 627
1960 428 939
1960 90 403
1960 165 441
1960 286 528
1960 427 210
1960 197 745
1960 263 508
1960 304 669
1960 427 551
1960 263 502
1960 216 475
1960 424 978
1960 299 568
1960 62 505
1960 265 567
1960 368 180
1960 142 385
1960 163 443
1980 451 883
1980 383 125
1980 352 835
1980 399 824
1980 114 265
1980 373 476
1980 217 629
1980 250 1151
1980 94 414
1980 284 528
1980 239 533
1980 291 666
1980 247 1152
1980 164 729
1980 263 503
1980 177 486
1980 356 1023
1980 90 760
1980 400 1044
1980 300 567
1980 67 429
1980 264 566
1980 250 1148
1980 333 105
1980 111 463
1980 373 475
