1800 440 825
1800 368 766
1800 395 818
1800 291 1196
1800 77 490
1800 315 814
1800 446 605
1800 391 811
1800 391 813
1800 217 627
1800 29 903
1800 445 603
1800 283 531
1800 282 1127
1800 316 813
1800 240 530
1800 306 668
1800 231 53
1800 445 603
1800 259 501
1800 299 571
1800 261 570
1820 420 833
1820 363 836
1820 420 834
1820 277 852
1820 350 669
1820 217 627
1820 228 1264
1820 221 1237
1820 37 908
1820 453 635
1820 284 529
1820 238 533
1820 281 669
1820 426 517
1820 259 501
1820 350 669
1820 421 384
1820 298 570
1820 261 564
1840 374 286
1840 369 842
1840 396 842
1840 394 656
1840 217 628
1840 62 910
1840 415 645
1840 284 528
1840 318 863
1840 240 533
1840 278 665
1840 259 501
1840 363 615
1840 327 867
1840 299 570
1840 260 567
1840 363 497
1860 352 829
1860 403 822
1860 344 500
1860 387 697
1860 217 627
1860 284 530
1860 365 687
1860 239 533
1860 308 668
1860 258 504
1860 366 683
1860 296 583
1860 262 565
1860 315 181
1880 352 843
1880 406 823
1880 66 531
1880 312 676
1880 377 512
1880 218 629
1880 285 526
1880 331 749
1880 240 535
1880 293 656
1880 431 502
1880 267 493
1880 300 568
1880 261 565
1880 376 516
1900 461 822
1900 354 828
1900 64 642
1900 226 718
1900 403 825
1900 379 495
1900 356 837
1900 215 634
1900 465 821
1900 288 525
1900 241 532
1900 283 659
1900 439 448
1900 260 497
1900 426 441
1900 92 762
1900 305 578
1900 262 567
1900 380 496
1920 354 828
1920 78 686
1920 407 904
1920 395 546
1920 388 733
1920 383 861
1920 216 629
1920 428 918
1920 105 686
1920 387 727
1920 281 527
1920 239 531
1920 300 655
1920 158 638
1920 398 348
1920 297 438
1920 427 387
1920 261 502
1920 290 615
1920 404 345
1920 82 695
1920 298 573
1920 264 563
1940 388 267
1940 460 864
1940 390 269
1940 353 828
1940 70 592
1940 402 827
1940 100 584
1940 217 626
1940 146 501
1940 282 531
1940 461 293
1940 352 727
1940 242 534
1940 305 671
1940 368 293
1940 424 567
1940 259 472
1940 300 589
1940 286 672
1940 396 282
1940 357 974
1940 299 568
1940 21 601
1940 262 562
1940 232 429
1940 127 527
1960 386 217
1960 368 824
1960 78 621
1960 390 855
1960 84 503
1960 121 386
1960 421 564
1960 218 629
1960 426 941
1960 90 402
1960 164 441
1960 285 529
1960 432 190
1960 197 748
1960 351 823
1960 240 536
1960 303 670
1960 313 1043
1960 426 553
1960 262 502
1960 216 476
1960 424 953
1960 299 569
1960 61 506
1960 263 568
1960 366 199
1960 163 441
1960 161 442
1980 450 887
1980 384 139
1980 351 836
1980 399 825
1980 109 269
1980 363 482
1980 399 821
1980 215 629
1980 247 1149
1980 85 407
1980 177 486
1980 283 529
1980 239 533
1980 286 668
1980 247 1151
1980 43 178
1980 176 743
1980 263 504
1980 177 487
1980 353 1017
1980 91 761
1980 397 1048
1980 299 567
1980 62 425
1980 262 566
1980 246 1147
1980 326 103
1980 110 463
1980 368 477
1980 88 408
