1800 440 826
1800 368 767
1800 395 820
1800 290 1197
1800 77 491
1800 315 817
1800 449 604
1800 392 813
1800 393 816
1800 218 627
1800 28 905
1800 454 608
1800 284 531
1800 284 1129
1800 316 813
1800 240 532
1800 308 663
1800 230 59
1800 448 604
1800 260 501
1800 300 570
1800 262 569
1820 371 838
1820 420 835
1820 279 855
1820 218 627
1820 230 1261
1820 219 1232
1820 36 919
1820 284 528
1820 238 534
1820 299 671
1820 429 524
1820 259 501
1820 352 670
1820 422 384
1820 298 570
1820 260 563
1840 370 841
1840 397 837
1840 397 656
1840 218 627
1840 60 912
1840 417 645
1840 285 528
1840 321 866
1840 240 534
1840 279 667
1840 259 502
1840 366 627
1840 325 870
1840 299 571
1840 260 567
1840 367 499
1860 352 828
1860 404 822
1860 345 504
1860 387 696
1860 218 627
1860 285 529
1860 346 850
1860 240 534
1860 307 666
1860 259 503
1860 357 692
1860 299 582
1860 262 564
1860 316 181
1880 352 846
1880 406 824
1880 310 675
1880 377 510
1880 219 629
1880 285 527
1880 333 751
1880 241 536
1880 299 664
1880 433 502
1880 267 493
1880 300 569
1880 261 565
1880 377 513
1900 462 826
1900 354 828
1900 64 642
1900 402 837
1900 381 493
1900 401 841
1900 215 635
1900 288 526
1900 241 533
1900 287 675
1900 437 387
1900 261 498
1900 318 671
1900 426 443
1900 91 762
1900 309 584
1900 262 566
1900 383 493
1920 356 837
1920 78 689
1920 405 908
1920 396 544
1920 392 733
1920 218 633
1920 429 919
1920 453 709
1920 283 527
1920 241 532
1920 304 661
1920 158 639
1920 397 353
1920 298 438
1920 431 405
1920 262 501
1920 287 608
1920 406 346
1920 84 693
1920 300 570
1920 266 565
1940 387 268
1940 461 860
1940 390 270
1940 355 844
1940 70 590
1940 402 831
1940 35 501
1940 218 626
1940 147 503
1940 283 529
1940 463 291
1940 353 732
1940 242 534
1940 290 672
1940 369 294
1940 426 568
1940 265 478
1940 308 626
1940 292 674
1940 358 980
1940 352 983
1940 299 568
1940 36 592
1940 264 564
1940 128 524
1960 394 221
1960 368 825
1960 391 848
1960 83 507
1960 121 385
1960 420 570
1960 219 628
1960 427 939
1960 90 404
1960 285 529
1960 427 200
1960 196 749
1960 241 533
1960 303 670
1960 432 551
1960 263 502
1960 216 476
1960 430 958
1960 299 568
1960 59 507
1960 264 569
1960 366 198
1960 163 442
1960 163 443
1980 451 888
1980 383 142
1980 353 840
1980 399 826
1980 112 261
1980 374 476
1980 399 821
1980 217 630
1980 92 416
1980 284 528
1980 239 534
1980 292 667
1980 247 1151
1980 37 193
1980 264 503
1980 354 1018
1980 90 759
1980 398 1045
1980 299 567
1980 63 429
1980 263 567
1980 251 1142
1980 332 108
1980 112 464
1980 373 475
