1800 440 827
1800 368 767
1800 395 821
1800 292 1197
1800 77 491
1800 315 816
1800 449 604
1800 392 817
1800 393 817
1800 218 627
1800 30 907
1800 462 628
1800 284 531
1800 284 1129
1800 316 813
1800 240 531
1800 308 663
1800 232 60
1800 447 602
1800 259 501
1800 300 570
1800 261 569
1820 421 837
1820 371 839
1820 420 835
1820 279 855
1820 218 627
1820 230 1259
1820 219 1231
1820 35 919
1820 284 528
1820 239 533
1820 292 669
1820 427 524
1820 260 501
1820 352 671
1820 422 384
1820 298 570
1820 260 564
1840 370 843
1840 398 834
1840 395 656
1840 218 628
1840 58 913
1840 417 645
1840 285 527
1840 322 866
1840 240 534
1840 279 667
1840 259 502
1840 365 626
1840 325 868
1840 299 571
1840 260 567
1840 366 498
1860 353 829
1860 404 820
1860 343 500
1860 388 696
1860 218 627
1860 285 529
1860 346 850
1860 240 534
1860 305 666
1860 259 503
1860 361 689
1860 300 585
1860 262 564
1860 316 181
1880 352 845
1880 406 824
1880 377 511
1880 219 629
1880 285 526
1880 333 749
1880 241 536
1880 297 663
1880 432 502
1880 267 493
1880 300 568
1880 261 565
1880 376 514
1900 462 827
1900 355 829
1900 64 643
1900 402 836
1900 381 492
1900 397 848
1900 216 635
1900 288 526
1900 241 533
1900 287 673
1900 438 387
1900 261 498
1900 318 666
1900 429 443
1900 92 763
1900 309 585
1900 262 565
1900 382 493
1920 356 838
1920 78 691
1920 405 908
1920 396 545
1920 392 732
1920 218 633
1920 429 919
1920 453 710
1920 283 526
1920 240 531
1920 304 661
1920 158 639
1920 395 356
1920 298 438
1920 421 378
1920 262 501
1920 295 595
1920 411 350
1920 84 693
1920 300 570
1920 265 566
1940 389 268
1940 461 861
1940 392 274
1940 356 841
1940 70 590
1940 402 830
1940 218 626
1940 147 502
1940 283 529
1940 461 291
1940 351 733
1940 242 533
1940 289 672
1940 369 295
1940 426 568
1940 265 479
1940 306 613
1940 293 673
1940 357 980
1940 353 986
1940 299 568
1940 57 590
1940 263 563
1940 127 525
1960 400 225
1960 368 825
1960 390 850
1960 85 507
1960 121 387
1960 420 569
1960 219 629
1960 427 939
1960 90 404
1960 285 529
1960 426 206
1960 195 749
1960 241 532
1960 303 669
1960 430 550
1960 263 501
1960 215 476
1960 423 974
1960 299 568
1960 57 507
1960 264 569
1960 366 199
1960 164 442
1960 163 443
1980 451 886
1980 381 136
1980 353 839
1980 399 826
1980 112 271
1980 376 476
1980 399 821
1980 216 631
1980 92 417
1980 284 528
1980 239 535
1980 291 667
1980 37 190
1980 264 503
1980 356 1024
1980 90 759
1980 398 1046
1980 299 567
1980 65 431
1980 263 567
1980 251 1142
1980 332 108
1980 112 464
1980 373 475
