1800 475 624
1800 367 765
1800 378 794
1800 279 1129
1800 25 376
1800 291 669
1800 239 52
1800 312 820
1800 309 677
1800 216 628
1800 451 843
1800 80 877
1800 422 807
1800 283 530
1800 299 1197
1800 292 1174
1800 307 820
1800 240 528
1800 257 503
1800 471 630
1800 300 569
1800 255 568
1800 259 57
1820 413 639
1820 402 648
1820 373 845
1820 87 418
1820 291 676
1820 223 1258
1820 354 840
1820 361 701
1820 217 628
1820 224 1252
1820 437 852
1820 283 528
1820 432 399
1820 248 1331
1820 239 535
1820 447 644
1820 239 532
1820 256 503
1820 352 676
1820 426 852
1820 297 574
1820 257 564
1840 411 660
1840 360 289
1840 376 857
1840 22 369
1840 281 674
1840 360 502
1840 315 866
1840 312 880
1840 216 627
1840 47 886
1840 284 527
1840 312 875
1840 241 538
1840 386 853
1840 12 171
1840 258 505
1840 345 682
1840 359 619
1840 296 567
1840 258 574
1840 366 499
1860 380 702
1860 370 694
1860 391 855
1860 301 681
1860 341 501
1860 339 851
1860 371 565
1860 215 626
1860 58 920
1860 401 812
1860 285 528
1860 334 706
1860 239 536
1860 256 509
1860 379 696
1860 314 595
1860 259 567
1880 472 435
1880 450 508
1880 377 864
1880 25 379
1880 293 667
1880 360 537
1880 346 854
1880 217 628
1880 409 864
1880 472 438
1880 288 525
1880 449 518
1880 333 750
1880 240 532
1880 457 464
1880 270 500
1880 357 512
1880 465 437
1880 399 818
1880 296 569
1880 262 569
1880 376 517
1900 475 752
1900 473 505
1900 64 652
1900 379 872
1900 291 679
1900 345 475
1900 347 850
1900 215 630
1900 461 829
1900 90 766
1900 464 832
1900 454 832
1900 288 526
1900 427 462
1900 226 735
1900 240 701
1900 377 502
1900 240 533
1900 434 387
1900 259 508
1900 316 581
1900 261 567
1900 372 491
1920 25 767
1920 452 709
1920 379 736
1920 79 683
1920 380 847
1920 289 662
1920 352 855
1920 216 631
1920 412 900
1920 37 751
1920 395 759
1920 281 524
1920 396 385
1920 99 695
1920 237 538
1920 383 866
1920 188 603
1920 439 464
1920 263 506
1920 316 486
1920 106 678
1920 299 576
1920 16 505
1920 263 562
1920 294 440
1920 158 647
1920 431 434
1940 142 493
1940 460 875
1940 363 296
1940 425 566
1940 102 586
1940 382 860
1940 23 408
1940 287 670
1940 351 124
1940 348 845
1940 352 741
1940 215 624
1940 462 882
1940 461 333
1940 286 528
1940 452 298
1940 313 668
1940 239 538
1940 359 977
1940 458 294
1940 259 502
1940 300 593
1940 467 869
1940 297 570
1940 260 562
1940 139 538
1940 468 291
1960 122 381
1960 441 561
1960 211 477
1960 383 867
1960 90 402
1960 291 685
1960 389 224
1960 342 859
1960 342 89
1960 215 629
1960 421 950
1960 427 953
1960 460 574
1960 284 530
1960 194 744
1960 287 1086
1960 250 704
1960 363 850
1960 216 475
1960 93 404
1960 183 746
1960 264 502
1960 177 750
1960 83 509
1960 439 187
1960 435 966
1960 298 570
1960 24 555
1960 260 572
1960 213 475
1960 331 203
1960 74 510
1960 124 377
1980 129 719
1980 120 459
1980 474 913
1980 176 486
1980 386 855
1980 249 1152
1980 84 413
1980 293 657
1980 364 494
1980 350 842
1980 208 633
1980 249 1153
1980 466 899
1980 395 830
1980 284 528
1980 370 122
1980 257 1176
1980 350 1100
1980 173 492
1980 351 846
1980 162 723
1980 239 537
1980 352 1031
1980 354 102
1980 381 155
1980 87 423
1980 261 508
1980 396 1060
1980 297 559
1980 29 418
1980 261 570
1980 328 139
1980 363 486
1980 46 255
