1800 426 822
1800 456 620
1800 378 782
1800 291 1126
1800 80 487
1800 221 81
1800 314 668
1800 389 896
1800 317 819
1800 234 67
1800 221 637
1800 404 818
1800 457 849
1800 279 524
1800 236 523
1800 414 837
1800 257 502
1800 303 634
1800 438 824
1800 404 1042
1800 415 933
1800 294 535
1800 263 566
1820 406 639
1820 400 634
1820 376 789
1820 79 416
1820 319 671
1820 460 476
1820 353 834
1820 361 837
1820 216 628
1820 418 832
1820 221 1257
1820 454 1046
1820 424 638
1820 280 522
1820 208 1316
1820 378 1254
1820 237 529
1820 281 861
1820 434 396
1820 259 497
1820 307 660
1820 419 633
1820 425 1041
1820 460 1028
1820 292 546
1820 265 557
1840 395 657
1840 381 304
1840 405 642
1840 376 847
1840 325 622
1840 361 499
1840 339 851
1840 366 850
1840 219 630
1840 414 646
1840 35 880
1840 389 652
1840 278 518
1840 240 533
1840 361 845
1840 376 299
1840 259 500
1840 307 639
1840 326 1215
1840 460 1065
1840 294 538
1840 266 557
1860 378 696
1860 355 682
1860 379 854
1860 75 447
1860 320 664
1860 340 491
1860 79 911
1860 345 847
1860 360 843
1860 215 619
1860 402 819
1860 50 916
1860 391 681
1860 280 526
1860 239 530
1860 470 533
1860 258 499
1860 308 659
1860 465 733
1860 463 974
1860 301 565
1860 268 549
1860 319 181
1880 458 436
1880 375 834
1880 64 532
1880 247 542
1880 314 605
1880 348 518
1880 335 746
1880 317 674
1880 218 627
1880 407 841
1880 468 431
1880 280 506
1880 456 442
1880 234 528
1880 24 1276
1880 462 439
1880 266 492
1880 307 597
1880 470 623
1880 401 1013
1880 472 1071
1880 294 532
1880 34 668
1880 268 563
1900 463 826
1900 473 493
1900 378 816
1900 353 611
1900 338 496
1900 336 884
1900 78 1212
1900 393 856
1900 221 631
1900 404 832
1900 75 655
1900 468 1012
1900 478 525
1900 289 528
1900 418 468
1900 348 1247
1900 238 527
1900 443 178
1900 424 420
1900 257 496
1900 312 655
1900 470 745
1900 448 1114
1900 457 1161
1900 302 559
1900 272 557
1920 154 627
1920 390 742
1920 398 542
1920 108 679
1920 377 838
1920 328 474
1920 341 883
1920 79 1306
1920 374 860
1920 219 640
1920 411 841
1920 80 682
1920 426 917
1920 455 705
1920 281 520
1920 389 1288
1920 166 617
1920 228 543
1920 398 857
1920 433 399
1920 261 503
1920 303 596
1920 457 710
1920 395 900
1920 467 1047
1920 297 555
1920 264 546
1920 174 612
1940 443 863
1940 350 287
1940 355 732
1940 386 833
1940 250 534
1940 318 667
1940 396 264
1940 342 830
1940 331 859
1940 217 626
1940 407 816
1940 95 579
1940 460 984
1940 286 524
1940 448 296
1940 234 529
1940 376 855
1940 448 308
1940 471 258
1940 464 338
1940 257 475
1940 305 657
1940 441 892
1940 363 889
1940 364 954
1940 293 526
1940 34 439
1940 264 551
1940 233 431
1940 469 225
1940 150 503
1960 476 1036
1960 380 213
1960 441 552
1960 215 488
1960 382 849
1960 316 1059
1960 49 399
1960 226 475
1960 313 669
1960 342 887
1960 218 632
1960 409 852
1960 428 946
1960 457 574
1960 285 527
1960 275 1149
1960 239 492
1960 409 859
1960 403 233
1960 448 149
1960 264 502
1960 302 663
1960 477 972
1960 386 1003
1960 418 974
1960 296 551
1960 32 501
1960 263 575
1960 234 484
1960 431 107
1960 468 125
1960 161 426
1980 155 715
1980 444 881
1980 177 490
1980 384 852
1980 269 1167
1980 118 280
1980 149 723
1980 348 836
1980 397 838
1980 214 613
1980 400 827
1980 251 1165
1980 451 1020
1980 284 527
1980 385 489
1980 243 1154
1980 346 1121
1980 156 718
1980 237 530
1980 254 1176
1980 358 1039
1980 261 503
1980 324 621
1980 467 910
1980 332 1205
1980 371 1034
1980 294 538
1980 41 418
1980 267 567
1980 356 131
1980 175 499
