1800 440 826
1800 368 767
1800 395 821
1800 291 1198
1800 77 491
1800 315 817
1800 450 604
1800 394 817
1800 393 816
1800 218 628
1800 30 907
1800 446 604
1800 284 531
1800 285 1129
1800 316 813
1800 240 532
1800 308 663
1800 230 58
1800 449 604
1800 260 501
1800 300 570
1800 262 569
1820 369 837
1820 420 835
1820 279 856
1820 218 627
1820 231 1263
1820 218 1233
1820 35 917
1820 284 529
1820 239 534
1820 301 671
1820 429 524
1820 259 501
1820 352 670
1820 422 384
1820 298 570
1820 260 563
1840 370 842
1840 398 835
1840 397 657
1840 218 628
1840 60 912
1840 417 645
1840 285 528
1840 321 866
1840 240 534
1840 279 667
1840 259 503
1840 365 626
1840 326 870
1840 299 571
1840 261 567
1840 367 499
1860 353 827
1860 404 823
1860 342 501
1860 387 697
1860 218 628
1860 65 928
1860 284 529
1860 346 850
1860 240 535
1860 304 667
1860 259 503
1860 355 695
1860 300 582
1860 262 565
1860 316 182
1880 352 846
1880 406 825
1880 311 675
1880 377 510
1880 219 629
1880 285 527
1880 333 752
1880 241 536
1880 300 663
1880 433 502
1880 267 493
1880 300 569
1880 261 566
1880 376 514
1900 462 826
1900 354 829
1900 64 642
1900 402 838
1900 381 493
1900 400 841
1900 215 635
1900 288 526
1900 241 534
1900 288 674
1900 432 442
1900 261 499
1900 322 666
1900 427 443
1900 91 762
1900 308 583
1900 263 566
1900 383 493
1920 356 837
1920 78 690
1920 405 909
1920 396 545
1920 392 733
1920 218 633
1920 430 919
1920 453 707
1920 282 527
1920 241 532
1920 304 661
1920 159 639
1920 396 354
1920 298 439
1920 416 398
1920 262 502
1920 291 607
1920 406 346
1920 84 693
1920 300 570
1920 265 565
1940 388 268
1940 461 861
1940 392 274
1940 355 843
1940 70 590
1940 402 831
1940 218 626
1940 147 502
1940 283 530
1940 462 291
1940 353 730
1940 242 534
1940 291 672
1940 368 294
1940 426 568
1940 265 479
1940 308 609
1940 294 674
1940 358 980
1940 353 985
1940 299 568
1940 27 592
1940 264 563
1940 127 524
1960 395 217
1960 368 825
1960 390 851
1960 84 508
1960 121 386
1960 420 571
1960 219 629
1960 427 939
1960 90 404
1960 284 529
1960 430 197
1960 196 750
1960 240 534
1960 303 670
1960 38 181
1960 431 551
1960 263 502
1960 216 476
1960 431 959
1960 299 569
1960 57 507
1960 264 569
1960 365 199
1960 163 441
1960 163 443
1980 451 888
1980 382 141
1980 353 841
1980 399 827
1980 113 264
1980 375 477
1980 399 821
1980 217 630
1980 92 416
1980 284 529
1980 239 535
1980 292 666
1980 247 1151
1980 37 184
1980 264 503
1980 353 1018
1980 90 759
1980 398 1045
1980 299 567
1980 57 424
1980 263 567
1980 251 1142
1980 332 108
1980 112 464
1980 373 475
