1800 439 827
1800 367 769
1800 394 820
1800 293 1200
1800 76 492
1800 315 816
1800 447 607
1800 394 818
1800 217 626
1800 28 910
1800 455 621
1800 283 534
1800 284 1122
1800 316 814
1800 239 532
1800 307 664
1800 446 608
1800 259 502
1800 307 662
1800 299 572
1800 262 570
1820 421 838
1820 360 837
1820 419 835
1820 426 517
1820 353 672
1820 218 626
1820 452 652
1820 218 1236
1820 36 905
1820 452 641
1820 284 530
1820 237 536
1820 302 672
1820 427 520
1820 259 502
1820 353 669
1820 420 383
1820 298 572
1820 262 567
1840 376 855
1840 397 849
1840 319 865
1840 367 500
1840 395 658
1840 217 626
1840 56 910
1840 415 649
1840 285 529
1840 319 866
1840 239 534
1840 278 669
1840 414 648
1840 258 503
1840 362 621
1840 328 885
1840 299 572
1840 261 567
1840 363 498
1860 351 829
1860 403 826
1860 373 559
1860 387 699
1860 217 627
1860 57 923
1860 284 531
1860 345 850
1860 239 535
1860 292 638
1860 258 504
1860 359 687
1860 299 598
1860 260 567
1860 315 182
1880 351 848
1880 406 829
1880 332 749
1880 377 513
1880 218 628
1880 48 857
1880 284 529
1880 352 846
1880 240 536
1880 291 660
1880 377 515
1880 432 503
1880 267 495
1880 300 570
1880 261 566
1880 377 515
1900 462 823
1900 353 834
1900 63 646
1900 230 696
1900 399 837
1900 382 496
1900 355 840
1900 215 634
1900 92 761
1900 288 526
1900 240 535
1900 280 671
1900 349 477
1900 261 500
1900 313 665
1900 428 448
1900 229 730
1900 92 765
1900 309 587
1900 263 568
1900 379 495
1920 157 646
1920 347 840
1920 78 691
1920 406 904
1920 395 546
1920 389 738
1920 405 902
1920 216 629
1920 427 919
1920 281 529
1920 240 533
1920 300 662
1920 159 637
1920 396 359
1920 296 440
1920 396 547
1920 262 504
1920 292 621
1920 411 353
1920 81 693
1920 298 594
1920 264 565
1940 387 268
1940 136 500
1940 460 866
1940 348 841
1940 69 598
1940 400 835
1940 101 589
1940 424 570
1940 459 865
1940 350 986
1940 217 624
1940 146 499
1940 283 531
1940 459 297
1940 340 745
1940 241 537
1940 285 673
1940 366 297
1940 425 569
1940 258 506
1940 311 665
1940 290 712
1940 419 323
1940 360 849
1940 239 441
1940 299 570
1940 19 593
1940 262 565
1940 147 501
1960 397 218
1960 360 830
1960 85 638
1960 389 853
1960 87 503
1960 121 389
1960 426 558
1960 218 629
1960 427 941
1960 90 405
1960 426 948
1960 284 530
1960 415 241
1960 198 747
1960 300 1062
1960 275 670
1960 352 825
1960 238 541
1960 301 672
1960 313 1069
1960 37 177
1960 427 555
1960 262 502
1960 305 594
1960 215 477
1960 429 957
1960 299 569
1960 56 507
1960 264 568
1960 366 200
1960 124 394
1960 162 440
1980 456 888
1980 377 128
1980 348 840
1980 399 828
1980 107 272
1980 364 485
1980 400 827
1980 214 628
1980 451 891
1980 245 1154
1980 95 430
1980 177 485
1980 283 531
1980 238 536
1980 285 662
1980 34 236
1980 263 505
1980 354 1025
1980 87 761
1980 399 1046
1980 299 568
1980 60 434
1980 262 570
1980 248 1150
1980 327 111
1980 107 468
1980 375 479
1980 86 416
