1800 472 667
1800 391 811
1800 80 492
1800 390 816
1800 283 1126
1800 10 371
1800 295 615
1800 252 76
1800 370 764
1800 236 54
1800 219 630
1800 445 832
1800 416 833
1800 429 613
1800 30 908
1800 284 531
1800 291 1130
1800 294 1155
1800 220 627
1800 315 816
1800 239 528
1800 259 503
1800 473 612
1800 293 1154
1800 298 556
1800 260 570
1820 453 642
1820 408 636
1820 88 416
1820 414 825
1820 89 416
1820 32 179
1820 302 672
1820 226 1247
1820 430 514
1820 378 834
1820 218 627
1820 456 633
1820 222 1254
1820 439 979
1820 413 643
1820 284 530
1820 435 400
1820 232 1291
1820 220 627
1820 240 534
1820 440 419
1820 259 502
1820 336 704
1820 279 854
1820 456 643
1820 38 889
1820 294 560
1820 266 561
1820 453 404
1840 416 650
1840 415 646
1840 75 482
1840 400 866
1840 10 200
1840 281 673
1840 187 1356
1840 362 500
1840 354 851
1840 379 898
1840 218 628
1840 421 624
1840 56 891
1840 416 648
1840 38 883
1840 284 528
1840 222 629
1840 42 893
1840 313 881
1840 241 535
1840 331 869
1840 16 199
1840 370 285
1840 258 501
1840 351 673
1840 39 889
1840 297 545
1840 258 567
1860 385 699
1860 373 692
1860 402 818
1860 7 333
1860 291 610
1860 343 501
1860 358 835
1860 219 633
1860 287 529
1860 217 632
1860 54 909
1860 240 533
1860 473 505
1860 259 505
1860 308 665
1860 374 561
1860 52 908
1860 305 570
1860 260 561
1860 63 919
1880 474 438
1880 463 434
1880 70 530
1880 399 828
1880 9 382
1880 30 168
1880 294 588
1880 349 517
1880 332 792
1880 219 627
1880 431 497
1880 399 829
1880 452 509
1880 290 525
1880 433 508
1880 221 631
1880 333 754
1880 239 532
1880 463 441
1880 268 495
1880 388 539
1880 377 518
1880 299 567
1880 261 565
1880 62 529
1880 462 435
1900 66 773
1900 477 748
1900 397 840
1900 12 320
1900 19 173
1900 289 681
1900 347 519
1900 353 832
1900 216 628
1900 462 825
1900 96 761
1900 471 1005
1900 462 408
1900 289 526
1900 423 454
1900 226 723
1900 221 634
1900 241 531
1900 249 721
1900 94 762
1900 435 385
1900 256 499
1900 326 665
1900 92 761
1900 427 449
1900 93 759
1900 302 568
1900 265 561
1900 406 512
1920 47 767
1920 450 718
1920 384 739
1920 6 815
1920 383 853
1920 7 320
1920 295 628
1920 380 370
1920 359 830
1920 218 632
1920 424 914
1920 87 691
1920 456 984
1920 450 705
1920 284 526
1920 398 343
1920 205 622
1920 240 534
1920 378 847
1920 18 193
1920 30 757
1920 214 625
1920 427 413
1920 264 502
1920 395 542
1920 425 396
1920 30 747
1920 31 751
1920 34 749
1920 304 561
1920 15 514
1920 261 527
1920 296 438
1940 147 495
1940 462 876
1940 361 731
1940 123 567
1940 128 520
1940 402 828
1940 21 417
1940 43 608
1940 288 652
1940 358 734
1940 71 1339
1940 41 1340
1940 217 625
1940 460 874
1940 456 869
1940 446 321
1940 286 528
1940 417 301
1940 22 1312
1940 216 627
1940 345 735
1940 238 533
1940 369 964
1940 29 199
1940 363 294
1940 453 307
1940 254 479
1940 311 662
1940 467 292
1940 387 992
1940 299 568
1940 12 591
1940 258 565
1940 387 264
1940 140 500
1940 454 310
1940 140 494
1960 162 441
1960 374 199
1960 425 550
1960 89 499
1960 173 541
1960 393 869
1960 92 404
1960 289 674
1960 339 860
1960 53 1295
1960 218 626
1960 424 938
1960 427 954
1960 426 548
1960 11 938
1960 285 530
1960 367 175
1960 192 737
1960 68 514
1960 299 1081
1960 258 705
1960 163 749
1960 238 533
1960 34 221
1960 381 201
1960 219 742
1960 145 757
1960 265 501
1960 300 564
1960 20 551
1960 258 575
1960 215 475
1960 362 192
1960 341 198
1960 458 138
1960 164 439
1980 86 730
1980 178 486
1980 476 914
1980 347 112
1980 457 886
1980 179 486
1980 395 829
1980 251 1152
1980 84 409
1980 289 610
1980 364 489
1980 351 840
1980 17 1354
1980 359 1030
1980 216 625
1980 452 887
1980 248 1152
1980 84 759
1980 460 890
1980 375 93
1980 285 529
1980 378 100
1980 275 1166
1980 357 1186
1980 208 622
1980 240 536
1980 346 1028
1980 35 190
1980 2 1385
1980 366 105
1980 263 505
1980 251 1151
1980 406 1038
1980 297 554
1980 45 429
1980 259 563
1980 336 163
1980 377 487
1980 125 453
