1800 440 826
1800 368 767
1800 394 819
1800 290 1197
1800 77 491
1800 315 817
1800 449 604
1800 392 813
1800 393 816
1800 218 627
1800 29 907
1800 453 607
1800 284 531
1800 284 1128
1800 316 813
1800 240 532
1800 308 663
1800 230 58
1800 448 603
1800 260 501
1800 300 570
1800 262 569
1820 371 839
1820 420 835
1820 279 855
1820 218 627
1820 230 1261
1820 219 1232
1820 36 918
1820 284 529
1820 238 534
1820 301 671
1820 429 524
1820 259 501
1820 352 670
1820 422 384
1820 298 570
1820 261 563
1840 370 841
1840 397 836
1840 396 656
1840 218 627
1840 58 911
1840 417 645
1840 285 528
1840 321 866
1840 240 534
1840 279 667
1840 259 503
1840 365 627
1840 326 870
1840 299 571
1840 260 568
1840 368 498
1860 352 828
1860 404 823
1860 344 504
1860 387 696
1860 218 627
1860 285 529
1860 346 850
1860 240 535
1860 305 666
1860 258 503
1860 357 689
1860 299 582
1860 262 565
1860 316 181
1880 352 846
1880 406 824
1880 310 675
1880 377 510
1880 219 629
1880 285 527
1880 333 751
1880 241 537
1880 300 663
1880 433 502
1880 267 493
1880 300 569
1880 261 566
1880 377 513
1900 462 827
1900 354 828
1900 64 642
1900 402 838
1900 381 493
1900 401 841
1900 215 635
1900 288 526
1900 241 534
1900 288 674
1900 436 387
1900 261 498
1900 318 670
1900 426 442
1900 91 762
1900 308 583
1900 263 566
1900 382 494
1920 356 836
1920 78 690
1920 405 908
1920 396 544
1920 392 732
1920 218 633
1920 430 920
1920 453 709
1920 282 527
1920 241 532
1920 304 661
1920 159 638
1920 397 354
1920 298 439
1920 431 404
1920 262 501
1920 291 608
1920 406 346
1920 83 692
1920 300 571
1920 265 565
1940 388 270
1940 461 860
1940 390 270
1940 355 844
1940 70 591
1940 402 831
1940 38 416
1940 218 626
1940 147 502
1940 283 530
1940 461 291
1940 353 731
1940 242 534
1940 291 672
1940 368 295
1940 426 568
1940 265 479
1940 305 606
1940 292 673
1940 358 980
1940 351 974
1940 299 568
1940 25 592
1940 264 564
1940 128 524
1960 391 219
1960 369 825
1960 390 850
1960 84 508
1960 121 385
1960 419 570
1960 219 628
1960 427 939
1960 90 404
1960 285 529
1960 426 203
1960 195 749
1960 240 533
1960 303 670
1960 431 551
1960 263 502
1960 216 476
1960 430 957
1960 299 568
1960 59 506
1960 264 569
1960 365 198
1960 162 442
1960 164 443
1980 451 887
1980 382 137
1980 353 840
1980 399 826
1980 115 269
1980 374 478
1980 399 821
1980 217 630
1980 92 415
1980 284 529
1980 239 534
1980 292 667
1980 247 1152
1980 39 195
1980 264 503
1980 353 1018
1980 90 759
1980 398 1044
1980 299 567
1980 50 414
1980 263 567
1980 251 1142
1980 331 109
1980 112 464
1980 372 476
