1800 81 493
1800 460 703
1800 425 810
1800 405 832
1800 293 1109
1800 249 71
1800 297 631
1800 193 1352
1800 320 816
1800 386 802
1800 251 73
1800 222 627
1800 407 831
1800 297 1112
1800 51 941
1800 429 818
1800 289 531
1800 279 603
1800 291 1192
1800 325 1218
1800 225 622
1800 315 822
1800 79 489
1800 242 524
1800 388 806
1800 259 501
1800 298 619
1800 447 841
1800 289 1160
1800 456 1006
1800 304 567
1800 276 579
1800 76 490
1820 93 417
1820 422 636
1820 364 690
1820 385 844
1820 310 641
1820 391 703
1820 358 678
1820 221 624
1820 418 832
1820 424 862
1820 451 646
1820 287 525
1820 438 400
1820 192 1363
1820 356 1211
1820 226 628
1820 285 872
1820 242 531
1820 84 420
1820 220 1294
1820 383 836
1820 435 397
1820 263 497
1820 314 671
1820 428 658
1820 301 560
1820 271 564
1840 82 457
1840 392 654
1840 396 657
1840 403 848
1840 21 382
1840 310 658
1840 157 1415
1840 371 497
1840 356 839
1840 340 913
1840 222 628
1840 424 769
1840 43 938
1840 424 646
1840 294 524
1840 375 498
1840 267 567
1840 233 649
1840 245 532
1840 62 460
1840 364 842
1840 261 502
1840 320 676
1840 304 575
1840 272 567
1860 77 461
1860 396 684
1860 373 683
1860 401 854
1860 305 628
1860 342 497
1860 351 852
1860 336 865
1860 223 629
1860 405 842
1860 50 952
1860 33 898
1860 400 708
1860 291 535
1860 244 551
1860 223 634
1860 243 526
1860 389 853
1860 260 502
1860 370 557
1860 476 518
1860 472 892
1860 309 583
1860 271 573
1860 332 209
1880 469 425
1880 426 502
1880 401 849
1880 14 388
1880 305 624
1880 351 518
1880 340 749
1880 360 782
1880 223 625
1880 402 826
1880 34 855
1880 456 459
1880 298 527
1880 378 516
1880 227 633
1880 244 537
1880 403 849
1880 461 432
1880 272 495
1880 318 653
1880 299 682
1880 420 840
1880 309 583
1880 13 706
1880 277 585
1900 474 487
1900 438 385
1900 69 654
1900 398 872
1900 306 649
1900 229 622
1900 343 471
1900 101 772
1900 231 698
1900 338 885
1900 77 1092
1900 335 847
1900 236 709
1900 222 629
1900 406 840
1900 60 650
1900 463 1012
1900 455 826
1900 295 529
1900 384 496
1900 243 686
1900 245 527
1900 243 672
1900 243 677
1900 386 876
1900 437 450
1900 264 506
1900 241 682
1900 332 560
1900 477 747
1900 235 704
1900 465 1069
1900 317 607
1900 8 636
1900 275 551
1920 159 637
1920 394 539
1920 83 695
1920 402 860
1920 11 414
1920 300 613
1920 329 474
1920 144 746
1920 374 813
1920 223 637
1920 415 870
1920 84 697
1920 191 606
1920 430 925
1920 402 729
1920 292 532
1920 392 547
1920 278 589
1920 234 634
1920 175 612
1920 240 534
1920 104 692
1920 363 842
1920 1 1037
1920 382 368
1920 193 608
1920 431 363
1920 269 502
1920 314 598
1920 467 708
1920 110 681
1920 452 905
1920 313 597
1920 12 504
1920 275 549
1920 176 611
1940 105 594
1940 472 856
1940 373 286
1940 363 728
1940 386 998
1940 9 356
1940 305 663
1940 414 293
1940 357 792
1940 353 846
1940 221 625
1940 407 822
1940 292 525
1940 457 337
1940 270 575
1940 128 528
1940 340 1132
1940 224 624
1940 284 669
1940 77 602
1940 243 538
1940 361 851
1940 26 164
1940 128 524
1940 460 297
1940 265 473
1940 328 678
1940 285 725
1940 442 870
1940 374 989
1940 306 563
1940 274 580
1940 463 235
1940 147 494
1960 90 502
1960 366 173
1960 430 543
1960 220 473
1960 413 991
1960 157 449
1960 95 405
1960 160 431
1960 296 659
1960 407 236
1960 348 886
1960 428 546
1960 225 627
1960 412 853
1960 232 657
1960 433 953
1960 434 549
1960 291 532
1960 430 218
1960 244 547
1960 251 728
1960 201 745
1960 246 528
1960 372 863
1960 39 168
1960 189 743
1960 402 149
1960 60 521
1960 268 502
1960 301 665
1960 191 706
1960 158 440
1960 198 740
1960 442 1151
1960 304 566
1960 21 563
1960 274 555
1960 218 473
1960 424 130
1960 369 175
1960 75 523
1960 150 404
1980 477 705
1980 350 111
1980 179 487
1980 396 831
1980 256 1157
1980 175 492
1980 90 403
1980 304 610
1980 360 490
1980 141 788
1980 347 854
1980 353 846
1980 220 628
1980 399 833
1980 453 1067
1980 408 832
1980 291 529
1980 375 485
1980 247 1154
1980 255 1150
1980 396 1043
1980 95 417
1980 158 738
1980 242 535
1980 83 780
1980 357 1021
1980 27 248
1980 338 127
1980 354 81
1980 92 424
1980 267 504
1980 478 929
1980 138 732
1980 371 1037
1980 304 563
1980 35 443
1980 273 563
1980 356 141
1980 369 111
1980 90 419
1980 170 501
