1800 473 637
1800 368 765
1800 395 818
1800 300 1174
1800 77 484
1800 308 662
1800 469 625
1800 263 72
1800 257 71
1800 218 626
1800 469 926
1800 39 904
1800 423 814
1800 286 529
1800 287 1195
1800 284 1128
1800 317 813
1800 318 810
1800 243 530
1800 277 664
1800 462 630
1800 260 500
1800 308 657
1800 405 851
1800 300 569
1800 268 567
1800 262 73
1800 471 633
1820 415 634
1820 372 837
1820 379 833
1820 302 670
1820 416 633
1820 415 637
1820 218 624
1820 425 837
1820 232 1283
1820 224 1244
1820 423 855
1820 427 836
1820 287 527
1820 279 853
1820 352 675
1820 241 533
1820 282 671
1820 424 384
1820 432 513
1820 262 499
1820 313 642
1820 432 512
1820 427 848
1820 299 573
1820 267 563
1820 84 419
1840 382 304
1840 415 648
1840 388 851
1840 23 888
1840 283 671
1840 395 853
1840 81 457
1840 289 670
1840 159 1347
1840 418 673
1840 393 654
1840 218 628
1840 396 842
1840 169 1341
1840 401 839
1840 287 526
1840 322 865
1840 241 531
1840 33 191
1840 260 501
1840 318 659
1840 322 867
1840 21 897
1840 398 825
1840 300 570
1840 266 562
1840 80 457
1840 375 496
1860 476 521
1860 364 837
1860 284 660
1860 394 845
1860 308 668
1860 374 558
1860 317 182
1860 370 683
1860 219 627
1860 288 528
1860 280 657
1860 349 844
1860 242 532
1860 343 491
1860 319 185
1860 478 528
1860 260 502
1860 355 699
1860 313 603
1860 267 563
1880 467 436
1880 354 832
1880 285 656
1880 405 817
1880 299 663
1880 433 498
1880 301 110
1880 65 861
1880 218 624
1880 57 829
1880 64 865
1880 290 525
1880 468 432
1880 312 724
1880 324 751
1880 244 537
1880 305 662
1880 377 515
1880 306 101
1880 432 502
1880 272 498
1880 333 655
1880 434 502
1880 352 847
1880 68 860
1880 307 580
1880 267 561
1880 379 510
1900 479 591
1900 433 387
1900 356 829
1900 32 748
1900 287 665
1900 398 833
1900 304 663
1900 229 703
1900 432 445
1900 377 494
1900 217 626
1900 89 759
1900 466 993
1900 63 770
1900 462 822
1900 289 524
1900 454 410
1900 356 839
1900 243 535
1900 234 699
1900 288 668
1900 232 723
1900 436 385
1900 431 450
1900 457 415
1900 266 503
1900 303 581
1900 383 493
1900 91 760
1900 312 594
1900 269 563
1900 370 485
1920 457 707
1920 360 822
1920 81 688
1920 388 879
1920 304 663
1920 397 539
1920 396 539
1920 217 627
1920 428 915
1920 40 255
1920 433 921
1920 84 687
1920 432 910
1920 287 529
1920 174 630
1920 389 771
1920 241 534
1920 289 668
1920 176 610
1920 398 394
1920 303 442
1920 112 680
1920 419 502
1920 266 500
1920 305 652
1920 383 369
1920 372 859
1920 103 684
1920 419 928
1920 299 618
1920 268 556
1920 450 430
1940 389 270
1940 131 523
1940 476 879
1940 394 274
1940 358 836
1940 103 587
1940 298 671
1940 147 507
1940 399 827
1940 292 671
1940 343 738
1940 361 976
1940 218 622
1940 450 1064
1940 459 868
1940 289 526
1940 423 315
1940 361 983
1940 309 670
1940 336 744
1940 242 537
1940 284 675
1940 147 510
1940 394 273
1940 407 327
1940 425 568
1940 264 492
1940 311 662
1940 440 324
1940 356 844
1940 239 437
1940 367 978
1940 301 569
1940 18 595
1940 266 561
1940 235 429
1940 357 292
1940 394 275
1940 129 524
1940 466 290
1940 146 500
1960 166 739
1960 434 196
1960 391 837
1960 164 440
1960 394 847
1960 304 1064
1960 166 440
1960 96 482
1960 303 674
1960 426 547
1960 222 623
1960 429 941
1960 93 405
1960 431 941
1960 429 935
1960 288 528
1960 420 266
1960 183 745
1960 299 1065
1960 401 829
1960 362 817
1960 238 533
1960 162 439
1960 259 722
1960 316 1067
1960 36 225
1960 179 740
1960 441 195
1960 166 737
1960 426 548
1960 265 502
1960 305 667
1960 436 551
1960 374 840
1960 216 474
1960 430 959
1960 300 569
1960 27 546
1960 269 562
1960 369 201
1960 94 407
1960 163 440
1980 342 142
1980 352 837
1980 283 667
1980 177 486
1980 398 830
1980 178 487
1980 93 421
1980 295 660
1980 355 137
1980 358 1023
1980 219 614
1980 252 1151
1980 101 423
1980 450 897
1980 452 886
1980 287 527
1980 260 1175
1980 259 1169
1980 372 1058
1980 351 837
1980 240 535
1980 177 488
1980 364 1035
1980 180 738
1980 265 503
1980 301 570
1980 376 478
1980 358 1032
1980 360 1043
1980 402 1044
1980 300 568
1980 67 432
1980 268 560
1980 250 1149
1980 337 125
1980 112 462
1980 369 480
1980 73 418
