1800 437 825
1800 368 766
1800 393 815
1800 290 1198
1800 77 487
1800 315 815
1800 445 604
1800 393 818
1800 218 628
1800 28 909
1800 446 602
1800 284 531
1800 282 1127
1800 316 813
1800 240 531
1800 279 663
1800 234 53
1800 445 605
1800 260 502
1800 308 667
1800 300 570
1800 262 572
1820 362 841
1820 420 836
1820 275 851
1820 424 517
1820 412 637
1820 419 836
1820 218 627
1820 454 639
1820 217 1235
1820 35 905
1820 453 634
1820 285 529
1820 237 536
1820 287 672
1820 425 519
1820 260 501
1820 352 670
1820 421 384
1820 298 570
1820 262 566
1840 380 857
1840 395 851
1840 81 457
1840 394 656
1840 218 628
1840 57 915
1840 415 647
1840 285 528
1840 318 865
1840 240 534
1840 279 668
1840 259 502
1840 363 623
1840 326 870
1840 299 571
1840 261 569
1840 362 498
1860 352 828
1860 403 820
1860 77 458
1860 373 558
1860 386 695
1860 218 628
1860 68 927
1860 285 530
1860 344 850
1860 240 535
1860 306 669
1860 259 504
1860 364 686
1860 298 591
1860 262 569
1860 316 182
1880 351 847
1880 406 825
1880 314 725
1880 377 513
1880 220 629
1880 285 527
1880 352 846
1880 241 536
1880 293 665
1880 432 502
1880 269 495
1880 301 569
1880 261 565
1880 375 518
1900 462 821
1900 353 832
1900 64 643
1900 227 722
1900 403 824
1900 379 498
1900 404 827
1900 387 857
1900 216 632
1900 92 762
1900 288 525
1900 356 834
1900 241 533
1900 283 667
1900 479 752
1900 260 498
1900 425 450
1900 225 725
1900 92 763
1900 306 593
1900 264 569
1900 350 479
1920 351 838
1920 78 688
1920 406 905
1920 396 547
1920 388 735
1920 383 860
1920 218 633
1920 420 923
1920 106 682
1920 281 530
1920 352 834
1920 240 531
1920 301 660
1920 158 636
1920 395 353
1920 297 440
1920 447 431
1920 262 502
1920 292 621
1920 400 354
1920 79 689
1920 301 585
1920 266 563
1940 387 267
1940 461 863
1940 345 842
1940 70 593
1940 401 834
1940 71 591
1940 218 626
1940 146 497
1940 284 530
1940 452 328
1940 345 759
1940 242 535
1940 284 673
1940 362 297
1940 425 568
1940 261 496
1940 312 663
1940 300 711
1940 409 309
1940 363 970
1940 233 431
1940 353 889
1940 300 569
1940 264 565
1940 246 476
1940 126 528
1960 368 203
1960 402 227
1960 371 838
1960 256 719
1960 83 496
1960 121 385
1960 421 564
1960 219 629
1960 426 942
1960 90 403
1960 285 530
1960 412 238
1960 191 752
1960 352 825
1960 239 540
1960 303 671
1960 302 1052
1960 425 556
1960 263 503
1960 215 477
1960 429 940
1960 299 569
1960 56 508
1960 264 569
1960 366 200
1960 162 439
1960 161 441
1980 458 893
1980 381 133
1980 349 841
1980 399 825
1980 108 280
1980 360 486
1980 387 853
1980 215 630
1980 449 885
1980 247 1149
1980 93 413
1980 177 488
1980 284 530
1980 351 834
1980 239 535
1980 289 669
1980 248 1150
1980 40 183
1980 263 505
1980 176 488
1980 355 1023
1980 90 759
1980 396 1050
1980 300 568
1980 63 430
1980 264 569
1980 326 116
1980 110 465
1980 369 478
