1800 468 622
1800 389 802
1800 219 627
1800 393 820
1800 296 1126
1800 243 67
1800 286 656
1800 442 608
1800 259 72
1800 368 760
1800 371 772
1800 271 69
1800 218 626
1800 446 833
1800 288 1121
1800 78 898
1800 434 609
1800 288 527
1800 293 1193
1800 287 1125
1800 320 811
1800 242 529
1800 317 813
1800 287 1114
1800 239 78
1800 463 600
1800 260 500
1800 299 634
1800 291 1119
1800 302 570
1800 256 569
1800 259 69
1800 79 489
1820 412 650
1820 367 827
1820 217 628
1820 408 824
1820 86 439
1820 294 664
1820 227 1256
1820 414 637
1820 344 681
1820 377 849
1820 217 628
1820 422 831
1820 414 637
1820 286 528
1820 437 398
1820 350 667
1820 240 536
1820 279 853
1820 205 1313
1820 434 512
1820 261 502
1820 312 661
1820 436 399
1820 300 577
1820 256 559
1840 418 650
1840 373 849
1840 219 628
1840 386 858
1840 278 668
1840 361 603
1840 414 644
1840 218 627
1840 386 853
1840 66 905
1840 418 643
1840 289 525
1840 331 857
1840 242 535
1840 314 861
1840 370 285
1840 260 501
1840 314 668
1840 56 911
1840 300 571
1840 255 574
1840 371 503
1840 373 498
1860 396 837
1860 218 626
1860 404 823
1860 285 650
1860 373 559
1860 317 183
1860 357 699
1860 343 854
1860 217 625
1860 413 836
1860 66 911
1860 290 528
1860 348 839
1860 242 535
1860 465 458
1860 260 503
1860 472 515
1860 404 834
1860 307 599
1860 257 563
1860 343 494
1860 321 189
1860 75 459
1880 346 516
1880 441 511
1880 384 853
1880 219 630
1880 401 831
1880 290 659
1880 332 741
1880 219 628
1880 68 533
1880 49 853
1880 471 433
1880 291 523
1880 221 630
1880 347 785
1880 242 533
1880 285 595
1880 433 499
1880 272 496
1880 329 667
1880 457 439
1880 301 568
1880 259 565
1880 370 525
1880 379 510
1900 92 757
1900 474 751
1900 384 829
1900 65 649
1900 217 630
1900 398 829
1900 288 665
1900 429 384
1900 225 695
1900 457 824
1900 380 834
1900 240 741
1900 216 629
1900 463 827
1900 64 645
1900 449 888
1900 475 740
1900 290 528
1900 433 384
1900 37 215
1900 232 692
1900 232 669
1900 371 823
1900 242 535
1900 449 408
1900 259 498
1900 318 602
1900 450 395
1900 95 756
1900 309 571
1900 258 555
1900 348 481
1900 352 473
1920 297 439
1920 453 713
1920 380 837
1920 103 679
1920 219 632
1920 403 829
1920 292 637
1920 311 608
1920 411 356
1920 390 741
1920 368 855
1920 218 632
1920 416 844
1920 424 965
1920 77 716
1920 455 704
1920 284 525
1920 400 339
1920 363 813
1920 239 535
1920 397 369
1920 159 612
1920 442 429
1920 265 500
1920 300 624
1920 392 365
1920 418 912
1920 303 606
1920 14 506
1920 260 563
1920 39 744
1920 330 473
1920 112 682
1920 407 345
1940 136 493
1940 470 879
1940 389 832
1940 75 591
1940 218 627
1940 401 827
1940 146 499
1940 288 663
1940 362 729
1940 358 981
1940 217 628
1940 450 872
1940 73 597
1940 425 568
1940 290 525
1940 390 263
1940 353 820
1940 242 537
1940 303 672
1940 367 312
1940 424 564
1940 260 494
1940 311 662
1940 471 286
1940 389 971
1940 300 569
1940 12 596
1940 259 561
1940 396 278
1940 111 581
1940 449 330
1940 147 495
1960 125 380
1960 378 827
1960 208 623
1960 392 854
1960 165 433
1960 94 404
1960 90 496
1960 205 742
1960 299 674
1960 428 551
1960 427 956
1960 371 863
1960 92 505
1960 216 628
1960 430 942
1960 73 508
1960 129 383
1960 428 949
1960 428 545
1960 288 529
1960 383 221
1960 178 755
1960 246 699
1960 372 852
1960 182 735
1960 237 538
1960 133 414
1960 295 1072
1960 36 184
1960 414 232
1960 368 191
1960 95 470
1960 427 547
1960 266 500
1960 96 481
1960 294 665
1960 438 225
1960 97 420
1960 301 569
1960 12 703
1960 259 579
1960 224 467
1960 333 204
1960 354 211
1960 76 526
1960 441 559
1960 94 401
1980 356 110
1980 178 739
1980 108 427
1980 475 905
1980 369 119
1980 394 830
1980 218 621
1980 398 828
1980 179 482
1980 93 410
1980 291 650
1980 238 1155
1980 372 123
1980 392 851
1980 352 1012
1980 217 621
1980 451 883
1980 253 1158
1980 93 420
1980 448 1095
1980 287 528
1980 373 124
1980 266 1164
1980 89 425
1980 252 1153
1980 355 1185
1980 212 624
1980 353 832
1980 238 538
1980 90 409
1980 251 1150
1980 351 112
1980 337 146
1980 265 503
1980 263 1161
1980 89 758
1980 400 1040
1980 302 567
1980 63 438
1980 259 566
1980 329 154
1980 367 479
1980 93 422
