1800 443 832
1800 368 769
1800 396 830
1800 292 1197
1800 77 487
1800 315 816
1800 447 604
1800 368 769
1800 394 831
1800 218 627
1800 30 906
1800 469 639
1800 285 532
1800 286 1121
1800 316 814
1800 240 533
1800 306 667
1800 232 53
1800 447 610
1800 259 502
1800 315 814
1800 393 819
1800 399 823
1800 300 571
1800 265 570
1820 420 837
1820 380 847
1820 420 835
1820 276 859
1820 452 633
1820 353 671
1820 380 851
1820 218 627
1820 229 1257
1820 223 1250
1820 452 638
1820 286 529
1820 240 535
1820 305 671
1820 429 396
1820 427 518
1820 260 502
1820 350 670
1820 279 854
1820 426 523
1820 299 571
1820 261 567
1840 414 653
1840 355 838
1840 390 853
1840 319 866
1840 157 1344
1840 363 499
1840 393 657
1840 383 873
1840 218 628
1840 57 912
1840 413 650
1840 287 527
1840 323 865
1840 241 535
1840 278 674
1840 259 503
1840 364 616
1840 350 872
1840 327 867
1840 349 835
1840 383 857
1840 299 571
1840 263 567
1840 365 500
1860 399 834
1860 353 827
1860 401 831
1860 374 560
1860 385 695
1860 400 842
1860 218 628
1860 286 529
1860 367 687
1860 241 536
1860 308 670
1860 259 504
1860 365 695
1860 306 593
1860 262 565
1860 316 183
1860 342 497
1880 467 439
1880 353 840
1880 404 829
1880 66 533
1880 333 752
1880 376 518
1880 287 96
1880 409 843
1880 219 628
1880 285 531
1880 333 750
1880 240 534
1880 302 669
1880 431 504
1880 268 495
1880 348 515
1880 431 505
1880 402 824
1880 300 570
1880 263 566
1880 377 518
1900 463 827
1900 354 838
1900 64 646
1900 403 838
1900 380 499
1900 401 845
1900 403 846
1900 214 632
1900 463 828
1900 222 720
1900 89 762
1900 462 830
1900 430 454
1900 288 525
1900 240 536
1900 226 663
1900 286 668
1900 227 723
1900 433 440
1900 262 501
1900 293 563
1900 375 493
1900 388 864
1900 91 766
1900 298 571
1900 265 569
1900 352 478
1900 352 477
1920 396 547
1920 357 830
1920 79 692
1920 420 918
1920 396 549
1920 387 738
1920 377 865
1920 217 629
1920 431 927
1920 105 682
1920 429 928
1920 455 708
1920 283 531
1920 240 535
1920 294 658
1920 304 665
1920 158 639
1920 29 204
1920 401 344
1920 295 440
1920 437 432
1920 263 503
1920 299 619
1920 365 856
1920 80 691
1920 409 886
1920 299 574
1920 266 569
1920 420 388
1940 126 522
1940 459 874
1940 414 331
1940 354 824
1940 70 597
1940 276 590
1940 403 827
1940 103 587
1940 424 570
1940 402 735
1940 389 870
1940 218 626
1940 70 600
1940 465 868
1940 285 529
1940 393 272
1940 355 730
1940 242 535
1940 281 670
1940 312 669
1940 351 983
1940 43 174
1940 387 268
1940 425 569
1940 263 496
1940 310 650
1940 441 339
1940 386 854
1940 357 983
1940 300 570
1940 25 404
1940 263 565
1940 373 294
1940 449 328
1940 148 503
1960 70 514
1960 409 227
1960 367 823
1960 213 622
1960 424 944
1960 214 478
1960 91 498
1960 121 388
1960 426 554
1960 388 872
1960 220 628
1960 427 947
1960 90 406
1960 213 479
1960 437 562
1960 286 529
1960 419 216
1960 162 741
1960 298 1070
1960 386 856
1960 214 477
1960 219 630
1960 305 672
1960 220 629
1960 311 1075
1960 43 182
1960 425 555
1960 264 502
1960 300 568
1960 429 946
1960 300 570
1960 58 509
1960 267 566
1960 332 204
1960 367 180
1960 89 408
1960 165 442
1980 319 127
1980 451 888
1980 387 121
1980 352 838
1980 398 835
1980 274 1155
1980 42 339
1980 108 279
1980 368 480
1980 399 829
1980 387 853
1980 215 622
1980 451 888
1980 250 1151
1980 34 315
1980 177 486
1980 286 528
1980 239 538
1980 292 677
1980 89 416
1980 250 1152
1980 47 258
1980 263 505
1980 361 490
1980 355 1023
1980 400 1044
1980 300 569
1980 68 430
1980 265 567
1980 246 1148
1980 324 123
1980 105 465
1980 361 492
