1800 439 826
1800 368 767
1800 394 820
1800 289 1198
1800 77 490
1800 315 818
1800 448 605
1800 392 817
1800 393 818
1800 218 627
1800 444 606
1800 284 531
1800 284 1129
1800 316 813
1800 240 531
1800 308 662
1800 231 59
1800 446 602
1800 260 501
1800 300 570
1800 261 569
1820 372 839
1820 420 835
1820 279 856
1820 218 626
1820 230 1258
1820 219 1231
1820 35 918
1820 284 528
1820 238 534
1820 289 670
1820 427 523
1820 259 501
1820 352 670
1820 422 384
1820 298 570
1820 260 564
1840 369 844
1840 395 841
1840 395 656
1840 218 627
1840 58 910
1840 416 645
1840 285 527
1840 321 866
1840 240 534
1840 279 667
1840 259 503
1840 364 623
1840 324 868
1840 299 571
1840 260 568
1840 367 499
1860 354 829
1860 404 822
1860 340 501
1860 387 697
1860 218 626
1860 57 921
1860 284 529
1860 346 849
1860 240 535
1860 300 669
1860 259 503
1860 361 689
1860 299 584
1860 261 565
1860 316 180
1880 352 844
1880 406 824
1880 313 679
1880 377 510
1880 220 629
1880 285 527
1880 333 749
1880 241 536
1880 296 664
1880 433 503
1880 267 493
1880 300 569
1880 261 566
1880 376 514
1900 462 827
1900 354 829
1900 64 642
1900 402 837
1900 381 492
1900 398 846
1900 215 635
1900 477 746
1900 288 525
1900 241 534
1900 284 672
1900 438 387
1900 261 498
1900 316 670
1900 426 443
1900 91 762
1900 309 585
1900 262 566
1900 382 493
1920 355 839
1920 78 690
1920 404 907
1920 396 544
1920 391 732
1920 218 632
1920 428 919
1920 453 710
1920 283 526
1920 241 532
1920 305 661
1920 157 641
1920 396 354
1920 298 438
1920 396 546
1920 262 501
1920 288 587
1920 407 347
1920 83 693
1920 300 571
1920 264 565
1940 374 292
1940 461 861
1940 392 272
1940 355 843
1940 70 590
1940 403 830
1940 218 625
1940 147 502
1940 283 529
1940 461 291
1940 350 733
1940 242 534
1940 289 672
1940 368 295
1940 425 567
1940 264 476
1940 307 617
1940 304 675
1940 357 981
1940 352 987
1940 299 568
1940 19 594
1940 264 564
1940 127 524
1960 394 221
1960 368 829
1960 389 851
1960 85 504
1960 121 387
1960 420 566
1960 219 628
1960 427 938
1960 90 404
1960 285 529
1960 426 207
1960 196 749
1960 241 532
1960 303 670
1960 39 187
1960 430 550
1960 263 502
1960 215 476
1960 428 961
1960 299 568
1960 58 506
1960 264 568
1960 366 198
1960 163 442
1980 450 885
1980 381 137
1980 352 840
1980 399 825
1980 111 271
1980 375 475
1980 399 822
1980 217 630
1980 91 415
1980 283 528
1980 239 534
1980 290 667
1980 247 1151
1980 38 185
1980 264 503
1980 355 1023
1980 90 758
1980 397 1047
1980 299 567
1980 66 427
1980 263 567
1980 251 1141
1980 333 106
1980 111 463
1980 372 475
