1800 439 825
1800 367 768
1800 394 821
1800 290 1197
1800 77 493
1800 314 817
1800 447 604
1800 387 803
1800 218 628
1800 30 910
1800 445 606
1800 283 532
1800 283 1130
1800 315 813
1800 239 532
1800 308 664
1800 230 57
1800 445 604
1800 259 502
1800 299 571
1800 260 571
1820 364 839
1820 420 835
1820 278 853
1820 218 628
1820 218 1231
1820 37 912
1820 284 529
1820 237 535
1820 288 671
1820 426 522
1820 259 502
1820 351 671
1820 421 384
1820 298 571
1820 260 567
1840 368 844
1840 395 840
1840 404 659
1840 217 628
1840 58 915
1840 416 646
1840 284 528
1840 320 868
1840 239 535
1840 278 667
1840 259 503
1840 363 620
1840 325 867
1840 299 571
1840 259 569
1840 363 496
1860 352 835
1860 403 823
1860 373 558
1860 386 697
1860 217 627
1860 284 530
1860 239 535
1860 306 666
1860 258 504
1860 351 700
1860 295 582
1860 261 566
1860 316 182
1880 351 847
1880 405 824
1880 66 530
1880 376 511
1880 219 630
1880 50 864
1880 284 527
1880 331 749
1880 241 536
1880 290 667
1880 432 503
1880 267 493
1880 300 569
1880 260 566
1880 375 516
1900 461 825
1900 354 832
1900 64 644
1900 224 725
1900 401 834
1900 381 494
1900 355 834
1900 214 637
1900 478 745
1900 288 526
1900 240 534
1900 283 668
1900 434 442
1900 260 498
1900 313 663
1900 424 442
1900 91 763
1900 308 584
1900 262 567
1900 376 491
1920 351 843
1920 79 690
1920 404 908
1920 395 545
1920 392 736
1920 217 633
1920 429 922
1920 281 528
1920 240 532
1920 299 657
1920 157 642
1920 395 360
1920 297 439
1920 395 547
1920 262 503
1920 405 347
1920 83 695
1920 297 577
1920 265 564
1940 371 295
1940 460 863
1940 350 844
1940 69 593
1940 401 828
1940 101 591
1940 400 828
1940 218 627
1940 146 501
1940 281 532
1940 460 289
1940 351 729
1940 241 534
1940 289 673
1940 368 294
1940 424 566
1940 261 474
1940 311 666
1940 290 732
1940 353 982
1940 299 569
1940 263 565
1940 127 525
1960 388 219
1960 368 835
1960 389 852
1960 84 510
1960 120 386
1960 419 568
1960 219 629
1960 427 942
1960 90 403
1960 162 439
1960 284 530
1960 424 206
1960 199 744
1960 238 539
1960 303 670
1960 425 556
1960 263 502
1960 215 476
1960 430 951
1960 299 569
1960 59 505
1960 263 570
1960 366 197
1960 133 398
1960 162 444
1980 450 884
1980 352 843
1980 399 826
1980 111 254
1980 365 481
1980 398 824
1980 215 631
1980 247 1150
1980 91 412
1980 283 529
1980 238 536
1980 288 668
1980 247 1152
1980 263 504
1980 177 487
1980 353 1022
1980 89 761
1980 396 1050
1980 299 568
1980 63 430
1980 262 568
1980 249 1144
1980 329 108
1980 110 464
1980 370 477
