1800 468 634
1800 394 817
1800 408 821
1800 293 1199
1800 77 487
1800 315 815
1800 392 809
1800 393 815
1800 218 626
1800 26 897
1800 442 827
1800 285 529
1800 289 1136
1800 316 812
1800 241 530
1800 280 664
1800 444 605
1800 259 501
1800 298 574
1800 300 569
1800 261 569
1820 410 635
1820 361 840
1820 423 834
1820 276 850
1820 452 641
1820 218 626
1820 83 420
1820 222 1252
1820 36 894
1820 286 527
1820 239 534
1820 287 672
1820 427 517
1820 259 500
1820 351 669
1820 426 519
1820 298 570
1820 260 564
1840 415 647
1840 369 844
1840 399 830
1840 81 457
1840 324 863
1840 364 621
1840 397 657
1840 217 626
1840 56 915
1840 287 525
1840 239 531
1840 279 667
1840 415 646
1840 260 500
1840 315 672
1840 332 871
1840 299 569
1840 260 566
1840 364 499
1860 352 826
1860 404 822
1860 77 457
1860 374 559
1860 315 181
1860 388 699
1860 217 626
1860 28 915
1860 286 527
1860 382 691
1860 241 534
1860 309 667
1860 259 502
1860 307 668
1860 298 574
1860 261 566
1860 316 181
1880 351 841
1880 406 820
1880 334 749
1880 376 516
1880 335 770
1880 403 835
1880 218 627
1880 45 851
1880 288 525
1880 333 748
1880 242 535
1880 287 656
1880 431 503
1880 271 497
1880 333 753
1880 432 504
1880 300 566
1880 62 537
1880 262 563
1880 376 516
1900 345 518
1900 355 833
1900 64 644
1900 402 830
1900 381 495
1900 388 852
1900 401 856
1900 216 628
1900 90 760
1900 56 778
1900 464 824
1900 289 524
1900 240 533
1900 289 664
1900 229 723
1900 261 498
1900 308 664
1900 427 451
1900 90 762
1900 298 567
1900 263 569
1900 351 474
1920 456 707
1920 352 833
1920 79 688
1920 395 882
1920 396 546
1920 394 734
1920 376 866
1920 217 628
1920 438 927
1920 105 677
1920 456 708
1920 285 525
1920 241 532
1920 303 659
1920 157 635
1920 32 218
1920 401 343
1920 295 439
1920 411 353
1920 263 501
1920 296 614
1920 398 363
1920 79 689
1920 298 569
1920 264 562
1920 438 445
1940 372 291
1940 467 867
1940 356 845
1940 70 596
1940 403 828
1940 424 569
1940 363 971
1940 218 625
1940 460 869
1940 287 526
1940 388 267
1940 355 729
1940 242 538
1940 280 665
1940 36 172
1940 386 266
1940 425 569
1940 260 500
1940 311 667
1940 388 855
1940 383 935
1940 300 568
1940 262 560
1940 233 428
1940 145 497
1960 397 224
1960 382 852
1960 265 704
1960 215 474
1960 93 501
1960 121 384
1960 429 554
1960 352 836
1960 219 627
1960 427 941
1960 90 404
1960 287 527
1960 405 231
1960 214 746
1960 237 534
1960 303 672
1960 320 1063
1960 426 551
1960 264 501
1960 422 971
1960 300 568
1960 51 510
1960 263 567
1960 241 541
1960 367 179
1960 162 441
1980 400 146
1980 350 841
1980 399 827
1980 271 1159
1980 94 420
1980 109 280
1980 366 483
1980 399 824
1980 215 621
1980 258 1171
1980 91 410
1980 452 885
1980 286 527
1980 241 533
1980 288 666
1980 45 258
1980 263 503
1980 367 482
1980 356 1022
1980 400 1046
1980 300 564
1980 69 430
1980 264 565
1980 317 121
1980 360 488
