1800 455 850
1800 370 768
1800 394 828
1800 239 66
1800 308 667
1800 232 54
1800 314 818
1800 22 1229
1800 219 629
1800 423 811
1800 288 1135
1800 462 868
1800 450 612
1800 287 532
1800 299 1189
1800 286 1128
1800 243 532
1800 286 1120
1800 253 61
1800 260 503
1800 308 665
1800 34 918
1800 400 1013
1800 301 571
1800 263 572
1800 251 42
1800 465 629
1820 413 649
1820 413 641
1820 394 830
1820 24 356
1820 305 670
1820 228 1267
1820 431 514
1820 377 841
1820 218 627
1820 425 836
1820 227 1261
1820 432 859
1820 455 639
1820 285 530
1820 440 405
1820 239 1312
1820 239 534
1820 278 860
1820 442 410
1820 261 503
1820 305 668
1820 277 862
1820 299 577
1820 264 571
1820 435 398
1840 423 649
1840 393 655
1840 388 848
1840 30 397
1840 24 151
1840 288 670
1840 359 612
1840 344 845
1840 219 629
1840 398 834
1840 57 901
1840 423 643
1840 288 528
1840 353 839
1840 243 538
1840 332 873
1840 24 177
1840 378 300
1840 261 502
1840 310 662
1840 52 904
1840 301 573
1840 263 566
1840 370 499
1860 458 727
1860 384 737
1860 400 832
1860 310 674
1860 374 561
1860 349 852
1860 220 629
1860 406 829
1860 460 878
1860 65 922
1860 469 519
1860 288 529
1860 344 854
1860 243 537
1860 320 184
1860 470 517
1860 259 506
1860 308 670
1860 303 576
1860 264 566
1860 330 201
1860 449 342
1880 453 509
1880 388 798
1880 401 820
1880 301 600
1880 377 514
1880 289 88
1880 335 758
1880 220 628
1880 404 825
1880 467 432
1880 290 527
1880 349 855
1880 245 538
1880 431 503
1880 274 499
1880 306 670
1880 468 434
1880 301 570
1880 267 565
1880 377 514
1880 378 514
1900 474 747
1900 355 844
1900 400 835
1900 40 163
1900 305 642
1900 379 498
1900 353 838
1900 219 629
1900 402 837
1900 67 649
1900 461 965
1900 470 418
1900 290 528
1900 440 389
1900 245 683
1900 236 676
1900 345 836
1900 242 536
1900 34 169
1900 88 763
1900 436 444
1900 260 499
1900 315 632
1900 459 408
1900 93 759
1900 454 1068
1900 318 596
1900 270 570
1900 352 475
1900 382 498
1920 297 439
1920 109 685
1920 441 707
1920 395 745
1920 81 691
1920 179 611
1920 393 872
1920 18 387
1920 299 648
1920 396 378
1920 358 827
1920 387 872
1920 221 638
1920 422 845
1920 81 694
1920 442 920
1920 436 430
1920 286 533
1920 404 341
1920 346 837
1920 174 611
1920 241 537
1920 180 612
1920 27 195
1920 157 638
1920 429 389
1920 267 506
1920 306 668
1920 405 345
1920 34 751
1920 430 925
1920 312 592
1920 14 505
1920 270 560
1920 313 457
1920 110 684
1920 419 495
1940 148 499
1940 465 877
1940 405 787
1940 104 587
1940 401 823
1940 312 661
1940 350 741
1940 354 978
1940 219 627
1940 402 819
1940 454 873
1940 425 570
1940 287 529
1940 395 271
1940 352 848
1940 241 537
1940 277 674
1940 392 269
1940 465 286
1940 260 509
1940 312 666
1940 470 288
1940 381 958
1940 300 572
1940 12 607
1940 266 568
1940 235 432
1940 131 516
1940 129 521
1960 94 409
1960 452 570
1960 394 226
1960 435 557
1960 68 507
1960 139 477
1960 393 864
1960 94 408
1960 300 676
1960 436 556
1960 343 848
1960 399 841
1960 217 628
1960 400 854
1960 429 952
1960 427 549
1960 288 530
1960 400 234
1960 307 1057
1960 252 722
1960 184 746
1960 278 1096
1960 249 710
1960 357 859
1960 245 546
1960 91 492
1960 296 1074
1960 33 202
1960 349 211
1960 266 503
1960 302 670
1960 411 991
1960 299 572
1960 14 558
1960 268 572
1960 216 475
1960 335 204
1960 437 557
1960 122 385
1980 329 124
1980 149 718
1980 92 423
1980 475 922
1980 359 112
1980 354 841
1980 397 830
1980 352 1061
1980 26 416
1980 298 637
1980 353 839
1980 356 1014
1980 216 623
1980 399 834
1980 256 1161
1980 453 889
1980 287 529
1980 329 118
1980 255 1156
1980 257 1169
1980 372 1114
1980 217 620
1980 152 709
1980 240 538
1980 353 1015
1980 46 154
1980 99 756
1980 264 505
1980 315 598
1980 96 757
1980 403 1044
1980 301 568
1980 34 425
1980 269 564
1980 322 136
1980 371 477
1980 86 406
