1800 450 839
1800 394 821
1800 296 1164
1800 274 611
1800 191 1326
1800 254 79
1800 369 764
1800 255 74
1800 219 626
1800 444 828
1800 77 485
1800 90 899
1800 444 823
1800 285 529
1800 285 1120
1800 241 530
1800 447 603
1800 260 499
1800 308 656
1800 317 810
1800 447 601
1800 300 568
1800 259 570
1820 413 642
1820 444 436
1820 379 837
1820 274 599
1820 451 649
1820 355 671
1820 217 624
1820 222 1233
1820 215 1243
1820 454 632
1820 285 527
1820 459 394
1820 229 1278
1820 239 534
1820 432 509
1820 431 511
1820 260 499
1820 306 664
1820 432 511
1820 298 570
1820 256 558
1820 431 397
1840 414 652
1840 388 863
1840 276 632
1840 159 1340
1840 360 610
1840 364 285
1840 394 853
1840 218 626
1840 81 456
1840 58 896
1840 414 650
1840 286 525
1840 321 867
1840 240 535
1840 22 177
1840 260 498
1840 313 667
1840 316 864
1840 299 570
1840 259 567
1840 369 500
1840 365 499
1860 392 849
1860 279 612
1860 374 557
1860 367 706
1860 218 624
1860 78 456
1860 287 526
1860 475 522
1860 345 841
1860 240 534
1860 260 499
1860 309 665
1860 471 511
1860 299 571
1860 261 560
1860 341 492
1860 318 183
1860 343 490
1880 383 844
1880 275 621
1880 431 501
1880 334 752
1880 218 627
1880 49 583
1880 468 437
1880 287 521
1880 466 432
1880 243 538
1880 431 500
1880 431 501
1880 268 492
1880 313 667
1880 431 501
1880 300 569
1880 261 563
1880 378 510
1880 378 511
1900 477 745
1900 64 641
1900 384 849
1900 270 583
1900 429 447
1900 428 457
1900 217 627
1900 467 833
1900 464 758
1900 289 524
1900 448 400
1900 227 675
1900 242 538
1900 228 725
1900 380 494
1900 460 772
1900 259 497
1900 315 665
1900 384 495
1900 84 759
1900 304 579
1900 264 565
1900 348 473
1900 429 448
1900 353 474
1920 105 673
1920 454 704
1920 79 689
1920 380 851
1920 173 604
1920 281 616
1920 395 539
1920 389 741
1920 217 628
1920 422 919
1920 452 699
1920 278 520
1920 403 341
1920 240 538
1920 176 603
1920 398 353
1920 175 603
1920 435 456
1920 263 501
1920 300 652
1920 402 389
1920 414 928
1920 301 567
1920 23 519
1920 263 553
1920 327 475
1920 108 679
1920 396 540
1940 127 520
1940 472 882
1940 417 352
1940 360 963
1940 72 597
1940 390 833
1940 280 603
1940 427 561
1940 358 728
1940 366 982
1940 438 339
1940 217 624
1940 71 593
1940 459 873
1940 286 527
1940 394 269
1940 241 539
1940 37 191
1940 356 302
1940 425 569
1940 259 478
1940 308 661
1940 362 849
1940 375 979
1940 300 567
1940 262 558
1940 387 267
1940 101 576
1940 456 325
1940 79 594
1960 177 708
1960 436 179
1960 387 858
1960 90 399
1960 163 437
1960 275 674
1960 376 216
1960 220 625
1960 425 944
1960 83 503
1960 462 577
1960 286 528
1960 442 193
1960 244 720
1960 238 533
1960 251 722
1960 57 175
1960 419 251
1960 425 549
1960 265 500
1960 300 670
1960 425 550
1960 427 961
1960 300 570
1960 39 542
1960 263 570
1960 216 473
1960 429 207
1960 336 206
1960 460 578
1960 162 437
1980 113 459
1980 471 919
1980 398 179
1980 356 1027
1980 176 484
1980 389 842
1980 95 406
1980 283 603
1980 352 827
1980 360 1038
1980 344 131
1980 215 623
1980 91 428
1980 457 884
1980 284 526
1980 252 1157
1980 271 1152
1980 377 1105
1980 167 711
1980 239 538
1980 264 501
1980 300 568
1980 385 489
1980 395 1040
1980 300 564
1980 58 426
1980 262 562
1980 367 483
1980 329 135
1980 367 483
1980 43 257
