1800 470 661
1800 392 815
1800 394 822
1800 298 1155
1800 77 487
1800 316 812
1800 368 767
1800 393 819
1800 217 627
1800 443 827
1800 28 907
1800 443 826
1800 286 530
1800 288 1187
1800 284 1119
1800 285 666
1800 316 812
1800 240 532
1800 280 667
1800 446 600
1800 259 501
1800 308 662
1800 441 825
1800 300 568
1800 264 571
1800 239 59
1800 445 602
1820 413 638
1820 381 843
1820 378 844
1820 343 837
1820 415 634
1820 413 636
1820 218 625
1820 453 637
1820 219 1231
1820 219 1230
1820 33 896
1820 453 636
1820 285 527
1820 230 1266
1820 298 674
1820 239 536
1820 285 673
1820 422 383
1820 453 636
1820 259 502
1820 307 665
1820 277 851
1820 431 515
1820 298 570
1820 262 567
1840 366 289
1840 415 649
1840 389 858
1840 296 675
1840 388 856
1840 314 664
1840 393 655
1840 396 657
1840 382 855
1840 218 628
1840 60 914
1840 287 526
1840 277 670
1840 353 836
1840 240 535
1840 279 667
1840 415 646
1840 260 501
1840 313 669
1840 334 838
1840 299 570
1840 262 566
1840 367 288
1840 368 498
1860 319 184
1860 474 516
1860 395 844
1860 402 824
1860 344 850
1860 374 559
1860 388 700
1860 217 627
1860 287 527
1860 307 669
1860 352 828
1860 241 537
1860 305 665
1860 341 491
1860 474 518
1860 259 503
1860 308 668
1860 306 604
1860 264 564
1860 316 182
1880 467 433
1880 382 851
1880 303 670
1880 404 825
1880 67 529
1880 325 759
1880 432 502
1880 402 830
1880 218 629
1880 47 841
1880 288 525
1880 290 654
1880 353 834
1880 243 537
1880 292 666
1880 377 514
1880 465 431
1880 269 494
1880 318 600
1880 378 512
1880 354 835
1880 300 569
1880 66 534
1880 264 564
1880 378 512
1900 476 742
1900 388 868
1900 64 642
1900 402 836
1900 227 702
1900 441 457
1900 216 630
1900 462 823
1900 462 824
1900 462 822
1900 288 525
1900 294 682
1900 354 831
1900 242 538
1900 225 718
1900 299 671
1900 228 721
1900 432 385
1900 264 502
1900 293 567
1900 380 494
1900 91 763
1900 308 582
1900 266 567
1900 432 385
1900 354 476
1920 158 646
1920 378 861
1920 80 692
1920 396 898
1920 175 604
1920 397 544
1920 387 738
1920 394 856
1920 216 631
1920 426 922
1920 107 680
1920 427 935
1920 392 716
1920 283 524
1920 216 635
1920 295 646
1920 355 825
1920 240 536
1920 307 664
1920 176 602
1920 392 383
1920 296 439
1920 431 424
1920 264 502
1920 298 654
1920 446 432
1920 354 841
1920 80 691
1920 429 931
1920 292 624
1920 263 568
1920 399 342
1920 451 436
1940 386 266
1940 470 871
1940 385 265
1940 396 845
1940 100 587
1940 129 516
1940 403 825
1940 129 519
1940 309 677
1940 457 864
1940 362 974
1940 217 626
1940 466 865
1940 458 865
1940 287 527
1940 460 292
1940 310 671
1940 348 793
1940 242 540
1940 283 668
1940 394 272
1940 425 569
1940 266 479
1940 310 669
1940 359 968
1940 234 428
1940 299 570
1940 48 604
1940 263 564
1940 234 429
1940 359 298
1940 355 292
1940 469 289
1940 147 503
1960 366 179
1960 403 229
1960 388 860
1960 164 439
1960 385 859
1960 87 502
1960 121 386
1960 426 550
1960 219 628
1960 428 940
1960 89 405
1960 426 938
1960 287 527
1960 406 232
1960 200 746
1960 303 1054
1960 284 673
1960 350 827
1960 239 544
1960 255 720
1960 305 673
1960 426 549
1960 264 501
1960 304 670
1960 300 1063
1960 420 957
1960 299 569
1960 56 519
1960 269 565
1960 421 228
1960 365 179
1960 90 407
1960 124 387
1980 478 909
1980 378 135
1980 389 849
1980 285 676
1980 178 482
1980 399 829
1980 273 1170
1980 112 247
1980 108 282
1980 398 830
1980 388 856
1980 218 627
1980 449 882
1980 247 1151
1980 86 329
1980 178 484
1980 449 881
1980 450 886
1980 286 527
1980 261 1149
1980 291 660
1980 350 837
1980 240 538
1980 285 672
1980 249 1151
1980 66 229
1980 359 489
1980 263 504
1980 301 571
1980 369 486
1980 354 1029
1980 354 1011
1980 403 1037
1980 300 567
1980 60 426
1980 267 564
1980 248 1151
1980 308 121
1980 106 465
1980 366 487
