1800 471 634
1800 394 814
1800 392 812
1800 296 1151
1800 280 669
1800 193 1311
1800 447 601
1800 249 65
1800 368 765
1800 218 623
1800 445 827
1800 34 890
1800 443 828
1800 286 530
1800 297 1210
1800 33 895
1800 288 1117
1800 317 814
1800 317 814
1800 240 529
1800 282 672
1800 429 609
1800 259 500
1800 308 660
1800 400 967
1800 301 568
1800 259 567
1800 259 72
1820 414 641
1820 382 845
1820 378 835
1820 303 665
1820 413 643
1820 356 668
1820 218 620
1820 424 839
1820 223 1229
1820 222 1232
1820 414 635
1820 287 528
1820 278 855
1820 362 837
1820 239 534
1820 422 385
1820 454 631
1820 260 500
1820 306 666
1820 429 521
1820 300 570
1820 259 558
1820 85 416
1840 366 288
1840 415 649
1840 367 845
1840 389 858
1840 278 671
1840 367 627
1840 392 654
1840 218 625
1840 362 816
1840 63 904
1840 387 837
1840 288 525
1840 326 868
1840 328 865
1840 240 531
1840 415 647
1840 260 500
1840 356 712
1840 371 497
1840 300 570
1840 260 564
1840 375 298
1840 81 456
1840 372 498
1860 319 186
1860 472 517
1860 393 855
1860 400 828
1860 306 662
1860 375 559
1860 320 187
1860 388 701
1860 218 622
1860 404 819
1860 288 527
1860 348 849
1860 240 535
1860 277 662
1860 259 501
1860 308 668
1860 307 606
1860 262 562
1880 467 438
1880 353 844
1880 313 734
1880 405 815
1880 292 671
1880 434 507
1880 304 107
1880 218 623
1880 290 525
1880 353 849
1880 243 536
1880 278 663
1880 468 437
1880 273 495
1880 308 665
1880 380 513
1880 311 584
1880 263 563
1880 379 511
1900 355 837
1900 400 828
1900 293 670
1900 238 691
1900 433 453
1900 216 624
1900 465 821
1900 89 761
1900 465 816
1900 290 524
1900 357 841
1900 243 531
1900 236 699
1900 234 707
1900 447 426
1900 265 503
1900 306 608
1900 386 496
1900 93 760
1900 308 576
1900 264 565
1900 384 496
1920 103 674
1920 457 708
1920 376 861
1920 80 685
1920 178 609
1920 380 861
1920 306 653
1920 399 543
1920 392 732
1920 217 623
1920 428 919
1920 42 248
1920 157 635
1920 431 916
1920 82 687
1920 456 707
1920 286 526
1920 356 826
1920 107 677
1920 240 534
1920 177 608
1920 391 370
1920 301 436
1920 474 446
1920 265 501
1920 308 669
1920 108 677
1920 420 928
1920 297 615
1920 261 540
1920 453 432
1940 388 266
1940 101 581
1940 471 870
1940 399 258
1940 372 864
1940 103 591
1940 128 515
1940 401 825
1940 288 667
1940 423 561
1940 397 828
1940 355 971
1940 217 621
1940 42 303
1940 456 871
1940 288 526
1940 418 324
1940 353 841
1940 241 535
1940 284 707
1940 104 587
1940 389 269
1940 425 567
1940 267 491
1940 311 667
1940 299 568
1940 262 560
1940 237 429
1940 368 306
1940 129 517
1940 455 340
1940 147 500
1960 366 176
1960 435 194
1960 385 846
1960 163 438
1960 388 852
1960 217 474
1960 87 499
1960 46 257
1960 298 670
1960 426 548
1960 221 621
1960 429 938
1960 92 403
1960 428 941
1960 405 895
1960 288 527
1960 411 229
1960 211 744
1960 180 741
1960 365 830
1960 236 534
1960 247 712
1960 75 515
1960 256 726
1960 52 200
1960 331 215
1960 185 745
1960 426 548
1960 265 502
1960 303 670
1960 296 1063
1960 216 474
1960 425 964
1960 300 568
1960 47 511
1960 262 562
1960 123 382
1960 367 177
1960 95 407
1960 445 561
1960 138 406
1980 342 131
1980 352 833
1980 178 484
1980 399 830
1980 86 290
1980 111 464
1980 13 219
1980 300 649
1980 351 1018
1980 216 623
1980 249 1152
1980 95 420
1980 163 718
1980 451 884
1980 452 883
1980 286 527
1980 377 102
1980 255 1157
1980 351 831
1980 239 535
1980 316 125
1980 83 298
1980 264 503
1980 374 477
1980 251 1154
1980 92 751
1980 402 1044
1980 300 566
1980 43 423
1980 264 565
1980 114 270
1980 342 133
1980 111 463
1980 373 475
1980 92 404
