1800 468 634
1800 255 74
1800 370 754
1800 78 489
1800 410 834
1800 292 1117
1800 296 649
1800 54 910
1800 370 759
1800 220 88
1800 219 629
1800 404 826
1800 34 1296
1800 460 1094
1800 70 996
1800 430 813
1800 286 530
1800 296 1272
1800 290 1119
1800 299 1152
1800 239 526
1800 288 1138
1800 277 53
1800 259 500
1800 309 665
1800 306 827
1800 475 618
1800 291 1150
1800 42 898
1800 468 1128
1800 302 567
1800 263 566
1800 289 83
1800 457 227
1820 417 632
1820 412 512
1820 400 824
1820 87 415
1820 297 673
1820 208 1265
1820 49 935
1820 406 635
1820 216 624
1820 419 832
1820 444 1052
1820 411 639
1820 285 532
1820 228 1297
1820 209 1270
1820 240 531
1820 212 1278
1820 258 500
1820 310 676
1820 358 842
1820 408 638
1820 276 860
1820 442 1027
1820 299 568
1820 262 563
1840 401 664
1840 376 305
1840 423 646
1840 424 651
1840 287 674
1840 170 1377
1840 55 919
1840 159 1347
1840 371 846
1840 326 870
1840 218 625
1840 415 679
1840 60 909
1840 411 647
1840 289 525
1840 177 1373
1840 355 1210
1840 241 534
1840 359 840
1840 259 500
1840 318 674
1840 310 878
1840 432 644
1840 301 562
1840 265 561
1840 466 61
1860 394 707
1860 376 696
1860 401 828
1860 295 656
1860 341 500
1860 379 859
1860 356 711
1860 20 1303
1860 217 626
1860 404 832
1860 59 915
1860 391 681
1860 289 527
1860 239 535
1860 257 505
1860 308 671
1860 469 481
1860 54 923
1860 300 563
1860 266 565
1860 320 189
1880 466 431
1880 426 505
1880 80 547
1880 67 539
1880 397 826
1880 16 375
1880 294 653
1880 349 517
1880 58 887
1880 352 822
1880 337 749
1880 220 626
1880 402 827
1880 460 433
1880 292 524
1880 237 530
1880 266 493
1880 351 611
1880 334 748
1880 402 822
1880 298 564
1880 22 721
1880 267 566
1900 62 640
1900 474 745
1900 433 442
1900 69 648
1900 398 838
1900 17 373
1900 299 669
1900 346 496
1900 357 840
1900 218 629
1900 403 838
1900 463 1063
1900 471 730
1900 291 527
1900 434 385
1900 102 1378
1900 237 692
1900 241 531
1900 228 714
1900 349 474
1900 433 383
1900 256 499
1900 325 656
1900 467 414
1900 54 794
1900 466 1083
1900 302 572
1900 13 639
1900 268 556
1920 154 627
1920 450 705
1920 385 731
1920 79 685
1920 172 612
1920 389 859
1920 7 340
1920 292 662
1920 395 355
1920 378 834
1920 220 636
1920 410 861
1920 83 691
1920 434 936
1920 400 734
1920 287 528
1920 373 970
1920 53 766
1920 163 628
1920 234 536
1920 349 857
1920 328 472
1920 154 635
1920 263 499
1920 341 560
1920 456 1081
1920 301 564
1920 16 508
1920 268 551
1920 294 439
1920 168 612
1940 101 588
1940 469 868
1940 354 293
1940 381 772
1940 94 586
1940 104 595
1940 377 943
1940 292 670
1940 360 733
1940 217 623
1940 406 827
1940 460 1052
1940 408 824
1940 290 526
1940 424 319
1940 22 756
1940 239 535
1940 350 992
1940 457 301
1940 262 469
1940 312 673
1940 352 741
1940 393 777
1940 374 968
1940 299 566
1940 11 728
1940 265 562
1940 230 423
1940 147 498
1940 465 290
1940 142 486
1960 147 400
1960 415 242
1960 94 403
1960 425 949
1960 95 405
1960 296 690
1960 366 830
1960 256 569
1960 218 626
1960 407 874
1960 430 956
1960 442 559
1960 288 531
1960 419 234
1960 300 1075
1960 247 706
1960 76 530
1960 239 529
1960 100 512
1960 407 1018
1960 364 197
1960 354 203
1960 213 729
1960 265 500
1960 299 564
1960 301 566
1960 30 552
1960 266 565
1960 214 473
1960 359 199
1960 433 172
1960 90 510
1960 458 108
1960 151 418
1980 474 913
1980 351 110
1980 394 822
1980 86 425
1980 397 834
1980 258 1182
1980 88 398
1980 35 198
1980 300 638
1980 355 85
1980 352 837
1980 304 122
1980 217 626
1980 399 835
1980 456 887
1980 454 883
1980 289 529
1980 321 1230
1980 247 1174
1980 345 1173
1980 100 754
1980 159 733
1980 238 534
1980 248 1160
1980 349 1042
1980 30 244
1980 264 504
1980 348 1042
1980 150 729
1980 358 1033
1980 300 559
1980 66 427
1980 266 560
1980 86 280
1980 353 116
1980 359 113
1980 96 467
1980 102 291
