1800 440 826
1800 368 767
1800 396 821
1800 291 1197
1800 77 491
1800 315 817
1800 450 604
1800 393 814
1800 393 815
1800 218 627
1800 28 905
1800 449 603
1800 284 531
1800 285 1130
1800 316 813
1800 240 531
1800 308 663
1800 233 61
1800 449 603
1800 260 501
1800 300 570
1800 262 569
1820 370 837
1820 420 835
1820 279 855
1820 218 627
1820 232 1263
1820 219 1232
1820 36 920
1820 284 528
1820 239 534
1820 294 668
1820 429 524
1820 260 501
1820 352 669
1820 422 384
1820 298 570
1820 260 562
1840 371 839
1840 398 834
1840 398 656
1840 218 628
1840 58 912
1840 417 645
1840 285 528
1840 321 866
1840 240 534
1840 279 667
1840 259 503
1840 365 627
1840 326 869
1840 299 571
1840 261 567
1840 368 499
1860 353 828
1860 404 823
1860 342 500
1860 387 696
1860 218 627
1860 285 529
1860 347 849
1860 240 534
1860 306 666
1860 259 503
1860 358 691
1860 300 582
1860 262 564
1860 316 181
1880 352 845
1880 406 825
1880 309 675
1880 377 510
1880 220 629
1880 286 526
1880 333 751
1880 242 536
1880 298 664
1880 433 502
1880 267 493
1880 300 569
1880 261 565
1880 377 514
1900 462 826
1900 355 829
1900 64 642
1900 402 838
1900 382 493
1900 400 843
1900 216 635
1900 288 526
1900 241 534
1900 288 674
1900 434 389
1900 261 499
1900 312 672
1900 428 441
1900 91 763
1900 309 583
1900 263 565
1900 383 493
1920 356 835
1920 78 689
1920 405 909
1920 396 544
1920 392 732
1920 218 632
1920 429 920
1920 453 709
1920 283 527
1920 241 532
1920 304 661
1920 159 639
1920 397 353
1920 298 438
1920 420 393
1920 262 501
1920 292 608
1920 407 347
1920 83 692
1920 301 570
1920 266 565
1940 388 268
1940 461 861
1940 391 271
1940 356 842
1940 70 590
1940 402 830
1940 36 504
1940 219 626
1940 147 503
1940 284 529
1940 463 291
1940 353 730
1940 242 534
1940 290 672
1940 369 295
1940 426 568
1940 266 478
1940 307 600
1940 293 674
1940 358 979
1940 353 984
1940 300 568
1940 28 591
1940 264 563
1940 128 524
1960 392 218
1960 369 825
1960 389 853
1960 85 507
1960 121 386
1960 420 570
1960 220 628
1960 427 940
1960 90 404
1960 285 528
1960 431 195
1960 195 750
1960 240 534
1960 303 670
1960 41 180
1960 431 550
1960 263 502
1960 216 476
1960 429 962
1960 299 568
1960 59 507
1960 264 568
1960 366 199
1960 158 444
1960 164 443
1980 451 888
1980 382 134
1980 353 840
1980 399 826
1980 113 272
1980 375 478
1980 399 822
1980 217 630
1980 92 414
1980 284 528
1980 239 534
1980 292 666
1980 247 1151
1980 39 189
1980 264 503
1980 354 1021
1980 90 759
1980 398 1045
1980 299 567
1980 63 427
1980 263 566
1980 251 1142
1980 332 108
1980 112 464
1980 373 475
