1800 440 826
1800 368 769
1800 397 819
1800 293 1202
1800 76 491
1800 315 817
1800 449 613
1800 431 819
1800 415 819
1800 218 627
1800 292 1200
1800 416 1115
1800 30 909
1800 469 634
1800 284 531
1800 292 1148
1800 316 817
1800 240 531
1800 307 664
1800 233 54
1800 446 605
1800 260 502
1800 295 605
1800 411 825
1800 300 572
1800 260 571
1820 422 839
1820 364 842
1820 421 836
1820 428 516
1820 412 641
1820 218 627
1820 453 641
1820 227 1281
1820 218 1250
1820 276 859
1820 418 1015
1820 38 891
1820 453 639
1820 285 528
1820 238 534
1820 304 672
1820 430 516
1820 260 502
1820 352 670
1820 274 850
1820 421 384
1820 385 763
1820 298 573
1820 260 564
1840 368 290
1840 370 849
1840 396 844
1840 315 872
1840 364 499
1840 395 657
1840 218 629
1840 54 913
1840 416 651
1840 286 527
1840 240 534
1840 277 671
1840 259 502
1840 361 622
1840 335 874
1840 299 572
1840 260 565
1860 349 840
1860 402 828
1860 386 700
1860 218 627
1860 63 926
1860 284 528
1860 359 688
1860 240 534
1860 307 669
1860 343 497
1860 258 505
1860 355 688
1860 297 576
1860 260 566
1860 315 180
1880 352 846
1880 406 829
1880 377 513
1880 220 630
1880 48 864
1880 286 527
1880 331 748
1880 241 535
1880 292 664
1880 346 515
1880 432 505
1880 270 497
1880 299 574
1880 353 845
1880 300 570
1880 262 564
1880 432 504
1900 463 826
1900 354 835
1900 63 647
1900 399 835
1900 378 496
1900 400 842
1900 216 632
1900 89 763
1900 288 525
1900 240 534
1900 284 668
1900 227 729
1900 349 475
1900 472 510
1900 261 499
1900 299 575
1900 428 424
1900 90 762
1900 302 571
1900 263 566
1900 394 506
1920 451 714
1920 356 834
1920 79 692
1920 412 914
1920 396 547
1920 392 739
1920 382 868
1920 216 630
1920 430 925
1920 106 680
1920 435 926
1920 454 707
1920 282 527
1920 241 534
1920 296 661
1920 163 628
1920 401 346
1920 314 462
1920 409 345
1920 262 504
1920 294 612
1920 411 350
1920 355 826
1920 79 691
1920 440 929
1920 296 577
1920 264 561
1940 126 527
1940 460 869
1940 353 836
1940 99 590
1940 401 835
1940 26 594
1940 423 570
1940 402 833
1940 218 626
1940 147 504
1940 455 1084
1940 283 531
1940 463 293
1940 308 672
1940 242 540
1940 291 673
1940 362 299
1940 445 335
1940 426 569
1940 260 476
1940 312 663
1940 464 290
1940 351 833
1940 356 981
1940 299 570
1940 17 450
1940 262 563
1940 233 429
1940 126 527
1940 458 310
1940 147 503
1960 187 749
1960 370 830
1960 388 852
1960 88 499
1960 121 388
1960 426 552
1960 218 628
1960 426 951
1960 90 406
1960 156 490
1960 423 982
1960 285 529
1960 416 234
1960 195 746
1960 239 539
1960 303 672
1960 312 1067
1960 50 256
1960 368 197
1960 164 726
1960 427 552
1960 263 502
1960 298 563
1960 428 949
1960 299 570
1960 55 511
1960 264 567
1960 366 199
1960 161 439
1980 451 890
1980 380 126
1980 350 841
1980 399 830
1980 261 1166
1980 69 425
1980 107 281
1980 373 478
1980 336 128
1980 212 635
1980 246 1152
1980 88 314
1980 178 487
1980 89 757
1980 445 1025
1980 284 529
1980 248 1152
1980 239 535
1980 286 671
1980 246 1152
1980 337 117
1980 263 505
1980 354 1016
1980 86 756
1980 397 1048
1980 299 568
1980 58 433
1980 263 566
1980 244 1152
1980 334 122
1980 104 465
1980 370 476
1980 105 460
