1800 439 825
1800 368 767
1800 394 821
1800 294 1196
1800 77 490
1800 446 604
1800 392 812
1800 393 816
1800 219 627
1800 29 907
1800 451 606
1800 284 531
1800 285 1124
1800 316 813
1800 240 531
1800 308 662
1800 231 57
1800 447 602
1800 260 501
1800 300 570
1800 261 570
1820 368 837
1820 421 836
1820 279 857
1820 218 627
1820 230 1263
1820 219 1232
1820 37 914
1820 285 528
1820 238 534
1820 290 671
1820 428 523
1820 260 501
1820 353 670
1820 422 384
1820 298 570
1820 260 566
1840 371 852
1840 396 838
1840 396 656
1840 218 628
1840 59 920
1840 417 646
1840 285 527
1840 322 866
1840 240 534
1840 278 666
1840 259 503
1840 364 620
1840 325 867
1840 299 570
1840 260 567
1840 365 498
1860 354 832
1860 404 819
1860 373 558
1860 387 697
1860 218 626
1860 58 923
1860 285 529
1860 353 830
1860 240 534
1860 304 667
1860 259 503
1860 355 694
1860 305 668
1860 300 587
1860 261 565
1860 317 182
1880 352 846
1880 406 823
1880 309 673
1880 377 510
1880 220 629
1880 285 527
1880 332 749
1880 241 536
1880 296 665
1880 433 502
1880 268 494
1880 300 569
1880 260 565
1880 377 514
1900 462 823
1900 355 833
1900 64 644
1900 226 723
1900 402 835
1900 382 493
1900 398 846
1900 216 635
1900 91 763
1900 288 526
1900 241 534
1900 288 675
1900 440 454
1900 261 499
1900 317 651
1900 425 446
1900 92 764
1900 309 585
1900 262 566
1900 381 493
1920 355 834
1920 79 692
1920 405 908
1920 396 546
1920 393 734
1920 219 635
1920 430 920
1920 106 682
1920 453 708
1920 283 527
1920 240 532
1920 304 661
1920 158 640
1920 396 357
1920 298 439
1920 447 416
1920 262 502
1920 305 602
1920 408 355
1920 82 691
1920 300 572
1920 265 565
1940 388 267
1940 460 864
1940 392 271
1940 354 843
1940 69 593
1940 402 830
1940 73 590
1940 460 862
1940 355 984
1940 219 626
1940 146 500
1940 283 530
1940 460 296
1940 352 730
1940 242 534
1940 290 672
1940 369 293
1940 425 567
1940 265 480
1940 305 607
1940 305 675
1940 393 275
1940 356 982
1940 356 983
1940 299 568
1940 45 590
1940 263 564
1940 127 527
1960 403 227
1960 369 834
1960 75 530
1960 393 847
1960 83 506
1960 121 388
1960 420 566
1960 219 628
1960 427 941
1960 90 404
1960 163 442
1960 285 529
1960 427 207
1960 196 748
1960 356 825
1960 241 533
1960 303 670
1960 428 550
1960 263 502
1960 217 476
1960 432 945
1960 299 568
1960 56 509
1960 264 568
1960 366 198
1960 163 442
1960 163 443
1980 450 885
1980 382 121
1980 352 838
1980 399 826
1980 112 251
1980 371 476
1980 399 821
1980 216 632
1980 92 418
1980 283 528
1980 239 535
1980 289 668
1980 248 1152
1980 75 261
1980 264 504
1980 355 1022
1980 90 759
1980 398 1048
1980 299 567
1980 65 428
1980 263 567
1980 251 1145
1980 336 107
1980 111 463
1980 372 476
