1800 438 825
1800 369 770
1800 395 817
1800 297 1200
1800 76 489
1800 314 813
1800 390 813
1800 217 627
1800 29 905
1800 466 631
1800 283 531
1800 283 1120
1800 315 812
1800 240 529
1800 291 673
1800 232 53
1800 445 602
1800 259 501
1800 299 569
1800 300 571
1800 260 576
1820 423 847
1820 361 837
1820 420 829
1820 424 513
1820 350 671
1820 217 626
1820 451 645
1820 230 1273
1820 83 421
1820 222 1240
1820 275 851
1820 37 897
1820 451 639
1820 284 528
1820 420 389
1820 238 533
1820 279 671
1820 425 515
1820 259 501
1820 351 667
1820 274 848
1820 420 383
1820 298 571
1820 261 563
1820 419 388
1840 354 836
1840 389 847
1840 316 863
1840 361 497
1840 397 657
1840 217 628
1840 52 904
1840 412 651
1840 285 527
1840 239 532
1840 277 668
1840 259 500
1840 362 617
1840 323 867
1840 298 571
1840 261 565
1840 391 656
1860 351 827
1860 402 819
1860 75 459
1860 342 851
1860 384 694
1860 216 626
1860 57 918
1860 284 530
1860 361 689
1860 239 533
1860 288 621
1860 342 495
1860 453 760
1860 259 503
1860 353 699
1860 297 581
1860 261 565
1860 314 180
1860 472 515
1880 351 840
1880 405 820
1880 65 531
1880 331 748
1880 376 513
1880 351 837
1880 217 629
1880 50 864
1880 286 527
1880 328 747
1880 241 535
1880 289 639
1880 345 513
1880 431 501
1880 266 493
1880 342 770
1880 299 569
1880 262 565
1880 466 717
1900 345 510
1900 463 827
1900 353 830
1900 63 644
1900 231 688
1900 401 822
1900 376 493
1900 354 838
1900 215 634
1900 462 827
1900 89 761
1900 287 525
1900 433 388
1900 240 533
1900 286 661
1900 347 473
1900 475 748
1900 259 497
1900 305 666
1900 420 453
1900 228 732
1900 87 761
1900 298 579
1900 262 567
1900 377 494
1920 451 712
1920 355 828
1920 77 685
1920 406 895
1920 347 839
1920 390 735
1920 398 898
1920 216 631
1920 422 925
1920 177 610
1920 103 681
1920 454 708
1920 281 528
1920 239 534
1920 301 655
1920 175 612
1920 398 345
1920 299 441
1920 395 546
1920 262 502
1920 303 658
1920 407 373
1920 88 692
1920 293 585
1920 264 565
1920 432 478
1940 387 268
1940 148 508
1940 458 865
1940 347 840
1940 69 598
1940 402 830
1940 101 587
1940 333 744
1940 419 571
1940 400 830
1940 346 987
1940 217 626
1940 450 1069
1940 283 530
1940 457 307
1940 344 735
1940 241 535
1940 283 673
1940 370 294
1940 423 566
1940 256 505
1940 308 669
1940 364 855
1940 232 429
1940 299 569
1940 17 444
1940 262 560
1940 261 479
1940 358 297
1940 126 526
1960 245 726
1960 386 860
1960 337 213
1960 351 825
1960 83 500
1960 121 387
1960 427 549
1960 351 827
1960 217 630
1960 425 943
1960 89 404
1960 426 950
1960 285 528
1960 414 239
1960 194 746
1960 292 1070
1960 264 501
1960 304 674
1960 302 1055
1960 47 260
1960 166 740
1960 425 554
1960 263 501
1960 214 478
1960 429 949
1960 299 568
1960 60 519
1960 263 570
1960 366 179
1960 122 390
1960 162 440
1980 449 885
1980 350 841
1980 397 824
1980 263 1166
1980 108 281
1980 366 479
1980 397 825
1980 212 631
1980 449 887
1980 248 1151
1980 86 407
1980 435 1101
1980 283 530
1980 238 533
1980 277 666
1980 50 255
1980 263 503
1980 315 657
1980 352 1014
1980 399 1045
1980 299 566
1980 263 569
1980 245 1151
1980 359 489
1980 335 128
1980 102 465
1980 370 476
