1800 439 826
1800 368 767
1800 395 820
1800 291 1197
1800 77 491
1800 315 817
1800 449 604
1800 392 813
1800 393 815
1800 218 627
1800 30 905
1800 448 602
1800 284 531
1800 285 1129
1800 316 813
1800 240 531
1800 308 663
1800 231 59
1800 448 603
1800 260 501
1800 300 570
1800 262 569
1820 370 838
1820 420 835
1820 279 855
1820 218 626
1820 229 1259
1820 219 1232
1820 35 915
1820 284 528
1820 238 534
1820 297 670
1820 428 522
1820 260 501
1820 352 672
1820 422 384
1820 298 570
1820 261 563
1840 371 840
1840 397 836
1840 397 656
1840 218 627
1840 59 913
1840 417 645
1840 285 528
1840 321 866
1840 240 534
1840 279 667
1840 259 502
1840 366 626
1840 325 869
1840 299 571
1840 261 567
1840 367 499
1860 354 829
1860 404 822
1860 341 501
1860 387 696
1860 218 627
1860 63 925
1860 285 529
1860 346 850
1860 240 534
1860 305 667
1860 259 503
1860 358 689
1860 300 583
1860 262 565
1860 317 181
1880 352 846
1880 406 824
1880 312 678
1880 377 510
1880 219 629
1880 285 526
1880 333 749
1880 241 536
1880 298 664
1880 432 502
1880 267 493
1880 300 568
1880 261 565
1880 377 514
1900 462 826
1900 355 828
1900 64 642
1900 402 836
1900 381 493
1900 401 841
1900 215 635
1900 288 526
1900 241 533
1900 288 673
1900 432 388
1900 261 498
1900 319 671
1900 427 442
1900 91 762
1900 308 582
1900 263 566
1900 383 493
1920 356 836
1920 78 689
1920 404 909
1920 396 545
1920 392 732
1920 218 633
1920 430 920
1920 453 708
1920 283 527
1920 241 532
1920 305 661
1920 159 637
1920 396 354
1920 298 438
1920 430 406
1920 262 501
1920 288 604
1920 406 346
1920 83 693
1920 301 570
1920 266 566
1940 387 270
1940 461 861
1940 392 274
1940 355 843
1940 70 591
1940 402 830
1940 29 401
1940 218 626
1940 147 502
1940 283 529
1940 461 291
1940 353 732
1940 242 534
1940 290 672
1940 369 294
1940 426 568
1940 265 480
1940 306 610
1940 293 674
1940 358 980
1940 354 978
1940 299 568
1940 24 592
1940 264 563
1940 128 523
1960 397 223
1960 369 824
1960 391 848
1960 85 507
1960 121 386
1960 419 570
1960 219 628
1960 428 938
1960 90 404
1960 285 529
1960 430 196
1960 197 748
1960 241 533
1960 303 670
1960 48 196
1960 431 550
1960 263 501
1960 216 476
1960 431 957
1960 299 568
1960 58 505
1960 264 568
1960 366 198
1960 163 441
1960 164 443
1980 451 887
1980 380 136
1980 353 840
1980 399 826
1980 113 264
1980 374 475
1980 399 825
1980 217 630
1980 92 415
1980 284 528
1980 239 534
1980 291 666
1980 247 1151
1980 38 186
1980 264 503
1980 353 1020
1980 90 758
1980 398 1045
1980 299 567
1980 63 429
1980 263 567
1980 251 1142
1980 332 107
1980 112 464
1980 373 475
