1800 473 640
1800 391 811
1800 392 813
1800 292 1196
1800 78 486
1800 315 814
1800 449 603
1800 389 805
1800 393 822
1800 218 627
1800 286 1206
1800 28 896
1800 441 824
1800 284 531
1800 285 1127
1800 315 813
1800 239 531
1800 280 667
1800 231 53
1800 451 609
1800 259 501
1800 307 664
1800 399 831
1800 300 570
1800 262 571
1820 410 635
1820 379 840
1820 421 832
1820 277 853
1820 453 635
1820 218 626
1820 453 639
1820 84 419
1820 220 1240
1820 420 836
1820 285 529
1820 238 536
1820 279 672
1820 431 515
1820 259 502
1820 304 669
1820 277 852
1820 299 572
1820 260 569
1840 416 646
1840 364 839
1840 391 834
1840 81 457
1840 318 863
1840 166 1341
1840 381 849
1840 218 627
1840 81 457
1840 53 908
1840 287 526
1840 325 866
1840 240 534
1840 278 669
1840 22 168
1840 370 288
1840 260 502
1840 363 619
1840 326 873
1840 299 573
1840 82 456
1840 262 566
1840 366 500
1860 317 183
1860 474 521
1860 352 824
1860 403 815
1860 78 457
1860 374 560
1860 402 816
1860 218 626
1860 43 892
1860 286 529
1860 368 687
1860 240 537
1860 309 669
1860 342 496
1860 259 503
1860 309 675
1860 297 580
1860 262 567
1860 317 182
1880 467 436
1880 351 846
1880 404 817
1880 307 718
1880 377 514
1880 283 91
1880 329 755
1880 219 626
1880 46 858
1880 287 527
1880 332 750
1880 242 537
1880 289 646
1880 431 502
1880 272 498
1880 346 641
1880 299 571
1880 64 529
1880 265 565
1880 377 515
1900 349 480
1900 477 747
1900 354 833
1900 64 644
1900 400 822
1900 380 496
1900 394 855
1900 216 628
1900 87 757
1900 57 777
1900 463 824
1900 289 525
1900 355 837
1900 240 536
1900 274 615
1900 229 723
1900 476 738
1900 260 498
1900 301 589
1900 422 448
1900 88 762
1900 296 574
1900 263 570
1900 350 477
1920 455 708
1920 367 858
1920 79 686
1920 380 863
1920 396 548
1920 400 784
1920 218 631
1920 422 923
1920 176 609
1920 107 678
1920 454 708
1920 281 528
1920 350 832
1920 242 534
1920 297 657
1920 157 635
1920 400 344
1920 297 440
1920 408 372
1920 263 501
1920 308 651
1920 350 834
1920 79 686
1920 292 585
1920 273 596
1940 386 267
1940 149 510
1940 469 867
1940 422 329
1940 377 859
1940 71 594
1940 403 825
1940 424 571
1940 402 823
1940 352 980
1940 218 625
1940 457 867
1940 285 529
1940 395 284
1940 352 732
1940 242 538
1940 280 667
1940 385 267
1940 426 570
1940 262 476
1940 296 585
1940 394 280
1940 346 840
1940 378 833
1940 300 569
1940 13 595
1940 263 564
1940 357 293
1940 466 288
1940 147 501
1960 418 227
1960 436 174
1960 388 854
1960 76 500
1960 122 383
1960 428 547
1960 366 198
1960 370 822
1960 219 628
1960 426 940
1960 90 404
1960 425 944
1960 287 529
1960 402 225
1960 217 633
1960 363 817
1960 237 534
1960 304 1056
1960 426 552
1960 263 502
1960 303 671
1960 421 964
1960 300 570
1960 65 514
1960 264 568
1960 368 202
1960 92 410
1960 123 387
1980 478 906
1980 407 118
1980 352 842
1980 399 829
1980 263 1166
1980 176 487
1980 87 421
1980 108 279
1980 377 480
1980 399 827
1980 355 1012
1980 216 629
1980 254 1162
1980 85 409
1980 89 754
1980 449 883
1980 285 529
1980 349 845
1980 239 539
1980 285 669
1980 82 276
1980 263 505
1980 297 578
1980 368 484
1980 355 1016
1980 82 768
1980 398 1038
1980 300 568
1980 70 428
1980 266 573
1980 246 1152
1980 328 121
1980 106 464
1980 367 484
1980 85 408
