1800 440 826
1800 368 767
1800 394 820
1800 290 1198
1800 77 491
1800 315 817
1800 449 604
1800 391 811
1800 394 820
1800 218 627
1800 447 604
1800 284 531
1800 285 1128
1800 316 813
1800 240 532
1800 308 663
1800 230 58
1800 448 604
1800 260 501
1800 300 570
1800 262 570
1820 371 839
1820 420 835
1820 279 856
1820 218 627
1820 231 1261
1820 218 1231
1820 36 919
1820 284 528
1820 238 534
1820 301 671
1820 428 523
1820 259 501
1820 352 670
1820 422 384
1820 298 570
1820 261 563
1840 370 842
1840 397 837
1840 397 656
1840 218 628
1840 57 908
1840 417 645
1840 285 528
1840 321 865
1840 240 534
1840 279 667
1840 259 503
1840 366 628
1840 326 869
1840 299 571
1840 260 567
1840 368 498
1860 352 828
1860 404 823
1860 345 504
1860 387 696
1860 218 627
1860 285 529
1860 346 850
1860 240 535
1860 306 666
1860 258 503
1860 356 692
1860 299 582
1860 262 564
1860 316 181
1880 352 846
1880 406 824
1880 310 676
1880 377 510
1880 219 630
1880 285 527
1880 333 750
1880 241 537
1880 299 664
1880 433 502
1880 267 493
1880 300 569
1880 261 565
1880 377 513
1900 462 828
1900 354 828
1900 64 642
1900 402 837
1900 381 493
1900 401 841
1900 215 635
1900 288 525
1900 241 534
1900 288 675
1900 427 411
1900 261 498
1900 317 669
1900 426 442
1900 91 762
1900 309 584
1900 263 566
1900 382 494
1920 356 835
1920 78 689
1920 405 909
1920 396 544
1920 392 732
1920 218 633
1920 429 920
1920 453 712
1920 282 527
1920 241 532
1920 303 661
1920 159 638
1920 47 139
1920 396 354
1920 298 439
1920 430 406
1920 262 501
1920 288 607
1920 406 345
1920 84 692
1920 300 571
1920 266 564
1940 386 278
1940 461 859
1940 355 844
1940 70 590
1940 402 831
1940 21 450
1940 219 626
1940 147 503
1940 283 530
1940 461 292
1940 353 732
1940 242 534
1940 291 672
1940 368 295
1940 426 568
1940 265 479
1940 306 606
1940 293 674
1940 358 981
1940 299 568
1940 23 594
1940 264 564
1940 128 524
1960 393 220
1960 369 826
1960 390 856
1960 84 508
1960 121 386
1960 420 571
1960 219 629
1960 427 939
1960 90 404
1960 285 529
1960 426 203
1960 196 749
1960 240 533
1960 303 670
1960 431 550
1960 263 502
1960 216 476
1960 431 958
1960 299 569
1960 60 506
1960 264 569
1960 365 198
1960 165 441
1960 163 443
1980 450 887
1980 384 140
1980 353 841
1980 399 825
1980 113 271
1980 374 478
1980 399 821
1980 217 631
1980 92 414
1980 178 486
1980 284 529
1980 239 534
1980 291 667
1980 247 1151
1980 264 503
1980 354 1019
1980 90 759
1980 398 1045
1980 299 567
1980 60 428
1980 263 566
1980 251 1142
1980 332 109
1980 111 464
1980 372 476
