1800 439 825
1800 369 767
1800 395 818
1800 291 1196
1800 77 490
1800 316 815
1800 448 607
1800 372 773
1800 395 820
1800 218 627
1800 28 907
1800 469 636
1800 283 531
1800 284 1122
1800 316 813
1800 240 530
1800 298 670
1800 233 53
1800 446 605
1800 260 501
1800 307 661
1800 299 571
1800 261 571
1820 420 835
1820 362 839
1820 420 835
1820 276 850
1820 425 518
1820 379 848
1820 218 627
1820 227 1262
1820 219 1232
1820 36 912
1820 451 640
1820 284 529
1820 238 535
1820 286 670
1820 426 519
1820 260 501
1820 351 669
1820 422 383
1820 298 570
1820 261 566
1840 367 839
1840 397 846
1840 408 664
1840 380 857
1840 218 628
1840 57 912
1840 415 647
1840 285 528
1840 318 864
1840 240 533
1840 279 667
1840 259 501
1840 364 617
1840 334 870
1840 299 570
1840 261 567
1840 363 497
1860 381 691
1860 352 827
1860 403 822
1860 343 498
1860 387 695
1860 396 841
1860 218 627
1860 285 529
1860 349 832
1860 240 533
1860 307 669
1860 259 503
1860 358 693
1860 297 580
1860 262 566
1860 315 181
1880 352 844
1880 406 828
1880 67 534
1880 377 512
1880 402 831
1880 219 629
1880 48 854
1880 285 527
1880 332 747
1880 241 535
1880 293 657
1880 431 502
1880 268 494
1880 300 568
1880 261 565
1880 376 516
1900 462 821
1900 354 833
1900 64 644
1900 230 724
1900 402 826
1900 380 495
1900 355 833
1900 388 857
1900 216 632
1900 93 761
1900 288 525
1900 240 532
1900 282 666
1900 433 437
1900 261 498
1900 320 678
1900 428 445
1900 92 764
1900 306 579
1900 263 567
1900 376 492
1920 159 644
1920 354 829
1920 78 689
1920 380 862
1920 396 546
1920 391 736
1920 381 862
1920 218 633
1920 427 921
1920 453 706
1920 282 528
1920 240 531
1920 302 659
1920 158 638
1920 400 345
1920 297 439
1920 448 417
1920 262 501
1920 286 616
1920 410 351
1920 79 688
1920 299 577
1920 265 562
1940 388 267
1940 127 515
1940 462 863
1940 353 840
1940 70 592
1940 401 833
1940 383 862
1940 218 626
1940 147 502
1940 283 530
1940 461 296
1940 339 742
1940 240 533
1940 291 675
1940 369 293
1940 424 567
1940 264 482
1940 312 665
1940 289 731
1940 401 268
1940 352 982
1940 299 568
1940 14 601
1940 263 563
1940 233 429
1940 127 525
1960 398 226
1960 368 831
1960 394 845
1960 87 511
1960 121 387
1960 421 563
1960 369 819
1960 387 870
1960 219 629
1960 427 942
1960 90 402
1960 165 440
1960 284 530
1960 422 212
1960 194 746
1960 352 825
1960 239 538
1960 303 670
1960 316 1058
1960 41 189
1960 427 555
1960 263 502
1960 304 670
1960 215 477
1960 426 949
1960 299 568
1960 61 506
1960 264 567
1960 366 200
1960 158 447
1960 161 441
1980 450 887
1980 380 117
1980 352 839
1980 399 823
1980 107 279
1980 367 480
1980 399 827
1980 400 830
1980 215 629
1980 245 1152
1980 88 412
1980 283 530
1980 238 534
1980 287 664
1980 247 1150
1980 47 260
1980 156 727
1980 263 503
1980 178 486
1980 356 1024
1980 93 762
1980 396 1050
1980 299 566
1980 52 428
1980 263 567
1980 248 1149
1980 326 111
1980 110 467
1980 364 482
1980 89 417
