1800 441 827
1800 368 769
1800 393 817
1800 295 1186
1800 76 488
1800 315 814
1800 447 605
1800 390 806
1800 391 813
1800 217 626
1800 29 907
1800 447 604
1800 284 530
1800 284 1119
1800 316 813
1800 240 531
1800 307 665
1800 233 53
1800 447 604
1800 260 501
1800 307 663
1800 300 570
1800 263 569
1820 421 836
1820 373 845
1820 420 834
1820 426 517
1820 353 669
1820 380 847
1820 217 625
1820 228 1275
1820 84 421
1820 218 1236
1820 277 852
1820 36 896
1820 452 643
1820 285 529
1820 239 533
1820 305 669
1820 427 518
1820 260 502
1820 353 668
1820 421 383
1820 298 570
1820 262 565
1840 380 854
1840 390 855
1840 317 866
1840 365 498
1840 394 656
1840 217 629
1840 55 909
1840 416 651
1840 286 527
1840 239 532
1840 277 669
1840 377 312
1840 259 501
1840 364 615
1840 322 867
1840 299 570
1840 262 565
1840 364 498
1860 353 827
1860 402 822
1860 345 850
1860 373 558
1860 386 694
1860 402 833
1860 217 625
1860 55 923
1860 285 530
1860 378 690
1860 241 535
1860 286 620
1860 344 496
1860 476 521
1860 259 503
1860 359 690
1860 299 570
1860 263 564
1860 315 180
1880 352 845
1880 406 824
1880 66 536
1880 333 750
1880 378 510
1880 406 830
1880 218 627
1880 286 528
1880 331 748
1880 242 536
1880 293 607
1880 347 515
1880 432 503
1880 269 495
1880 300 568
1880 66 533
1880 263 563
1880 378 511
1900 463 826
1900 354 834
1900 63 644
1900 232 689
1900 402 828
1900 380 497
1900 399 853
1900 390 862
1900 215 632
1900 288 525
1900 241 535
1900 288 666
1900 357 485
1900 444 455
1900 261 498
1900 302 565
1900 424 454
1900 92 762
1900 300 565
1900 264 566
1900 378 494
1920 453 709
1920 359 834
1920 77 687
1920 409 903
1920 395 547
1920 393 736
1920 381 863
1920 215 626
1920 425 920
1920 104 683
1920 282 528
1920 240 533
1920 304 661
1920 177 608
1920 401 348
1920 297 438
1920 448 424
1920 263 502
1920 294 613
1920 409 347
1920 78 687
1920 301 571
1920 268 564
1920 266 504
1940 387 267
1940 127 525
1940 459 865
1940 347 840
1940 99 589
1940 403 831
1940 102 587
1940 334 746
1940 422 570
1940 403 830
1940 374 861
1940 217 624
1940 437 1066
1940 285 530
1940 458 314
1940 243 542
1940 309 670
1940 372 294
1940 425 568
1940 260 502
1940 309 669
1940 416 330
1940 352 985
1940 260 486
1940 345 998
1940 299 568
1940 12 599
1940 262 562
1940 233 429
1940 459 300
1960 388 863
1960 371 834
1960 81 499
1960 121 384
1960 350 825
1960 423 562
1960 218 629
1960 427 940
1960 90 404
1960 423 950
1960 286 528
1960 422 211
1960 201 745
1960 295 1070
1960 240 536
1960 304 671
1960 304 1064
1960 43 172
1960 190 749
1960 427 552
1960 264 502
1960 299 576
1960 215 477
1960 428 941
1960 300 568
1960 69 540
1960 264 568
1960 368 200
1960 121 386
1960 162 440
1980 450 886
1980 350 838
1980 399 825
1980 112 249
1980 369 478
1980 399 825
1980 400 831
1980 214 631
1980 248 1150
1980 89 411
1980 178 486
1980 284 529
1980 247 1151
1980 239 535
1980 288 670
1980 49 258
1980 264 504
1980 354 1027
1980 84 760
1980 399 1047
1980 299 567
1980 66 431
1980 265 566
1980 254 1157
1980 340 116
1980 103 467
1980 373 476
1980 106 463
