1800 440 827
1800 367 766
1800 394 819
1800 289 1198
1800 77 490
1800 314 817
1800 448 604
1800 392 812
1800 392 815
1800 218 626
1800 447 603
1800 284 530
1800 284 1123
1800 316 812
1800 239 531
1800 307 662
1800 232 58
1800 447 602
1800 259 501
1800 299 570
1800 261 568
1820 370 838
1820 420 834
1820 278 853
1820 218 625
1820 232 1260
1820 218 1232
1820 37 910
1820 284 528
1820 238 533
1820 299 672
1820 426 522
1820 259 501
1820 352 669
1820 421 384
1820 298 569
1820 260 565
1840 369 844
1840 395 839
1840 394 655
1840 217 626
1840 56 910
1840 416 644
1840 285 527
1840 320 865
1840 240 533
1840 278 666
1840 258 502
1840 364 621
1840 324 866
1840 298 570
1840 260 567
1840 366 498
1860 352 825
1860 403 822
1860 343 502
1860 387 696
1860 217 626
1860 284 529
1860 345 850
1860 239 533
1860 298 671
1860 258 503
1860 352 696
1860 297 580
1860 261 563
1860 316 181
1880 352 844
1880 406 824
1880 377 510
1880 219 629
1880 285 527
1880 332 749
1880 241 536
1880 295 665
1880 433 503
1880 267 493
1880 300 568
1880 260 565
1880 376 514
1900 462 826
1900 354 828
1900 64 642
1900 401 835
1900 380 493
1900 398 847
1900 215 634
1900 287 526
1900 240 533
1900 285 672
1900 434 386
1900 260 498
1900 310 664
1900 427 442
1900 92 762
1900 309 585
1900 262 565
1900 380 493
1920 354 829
1920 78 689
1920 404 907
1920 396 544
1920 391 732
1920 217 632
1920 428 920
1920 453 710
1920 281 526
1920 240 531
1920 304 661
1920 157 639
1920 50 149
1920 395 356
1920 298 438
1920 435 419
1920 262 501
1920 284 611
1920 406 347
1920 82 692
1920 299 570
1920 264 564
1940 388 267
1940 461 862
1940 354 841
1940 70 591
1940 403 830
1940 218 625
1940 146 501
1940 282 529
1940 462 293
1940 352 731
1940 242 533
1940 289 671
1940 367 293
1940 425 567
1940 262 474
1940 310 589
1940 293 673
1940 356 982
1940 348 987
1940 299 568
1940 263 564
1940 127 522
1960 392 218
1960 369 832
1960 393 844
1960 85 503
1960 120 386
1960 420 566
1960 219 627
1960 427 939
1960 90 403
1960 285 529
1960 426 208
1960 194 749
1960 351 824
1960 239 534
1960 302 670
1960 310 1051
1960 427 551
1960 262 501
1960 215 475
1960 429 953
1960 299 568
1960 60 507
1960 263 568
1960 366 198
1960 159 408
1960 163 441
1980 449 886
1980 384 125
1980 352 836
1980 399 825
1980 109 271
1980 371 475
1980 399 824
1980 216 630
1980 90 413
1980 177 484
1980 283 528
1980 239 533
1980 289 669
1980 247 1151
1980 35 215
1980 263 502
1980 354 1021
1980 89 759
1980 397 1047
1980 299 566
1980 72 422
1980 262 566
1980 251 1140
1980 332 108
1980 110 463
1980 372 476
