1800 440 827
1800 368 767
1800 394 821
1800 293 1199
1800 77 492
1800 445 605
1800 393 815
1800 392 813
1800 218 628
1800 461 629
1800 284 531
1800 285 1128
1800 316 813
1800 240 532
1800 308 663
1800 230 57
1800 448 603
1800 259 502
1800 300 570
1800 262 569
1820 369 840
1820 420 835
1820 279 856
1820 218 627
1820 231 1262
1820 219 1232
1820 37 914
1820 284 529
1820 238 535
1820 301 673
1820 429 524
1820 259 502
1820 352 669
1820 422 384
1820 298 570
1820 260 564
1840 369 838
1840 396 837
1840 398 657
1840 218 627
1840 56 911
1840 416 645
1840 285 528
1840 321 865
1840 240 534
1840 278 667
1840 259 503
1840 364 623
1840 326 868
1840 299 571
1840 260 568
1840 366 498
1860 353 825
1860 404 822
1860 346 506
1860 388 698
1860 217 627
1860 285 529
1860 346 851
1860 240 535
1860 302 669
1860 258 503
1860 361 687
1860 298 580
1860 262 565
1860 317 182
1880 352 846
1880 406 824
1880 66 534
1880 377 510
1880 220 629
1880 285 527
1880 332 749
1880 241 536
1880 297 665
1880 432 502
1880 267 493
1880 300 569
1880 261 566
1880 377 514
1900 462 827
1900 354 830
1900 64 642
1900 402 837
1900 382 493
1900 401 839
1900 216 637
1900 288 526
1900 241 534
1900 286 674
1900 431 442
1900 261 499
1900 317 662
1900 428 441
1900 92 762
1900 309 585
1900 263 566
1900 380 494
1920 356 837
1920 78 690
1920 405 907
1920 396 544
1920 392 732
1920 219 634
1920 429 921
1920 453 709
1920 283 527
1920 241 532
1920 304 662
1920 158 640
1920 397 355
1920 298 438
1920 433 419
1920 262 501
1920 292 612
1920 406 346
1920 86 694
1920 300 572
1920 265 565
1940 372 295
1940 461 862
1940 390 269
1940 355 844
1940 70 591
1940 402 830
1940 74 593
1940 457 859
1940 219 626
1940 147 502
1940 283 529
1940 462 291
1940 352 730
1940 242 534
1940 292 673
1940 368 297
1940 426 567
1940 265 478
1940 306 611
1940 290 672
1940 356 983
1940 352 984
1940 299 568
1940 31 593
1940 264 564
1940 128 524
1960 388 217
1960 368 829
1960 85 507
1960 121 387
1960 420 568
1960 219 628
1960 427 940
1960 90 404
1960 285 529
1960 426 205
1960 196 750
1960 241 533
1960 303 670
1960 429 550
1960 263 502
1960 216 476
1960 429 958
1960 299 568
1960 57 507
1960 264 568
1960 366 197
1960 163 442
1960 164 443
1980 450 886
1980 382 133
1980 353 841
1980 399 826
1980 112 272
1980 375 479
1980 399 821
1980 215 633
1980 90 416
1980 177 486
1980 284 529
1980 239 534
1980 290 669
1980 247 1151
1980 38 184
1980 264 503
1980 354 1021
1980 89 760
1980 398 1047
1980 299 567
1980 60 427
1980 263 567
1980 251 1141
1980 333 107
1980 111 464
1980 373 476
