1800 440 825
1800 367 768
1800 397 822
1800 295 1207
1800 77 486
1800 314 814
1800 388 812
1800 392 814
1800 217 626
1800 286 1206
1800 28 907
1800 468 630
1800 283 531
1800 281 1135
1800 315 813
1800 239 529
1800 307 664
1800 231 53
1800 449 602
1800 260 501
1800 307 663
1800 299 572
1800 262 571
1820 421 833
1820 359 835
1820 420 832
1820 276 851
1820 421 516
1820 410 637
1820 218 626
1820 217 1246
1820 274 849
1820 35 900
1820 452 644
1820 284 528
1820 238 532
1820 304 669
1820 429 516
1820 260 501
1820 351 672
1820 421 383
1820 298 570
1820 261 563
1840 414 651
1840 368 849
1840 397 838
1840 81 457
1840 315 866
1840 363 498
1840 395 655
1840 217 626
1840 55 910
1840 414 648
1840 285 527
1840 313 869
1840 239 530
1840 277 669
1840 369 290
1840 259 500
1840 362 620
1840 331 897
1840 299 570
1840 260 565
1840 365 497
1860 352 825
1860 401 827
1860 76 460
1860 387 696
1860 396 845
1860 217 624
1860 54 919
1860 285 529
1860 465 199
1860 341 851
1860 239 532
1860 306 669
1860 342 496
1860 259 502
1860 355 697
1860 299 570
1860 262 563
1860 315 180
1880 350 843
1880 405 824
1880 332 749
1880 376 513
1880 279 87
1880 219 627
1880 46 859
1880 285 527
1880 331 747
1880 240 535
1880 300 654
1880 431 502
1880 268 494
1880 300 568
1880 65 525
1880 261 563
1880 377 512
1900 401 841
1900 353 831
1900 62 644
1900 223 721
1900 401 833
1900 374 488
1900 390 855
1900 390 865
1900 216 631
1900 89 763
1900 288 525
1900 241 533
1900 300 655
1900 261 498
1900 421 448
1900 88 762
1900 300 568
1900 261 567
1900 360 485
1920 355 838
1920 77 687
1920 407 900
1920 394 545
1920 388 732
1920 383 865
1920 216 628
1920 420 923
1920 454 709
1920 280 526
1920 238 531
1920 304 658
1920 156 636
1920 399 345
1920 297 438
1920 442 427
1920 263 502
1920 307 634
1920 408 348
1920 81 692
1920 298 576
1920 265 561
1920 446 453
1940 371 293
1940 127 522
1940 403 830
1940 386 268
1940 347 842
1940 69 598
1940 402 829
1940 19 420
1940 307 668
1940 420 568
1940 217 624
1940 445 1067
1940 284 528
1940 459 294
1940 312 668
1940 241 535
1940 308 670
1940 361 303
1940 425 568
1940 258 502
1940 307 669
1940 460 291
1940 364 856
1940 233 428
1940 299 568
1940 48 586
1940 262 562
1940 232 428
1940 451 326
1960 425 937
1960 388 220
1960 366 829
1960 249 731
1960 79 502
1960 121 384
1960 426 556
1960 218 627
1960 425 941
1960 90 400
1960 420 956
1960 285 528
1960 433 192
1960 205 745
1960 236 534
1960 302 670
1960 303 1060
1960 409 238
1960 166 743
1960 426 553
1960 263 501
1960 300 622
1960 247 721
1960 217 476
1960 425 960
1960 299 569
1960 58 526
1960 262 567
1960 367 178
1960 121 388
1960 160 440
1980 303 121
1980 400 832
1980 378 129
1980 349 838
1980 399 825
1980 107 280
1980 360 486
1980 392 849
1980 215 625
1980 261 1184
1980 91 416
1980 177 487
1980 283 528
1980 259 1164
1980 238 534
1980 292 659
1980 263 503
1980 354 1018
1980 84 764
1980 395 1057
1980 299 566
1980 60 431
1980 263 565
1980 245 1150
1980 319 123
1980 101 466
1980 360 487
