1800 443 828
1800 394 817
1800 397 827
1800 297 1194
1800 77 488
1800 449 606
1800 393 816
1800 395 831
1800 220 628
1800 444 831
1800 301 1143
1800 194 1319
1800 30 908
1800 466 630
1800 286 531
1800 287 1119
1800 316 815
1800 241 531
1800 307 665
1800 231 52
1800 445 604
1800 260 502
1800 299 582
1800 394 822
1800 411 827
1800 300 572
1800 265 569
1820 453 636
1820 375 833
1820 418 831
1820 279 854
1820 451 639
1820 413 638
1820 380 844
1820 219 627
1820 228 1255
1820 225 1236
1820 35 895
1820 452 637
1820 287 528
1820 241 534
1820 306 670
1820 430 518
1820 261 502
1820 352 671
1820 421 388
1820 300 574
1820 264 564
1840 375 301
1840 353 834
1840 385 855
1840 321 865
1840 397 657
1840 385 856
1840 219 629
1840 57 905
1840 416 649
1840 287 526
1840 243 533
1840 279 671
1840 419 648
1840 260 503
1840 356 643
1840 319 867
1840 328 869
1840 380 852
1840 300 572
1840 264 566
1840 368 500
1860 352 832
1860 404 820
1860 375 559
1860 388 693
1860 397 844
1860 219 628
1860 30 915
1860 286 528
1860 384 690
1860 242 536
1860 283 613
1860 260 505
1860 310 666
1860 301 584
1860 264 565
1860 318 185
1880 353 839
1880 405 825
1880 377 515
1880 405 826
1880 220 630
1880 46 853
1880 287 528
1880 334 748
1880 243 534
1880 263 561
1880 290 586
1880 466 443
1880 272 496
1880 300 570
1880 263 563
1880 377 515
1900 464 828
1900 355 835
1900 64 646
1900 399 830
1900 378 494
1900 401 842
1900 218 635
1900 464 828
1900 89 761
1900 289 526
1900 242 536
1900 235 681
1900 293 572
1900 227 722
1900 262 501
1900 312 666
1900 439 387
1900 92 765
1900 299 572
1900 266 567
1900 354 475
1920 158 646
1920 454 704
1920 357 832
1920 80 690
1920 400 891
1920 397 545
1920 389 734
1920 383 862
1920 218 631
1920 431 918
1920 107 679
1920 455 707
1920 285 531
1920 241 535
1920 272 597
1920 299 656
1920 158 642
1920 402 342
1920 298 438
1920 414 357
1920 263 504
1920 308 626
1920 395 376
1920 375 861
1920 81 691
1920 426 919
1920 297 583
1920 268 565
1920 441 450
1940 150 506
1940 460 865
1940 355 832
1940 70 597
1940 404 829
1940 102 586
1940 421 573
1940 464 863
1940 383 859
1940 220 628
1940 459 866
1940 147 498
1940 469 877
1940 287 530
1940 407 303
1940 347 733
1940 244 538
1940 263 564
1940 301 571
1940 389 268
1940 425 570
1940 261 503
1940 305 616
1940 364 969
1940 363 995
1940 301 571
1940 265 564
1940 233 429
1940 147 499
1960 410 227
1960 374 819
1960 266 695
1960 91 492
1960 122 386
1960 427 552
1960 388 867
1960 220 628
1960 430 942
1960 287 529
1960 408 226
1960 308 1067
1960 241 538
1960 261 700
1960 304 673
1960 311 1054
1960 162 740
1960 425 553
1960 265 504
1960 304 668
1960 434 217
1960 362 817
1960 420 982
1960 301 571
1960 56 536
1960 267 566
1960 367 180
1960 92 408
1960 164 441
1980 452 890
1980 381 107
1980 352 837
1980 400 826
1980 109 279
1980 401 831
1980 218 625
1980 452 889
1980 257 1156
1980 49 259
1980 178 488
1980 286 528
1980 263 1162
1980 241 536
1980 288 641
1980 251 1151
1980 42 178
1980 264 505
1980 354 1010
1980 399 1045
1980 301 569
1980 67 429
1980 267 565
1980 249 1149
1980 336 124
1980 108 464
1980 362 489
