1800 447 609
1800 392 814
1800 393 818
1800 77 487
1800 315 814
1800 447 606
1800 400 817
1800 413 837
1800 218 625
1800 467 774
1800 284 531
1800 295 1165
1800 315 813
1800 241 531
1800 307 667
1800 286 1120
1800 234 54
1800 449 612
1800 259 501
1800 307 664
1800 439 827
1800 300 570
1800 258 573
1820 453 640
1820 378 841
1820 421 830
1820 452 637
1820 412 640
1820 218 625
1820 223 1246
1820 453 639
1820 285 529
1820 348 666
1820 239 533
1820 305 670
1820 427 395
1820 429 518
1820 260 501
1820 305 665
1820 279 849
1820 426 519
1820 298 571
1820 257 564
1840 415 650
1840 352 838
1840 396 828
1840 361 612
1840 393 656
1840 218 626
1840 58 918
1840 415 649
1840 286 526
1840 320 865
1840 240 531
1840 278 667
1840 260 500
1840 341 660
1840 328 869
1840 401 687
1840 299 570
1840 259 567
1840 366 500
1860 477 527
1860 343 846
1860 403 819
1860 368 688
1860 374 559
1860 386 699
1860 217 624
1860 57 929
1860 285 530
1860 345 846
1860 240 533
1860 308 670
1860 259 504
1860 306 672
1860 298 571
1860 260 564
1860 322 187
1860 342 495
1880 469 439
1880 351 838
1880 405 818
1880 67 533
1880 317 717
1880 378 514
1880 219 626
1880 46 864
1880 287 526
1880 331 752
1880 242 536
1880 304 667
1880 431 504
1880 272 499
1880 306 670
1880 431 505
1880 299 569
1880 262 564
1880 378 514
1900 477 821
1900 354 834
1900 65 644
1900 400 831
1900 377 497
1900 400 830
1900 216 629
1900 87 762
1900 59 776
1900 289 525
1900 240 537
1900 310 665
1900 230 724
1900 382 499
1900 260 499
1900 375 495
1900 90 765
1900 299 566
1900 260 571
1900 351 476
1920 470 447
1920 360 842
1920 79 689
1920 410 905
1920 397 547
1920 387 738
1920 348 865
1920 217 630
1920 431 928
1920 176 609
1920 106 679
1920 456 708
1920 284 527
1920 399 410
1920 383 798
1920 241 533
1920 303 660
1920 158 637
1920 395 357
1920 296 439
1920 447 391
1920 263 501
1920 301 665
1920 80 690
1920 298 568
1920 262 569
1920 397 546
1940 371 292
1940 149 510
1940 358 847
1940 403 828
1940 102 587
1940 310 670
1940 424 570
1940 355 960
1940 217 623
1940 282 529
1940 447 346
1940 352 735
1940 240 537
1940 311 669
1940 34 225
1940 386 267
1940 425 569
1940 259 497
1940 310 668
1940 390 307
1940 350 735
1940 384 868
1940 356 953
1940 299 569
1940 262 559
1940 233 429
1940 369 292
1940 448 350
1940 147 503
1960 368 827
1960 214 475
1960 89 501
1960 122 388
1960 427 563
1960 352 827
1960 219 627
1960 427 938
1960 90 406
1960 286 528
1960 405 233
1960 389 849
1960 239 534
1960 303 673
1960 43 186
1960 166 758
1960 426 553
1960 264 502
1960 301 673
1960 429 938
1960 299 569
1960 59 543
1960 262 569
1960 214 477
1960 369 204
1960 162 449
1980 376 859
1980 399 826
1980 108 280
1980 369 486
1980 355 1008
1980 215 627
1980 449 884
1980 261 1162
1980 285 528
1980 272 1156
1980 350 842
1980 240 534
1980 297 651
1980 262 1160
1980 46 258
1980 155 722
1980 263 503
1980 366 488
1980 352 1006
1980 401 1040
1980 300 566
1980 35 429
1980 263 564
1980 247 1149
1980 331 123
1980 109 465
1980 363 492
