1800 468 630
1800 369 765
1800 391 810
1800 290 1111
1800 75 482
1800 308 660
1800 195 1317
1800 444 604
1800 369 766
1800 244 55
1800 218 626
1800 425 818
1800 289 1113
1800 28 909
1800 439 818
1800 286 528
1800 297 1187
1800 289 1116
1800 317 810
1800 241 528
1800 76 484
1800 445 603
1800 259 499
1800 309 659
1800 406 996
1800 300 567
1800 263 569
1820 414 644
1820 365 832
1820 377 849
1820 83 415
1820 309 664
1820 453 629
1820 349 668
1820 216 621
1820 420 832
1820 219 1232
1820 220 1245
1820 453 631
1820 285 526
1820 349 670
1820 238 534
1820 416 399
1820 431 510
1820 260 498
1820 309 662
1820 276 850
1820 426 865
1820 299 569
1820 258 560
1840 365 290
1840 413 650
1840 353 832
1840 380 851
1840 80 455
1840 303 656
1840 155 1347
1840 416 647
1840 368 304
1840 354 829
1840 217 624
1840 384 856
1840 390 832
1840 59 907
1840 287 524
1840 314 870
1840 241 534
1840 18 164
1840 260 499
1840 306 665
1840 397 791
1840 300 566
1840 260 566
1840 362 498
1860 318 185
1860 360 824
1860 402 816
1860 76 452
1860 307 667
1860 374 557
1860 314 182
1860 385 689
1860 218 623
1860 403 821
1860 471 512
1860 287 527
1860 355 690
1860 239 534
1860 259 500
1860 306 665
1860 305 584
1860 261 563
1860 316 185
1860 344 488
1880 468 435
1880 352 828
1880 404 838
1880 309 666
1880 378 509
1880 352 846
1880 218 626
1880 400 832
1880 466 434
1880 291 523
1880 267 562
1880 335 744
1880 241 533
1880 432 501
1880 270 492
1880 294 567
1880 300 567
1880 262 565
1880 348 511
1900 475 798
1900 354 823
1900 45 794
1900 388 858
1900 310 661
1900 377 493
1900 355 830
1900 38 1002
1900 216 629
1900 389 861
1900 469 1070
1900 463 820
1900 288 524
1900 443 382
1900 240 533
1900 230 648
1900 431 386
1900 426 457
1900 260 498
1900 286 557
1900 376 489
1900 82 760
1900 295 544
1900 278 532
1900 348 469
1900 349 471
1900 7 197
1920 453 704
1920 357 829
1920 78 685
1920 383 870
1920 302 657
1920 396 542
1920 388 733
1920 355 826
1920 216 626
1920 423 918
1920 40 259
1920 428 911
1920 76 677
1920 455 704
1920 280 519
1920 452 428
1920 395 542
1920 236 531
1920 173 604
1920 399 352
1920 298 436
1920 174 603
1920 424 357
1920 263 501
1920 285 698
1920 77 684
1920 419 921
1920 303 567
1920 12 501
1920 263 559
1920 401 340
1920 407 344
1920 50 253
1940 352 288
1940 145 498
1940 467 860
1940 352 822
1940 100 589
1940 402 824
1940 311 670
1940 398 842
1940 364 971
1940 216 622
1940 403 833
1940 45 258
1940 462 869
1940 77 865
1940 458 867
1940 287 526
1940 387 266
1940 293 713
1940 339 738
1940 242 539
1940 144 497
1940 387 267
1940 353 288
1940 423 563
1940 263 483
1940 300 580
1940 464 285
1940 353 831
1940 72 594
1940 366 963
1940 299 566
1940 263 560
1940 235 427
1940 461 301
1940 127 517
1940 462 288
1940 125 517
1960 365 261
1960 163 737
1960 432 188
1960 370 827
1960 392 839
1960 308 1077
1960 215 472
1960 62 504
1960 301 670
1960 425 547
1960 334 202
1960 364 825
1960 217 629
1960 423 949
1960 91 404
1960 427 939
1960 424 553
1960 286 527
1960 405 231
1960 188 738
1960 307 1062
1960 378 835
1960 239 533
1960 121 385
1960 260 710
1960 402 230
1960 425 546
1960 264 501
1960 299 669
1960 295 1064
1960 425 950
1960 300 566
1960 11 780
1960 262 564
1960 432 184
1960 364 178
1960 121 381
1980 362 102
1980 351 828
1980 177 481
1980 396 822
1980 260 1168
1980 70 420
1980 300 636
1980 369 474
1980 397 823
1980 357 1008
1980 358 96
1980 215 616
1980 397 824
1980 247 1145
1980 70 418
1980 450 882
1980 450 882
1980 284 526
1980 256 1161
1980 352 832
1980 172 724
1980 237 540
1980 264 502
1980 299 563
1980 364 484
1980 45 838
1980 404 1038
1980 300 563
1980 13 725
1980 266 554
1980 330 161
1980 369 473
1980 70 420
