1800 452 847
1800 391 813
1800 391 825
1800 283 1125
1800 302 667
1800 446 611
1800 315 814
1800 237 77
1800 217 626
1800 445 830
1800 283 1125
1800 81 916
1800 428 611
1800 35 931
1800 285 530
1800 289 1204
1800 286 1134
1800 239 530
1800 316 815
1800 287 1118
1800 467 618
1800 259 501
1800 308 654
1800 406 1006
1800 301 570
1800 260 570
1820 412 648
1820 372 847
1820 427 845
1820 303 670
1820 223 1257
1820 412 643
1820 363 841
1820 216 624
1820 430 851
1820 454 637
1820 36 893
1820 285 528
1820 454 456
1820 230 1312
1820 239 532
1820 227 1267
1820 457 644
1820 260 499
1820 329 712
1820 274 853
1820 456 639
1820 431 850
1820 299 571
1820 257 564
1840 415 656
1840 370 854
1840 398 840
1840 281 675
1840 417 650
1840 352 840
1840 217 626
1840 387 861
1840 61 919
1840 415 650
1840 286 525
1840 333 867
1840 241 534
1840 319 866
1840 29 183
1840 370 297
1840 259 500
1840 308 666
1840 325 866
1840 300 567
1840 255 569
1840 263 498
1840 367 500
1840 368 501
1860 80 468
1860 357 839
1860 401 827
1860 297 664
1860 374 559
1860 350 837
1860 217 626
1860 400 827
1860 54 910
1860 472 519
1860 287 528
1860 347 851
1860 240 535
1860 281 667
1860 471 512
1860 259 502
1860 308 667
1860 300 606
1860 260 562
1860 260 501
1860 341 497
1860 317 189
1860 342 497
1880 432 512
1880 350 849
1880 402 841
1880 295 663
1880 377 514
1880 351 849
1880 218 627
1880 405 834
1880 66 536
1880 46 868
1880 430 507
1880 290 526
1880 351 850
1880 241 535
1880 333 748
1880 280 662
1880 430 503
1880 270 493
1880 431 510
1880 339 532
1880 259 567
1880 376 513
1880 377 512
1900 469 830
1900 353 842
1900 62 646
1900 399 847
1900 295 674
1900 383 499
1900 227 694
1900 353 832
1900 216 628
1900 397 850
1900 57 779
1900 478 513
1900 289 525
1900 436 386
1900 226 683
1900 240 534
1900 436 446
1900 260 501
1900 315 720
1900 427 454
1900 97 770
1900 297 563
1900 260 570
1900 266 504
1900 346 476
1900 431 458
1920 159 640
1920 449 718
1920 365 850
1920 80 688
1920 394 782
1920 177 606
1920 293 647
1920 385 395
1920 348 844
1920 217 627
1920 410 897
1920 82 698
1920 455 708
1920 280 521
1920 402 339
1920 237 537
1920 177 607
1920 281 660
1920 27 185
1920 400 346
1920 157 639
1920 432 424
1920 261 504
1920 304 570
1920 383 373
1920 80 691
1920 424 925
1920 297 614
1920 19 505
1920 261 565
1920 400 538
1920 110 678
1920 395 543
1940 466 292
1940 126 524
1940 458 877
1940 357 848
1940 147 502
1940 401 825
1940 41 418
1940 295 671
1940 440 330
1940 349 832
1940 366 967
1940 217 625
1940 402 825
1940 73 598
1940 288 527
1940 390 268
1940 357 840
1940 240 535
1940 313 669
1940 283 672
1940 359 312
1940 255 490
1940 312 651
1940 363 979
1940 300 569
1940 24 594
1940 260 559
1940 235 430
1940 454 327
1940 469 293
1940 126 518
1960 166 735
1960 142 590
1960 438 156
1960 374 850
1960 384 873
1960 92 406
1960 166 438
1960 199 739
1960 301 675
1960 257 705
1960 90 421
1960 424 554
1960 363 839
1960 218 625
1960 387 879
1960 78 507
1960 286 529
1960 243 735
1960 189 742
1960 240 718
1960 349 848
1960 240 532
1960 289 668
1960 308 1064
1960 34 186
1960 331 201
1960 86 503
1960 451 571
1960 265 501
1960 293 667
1960 193 745
1960 418 984
1960 301 568
1960 41 559
1960 262 572
1960 216 474
1960 340 199
1960 355 214
1960 445 567
1960 167 437
1980 122 460
1980 467 915
1980 363 115
1980 373 861
1980 397 831
1980 181 485
1980 93 417
1980 295 667
1980 370 485
1980 352 836
1980 354 1024
1980 214 625
1980 398 833
1980 247 1151
1980 255 1161
1980 450 887
1980 286 528
1980 240 1181
1980 256 1162
1980 369 1087
1980 353 838
1980 238 539
1980 89 417
1980 279 661
1980 356 1036
1980 335 126
1980 336 124
1980 264 504
1980 297 570
1980 366 497
1980 403 1044
1980 300 563
1980 39 423
1980 262 562
1980 265 503
1980 365 495
1980 324 135
1980 370 484
1980 119 459
