1800 440 826
1800 368 767
1800 395 820
1800 290 1198
1800 77 490
1800 315 816
1800 450 603
1800 393 816
1800 393 816
1800 218 627
1800 30 905
1800 455 613
1800 285 531
1800 284 1127
1800 316 813
1800 240 531
1800 308 663
1800 232 58
1800 448 602
1800 260 501
1800 300 570
1800 262 569
1820 371 836
1820 420 834
1820 279 856
1820 218 626
1820 230 1257
1820 219 1230
1820 36 911
1820 285 528
1820 239 533
1820 300 671
1820 427 524
1820 260 501
1820 352 671
1820 422 384
1820 298 569
1820 260 564
1840 371 849
1840 398 833
1840 400 656
1840 218 627
1840 59 913
1840 417 645
1840 286 527
1840 321 866
1840 241 534
1840 279 667
1840 259 502
1840 364 623
1840 326 869
1840 299 571
1840 260 568
1840 367 499
1860 355 827
1860 404 821
1860 343 500
1860 388 697
1860 218 626
1860 285 529
1860 347 849
1860 240 534
1860 301 669
1860 259 503
1860 359 689
1860 301 583
1860 262 564
1860 317 181
1880 353 845
1880 406 825
1880 315 702
1880 377 511
1880 220 629
1880 286 526
1880 333 753
1880 242 536
1880 299 665
1880 433 503
1880 267 493
1880 300 569
1880 261 565
1880 376 514
1900 463 825
1900 355 829
1900 64 642
1900 402 837
1900 382 492
1900 402 834
1900 216 635
1900 288 526
1900 241 533
1900 288 674
1900 441 390
1900 261 498
1900 322 650
1900 429 442
1900 92 763
1900 310 586
1900 263 566
1900 383 492
1920 356 836
1920 78 690
1920 404 907
1920 396 545
1920 392 731
1920 219 633
1920 430 921
1920 454 706
1920 283 526
1920 241 532
1920 305 661
1920 159 637
1920 396 356
1920 298 438
1920 410 400
1920 262 501
1920 310 608
1920 408 348
1920 85 692
1920 301 570
1920 265 564
1940 374 292
1940 461 862
1940 393 273
1940 355 843
1940 70 590
1940 403 831
1940 455 855
1940 219 626
1940 147 501
1940 283 529
1940 462 290
1940 353 730
1940 242 534
1940 291 672
1940 368 296
1940 426 567
1940 265 474
1940 308 621
1940 305 674
1940 357 981
1940 353 986
1940 299 567
1940 45 590
1940 264 563
1940 128 522
1960 399 222
1960 368 826
1960 387 859
1960 86 504
1960 121 386
1960 420 567
1960 220 628
1960 427 937
1960 90 404
1960 285 528
1960 430 196
1960 197 749
1960 359 824
1960 240 533
1960 303 670
1960 47 210
1960 432 551
1960 263 502
1960 216 476
1960 429 958
1960 299 568
1960 58 508
1960 264 568
1960 366 198
1960 164 441
1960 164 443
1980 451 888
1980 380 134
1980 353 839
1980 399 824
1980 111 270
1980 375 475
1980 399 819
1980 217 631
1980 91 414
1980 178 485
1980 284 528
1980 239 534
1980 290 668
1980 247 1151
1980 37 191
1980 264 503
1980 354 1019
1980 90 759
1980 398 1045
1980 299 567
1980 64 427
1980 263 567
1980 251 1141
1980 332 106
1980 111 463
1980 374 475
