1800 441 826
1800 369 768
1800 399 819
1800 293 1194
1800 77 488
1800 316 814
1800 391 806
1800 393 815
1800 218 628
1800 30 906
1800 452 603
1800 284 531
1800 287 1117
1800 317 813
1800 241 531
1800 308 663
1800 448 603
1800 260 501
1800 308 664
1800 300 572
1800 263 571
1820 423 841
1820 363 839
1820 420 831
1820 278 854
1820 453 635
1820 414 636
1820 379 839
1820 218 628
1820 454 643
1820 228 1267
1820 219 1233
1820 38 898
1820 453 639
1820 285 529
1820 240 534
1820 306 668
1820 427 515
1820 261 502
1820 353 669
1820 421 383
1820 299 572
1820 260 564
1840 372 850
1840 398 835
1840 393 659
1840 396 657
1840 218 628
1840 57 914
1840 415 646
1840 286 529
1840 317 861
1840 240 533
1840 278 672
1840 260 501
1840 363 614
1840 332 873
1840 299 571
1840 261 567
1840 366 498
1860 354 825
1860 404 820
1860 373 559
1860 388 696
1860 392 849
1860 217 627
1860 56 919
1860 286 529
1860 374 701
1860 241 535
1860 308 668
1860 260 504
1860 366 690
1860 302 585
1860 262 564
1860 316 181
1880 352 842
1880 408 821
1880 322 709
1880 377 514
1880 383 852
1880 219 630
1880 57 861
1880 287 526
1880 334 746
1880 243 536
1880 304 663
1880 432 502
1880 271 497
1880 300 568
1880 263 565
1880 377 514
1900 345 522
1900 397 842
1900 355 832
1900 64 645
1900 402 830
1900 383 495
1900 400 834
1900 389 866
1900 216 636
1900 92 762
1900 288 526
1900 242 535
1900 305 658
1900 351 476
1900 265 503
1900 297 568
1900 422 449
1900 227 726
1900 92 763
1900 304 577
1900 263 568
1900 378 491
1920 156 640
1920 357 833
1920 78 687
1920 404 900
1920 396 548
1920 391 735
1920 384 858
1920 218 634
1920 429 921
1920 105 680
1920 388 736
1920 282 530
1920 242 533
1920 306 663
1920 161 634
1920 399 349
1920 297 439
1920 449 433
1920 264 502
1920 296 605
1920 412 351
1920 79 690
1920 305 588
1920 264 565
1920 392 374
1940 127 524
1940 460 861
1940 387 266
1940 354 834
1940 102 587
1940 402 831
1940 309 671
1940 424 567
1940 379 861
1940 218 627
1940 437 1073
1940 283 532
1940 459 296
1940 343 736
1940 242 535
1940 310 668
1940 37 179
1940 370 293
1940 425 568
1940 262 504
1940 309 668
1940 386 266
1940 354 981
1940 237 432
1940 300 569
1940 15 594
1940 262 565
1940 234 432
1940 127 529
1940 457 296
1940 128 521
1960 389 862
1960 397 224
1960 369 830
1960 121 382
1960 88 499
1960 123 386
1960 423 564
1960 351 825
1960 219 630
1960 428 941
1960 91 405
1960 421 965
1960 286 529
1960 415 241
1960 204 746
1960 352 824
1960 239 539
1960 304 670
1960 319 1062
1960 374 211
1960 172 745
1960 428 552
1960 264 503
1960 299 570
1960 216 477
1960 418 977
1960 300 570
1960 52 509
1960 265 569
1960 367 196
1960 124 390
1960 164 442
1980 449 884
1980 379 130
1980 352 837
1980 399 824
1980 108 275
1980 367 484
1980 400 829
1980 394 844
1980 215 628
1980 249 1150
1980 97 431
1980 178 488
1980 284 530
1980 263 1166
1980 240 537
1980 290 671
1980 264 504
1980 299 560
1980 355 1018
1980 83 763
1980 401 1047
1980 300 568
1980 61 433
1980 265 568
1980 249 1145
1980 330 112
1980 108 467
1980 363 485
