1800 439 828
1800 368 767
1800 394 822
1800 293 1199
1800 77 491
1800 314 818
1800 447 605
1800 392 812
1800 394 823
1800 219 628
1800 31 906
1800 469 634
1800 284 532
1800 284 1131
1800 315 814
1800 239 532
1800 308 664
1800 233 60
1800 448 602
1800 260 502
1800 300 570
1800 262 571
1820 367 841
1820 420 836
1820 277 852
1820 219 628
1820 231 1263
1820 218 1234
1820 36 914
1820 284 529
1820 238 535
1820 301 673
1820 428 526
1820 260 502
1820 352 671
1820 422 385
1820 298 571
1820 261 567
1840 364 842
1840 395 844
1840 397 656
1840 218 629
1840 62 917
1840 417 646
1840 285 528
1840 321 867
1840 240 535
1840 278 668
1840 259 504
1840 366 627
1840 326 869
1840 300 572
1840 260 569
1840 363 498
1860 352 836
1860 404 823
1860 344 503
1860 387 698
1860 218 628
1860 285 530
1860 347 850
1860 240 535
1860 296 674
1860 259 504
1860 352 698
1860 298 588
1860 261 566
1860 317 182
1880 352 846
1880 406 825
1880 377 511
1880 220 630
1880 285 527
1880 332 751
1880 241 537
1880 298 668
1880 432 503
1880 268 495
1880 300 570
1880 260 567
1880 376 515
1900 462 826
1900 354 832
1900 64 644
1900 225 724
1900 401 838
1900 381 494
1900 398 848
1900 216 637
1900 464 834
1900 288 526
1900 241 535
1900 283 673
1900 435 458
1900 261 499
1900 316 663
1900 429 441
1900 92 764
1900 308 590
1900 263 567
1900 382 494
1920 355 839
1920 78 691
1920 404 907
1920 396 546
1920 392 734
1920 219 636
1920 428 922
1920 453 712
1920 282 529
1920 241 533
1920 304 661
1920 157 643
1920 395 360
1920 298 439
1920 433 413
1920 262 503
1920 291 610
1920 408 349
1920 84 694
1920 300 573
1920 266 566
1940 370 294
1940 460 864
1940 392 272
1940 353 844
1940 70 591
1940 402 831
1940 458 859
1940 355 983
1940 219 627
1940 146 501
1940 283 530
1940 460 297
1940 352 731
1940 242 536
1940 291 673
1940 367 296
1940 426 569
1940 264 482
1940 310 667
1940 305 676
1940 408 321
1940 356 982
1940 350 984
1940 300 569
1940 59 586
1940 263 566
1940 127 528
1960 205 745
1960 395 223
1960 369 834
1960 386 855
1960 82 505
1960 121 388
1960 420 569
1960 220 629
1960 427 942
1960 90 405
1960 285 529
1960 424 212
1960 194 751
1960 353 826
1960 241 534
1960 303 670
1960 429 551
1960 263 503
1960 215 476
1960 430 956
1960 299 569
1960 58 508
1960 265 568
1960 366 199
1960 164 442
1960 163 444
1980 452 889
1980 382 137
1980 352 841
1980 399 829
1980 89 428
1980 110 274
1980 372 480
1980 399 823
1980 216 633
1980 92 413
1980 178 486
1980 284 529
1980 239 536
1980 291 668
1980 247 1152
1980 60 231
1980 264 504
1980 355 1023
1980 87 761
1980 396 1050
1980 300 569
1980 61 430
1980 263 569
1980 252 1145
1980 334 107
1980 111 465
1980 373 476
