1800 439 825
1800 368 767
1800 394 818
1800 292 1198
1800 77 489
1800 449 605
1800 392 811
1800 218 627
1800 456 625
1800 284 530
1800 284 1127
1800 316 813
1800 240 531
1800 308 662
1800 235 61
1800 447 604
1800 260 501
1800 300 569
1800 261 570
1820 368 838
1820 420 835
1820 279 856
1820 218 627
1820 226 1251
1820 219 1231
1820 37 908
1820 285 527
1820 238 534
1820 285 671
1820 426 520
1820 260 502
1820 352 671
1820 422 384
1820 298 570
1820 260 566
1840 363 839
1840 394 842
1840 395 656
1840 218 627
1840 58 917
1840 417 646
1840 285 527
1840 321 865
1840 240 534
1840 279 666
1840 259 503
1840 363 617
1840 326 867
1840 299 570
1840 259 569
1840 365 499
1860 353 828
1860 404 819
1860 343 497
1860 387 697
1860 218 626
1860 56 920
1860 285 529
1860 380 704
1860 240 534
1860 306 666
1860 259 503
1860 360 685
1860 299 585
1860 261 565
1860 317 182
1880 353 844
1880 406 822
1880 308 680
1880 377 510
1880 220 628
1880 285 526
1880 333 747
1880 241 536
1880 294 666
1880 433 502
1880 267 494
1880 300 569
1880 260 566
1880 377 513
1900 462 825
1900 355 831
1900 64 643
1900 231 710
1900 402 831
1900 381 493
1900 398 849
1900 215 636
1900 288 526
1900 241 533
1900 281 669
1900 437 385
1900 260 499
1900 315 662
1900 424 446
1900 92 763
1900 308 582
1900 262 566
1900 379 492
1920 355 833
1920 79 691
1920 405 907
1920 396 545
1920 393 733
1920 218 633
1920 431 921
1920 453 708
1920 283 527
1920 240 531
1920 305 659
1920 158 639
1920 396 358
1920 298 439
1920 409 396
1920 261 502
1920 300 571
1920 407 347
1920 79 687
1920 300 572
1920 265 564
1940 379 283
1940 460 863
1940 355 837
1940 70 593
1940 403 829
1940 31 584
1940 218 625
1940 146 499
1940 283 529
1940 457 318
1940 353 728
1940 242 534
1940 289 672
1940 369 293
1940 425 568
1940 262 472
1940 302 595
1940 288 672
1940 356 982
1940 352 979
1940 299 568
1940 28 592
1940 263 564
1940 127 524
1960 197 744
1960 403 221
1960 368 832
1960 391 848
1960 83 503
1960 121 388
1960 421 567
1960 219 628
1960 428 938
1960 90 404
1960 285 528
1960 430 196
1960 194 748
1960 242 533
1960 303 669
1960 310 1048
1960 429 549
1960 263 501
1960 216 476
1960 432 943
1960 299 568
1960 58 506
1960 264 569
1960 367 198
1960 126 396
1960 163 442
1980 450 884
1980 384 126
1980 351 835
1980 399 825
1980 112 251
1980 374 477
1980 399 824
1980 216 630
1980 91 414
1980 284 528
1980 239 533
1980 288 669
1980 248 1151
1980 43 180
1980 263 504
1980 178 486
1980 354 1016
1980 90 759
1980 398 1046
1980 300 568
1980 52 421
1980 263 567
1980 250 1143
1980 334 102
1980 111 463
1980 372 475
