1800 440 827
1800 368 767
1800 395 821
1800 291 1198
1800 77 491
1800 315 817
1800 448 605
1800 391 811
1800 393 820
1800 218 628
1800 31 906
1800 454 610
1800 284 531
1800 285 1130
1800 316 814
1800 239 532
1800 308 663
1800 230 57
1800 448 604
1800 259 501
1800 300 570
1800 262 569
1820 370 839
1820 420 836
1820 278 856
1820 218 627
1820 230 1261
1820 219 1232
1820 35 917
1820 284 529
1820 238 534
1820 292 670
1820 428 524
1820 259 501
1820 352 670
1820 422 385
1820 298 571
1820 260 562
1840 369 841
1840 397 837
1840 397 657
1840 218 628
1840 57 910
1840 416 646
1840 285 528
1840 321 866
1840 240 534
1840 279 668
1840 259 503
1840 366 627
1840 324 868
1840 299 571
1840 260 567
1840 366 499
1860 353 830
1860 404 822
1860 341 499
1860 387 697
1860 218 628
1860 61 924
1860 284 530
1860 346 850
1860 240 535
1860 305 666
1860 259 503
1860 354 696
1860 299 585
1860 262 565
1860 316 181
1880 352 846
1880 406 825
1880 309 675
1880 377 511
1880 219 630
1880 285 527
1880 333 750
1880 241 537
1880 296 665
1880 432 502
1880 267 493
1880 300 569
1880 261 566
1880 376 515
1900 462 827
1900 354 829
1900 64 643
1900 401 837
1900 381 494
1900 399 847
1900 215 637
1900 288 526
1900 240 534
1900 284 673
1900 436 387
1900 261 499
1900 319 671
1900 426 444
1900 91 764
1900 308 583
1900 262 566
1900 382 493
1920 356 838
1920 78 691
1920 404 909
1920 396 545
1920 392 734
1920 218 634
1920 429 920
1920 453 711
1920 283 527
1920 240 532
1920 304 662
1920 158 640
1920 396 355
1920 297 439
1920 421 396
1920 262 502
1920 290 606
1920 408 348
1920 85 695
1920 300 571
1920 265 565
1940 387 267
1940 460 863
1940 392 273
1940 355 844
1940 70 592
1940 402 832
1940 218 626
1940 147 503
1940 283 530
1940 460 291
1940 352 734
1940 241 534
1940 290 673
1940 368 294
1940 426 568
1940 265 482
1940 306 620
1940 293 674
1940 357 982
1940 354 978
1940 299 568
1940 25 591
1940 263 564
1940 127 525
1960 396 217
1960 368 826
1960 391 850
1960 83 506
1960 121 387
1960 420 569
1960 219 629
1960 427 939
1960 90 404
1960 284 529
1960 427 203
1960 195 750
1960 240 534
1960 303 670
1960 430 551
1960 263 502
1960 215 476
1960 424 973
1960 299 569
1960 56 508
1960 264 569
1960 366 199
1960 164 442
1960 163 443
1980 450 888
1980 380 136
1980 352 840
1980 399 827
1980 112 271
1980 376 477
1980 399 826
1980 216 631
1980 91 417
1980 284 529
1980 239 535
1980 290 668
1980 247 1152
1980 37 187
1980 264 504
1980 354 1021
1980 91 759
1980 398 1046
1980 299 567
1980 61 431
1980 263 567
1980 251 1143
1980 331 108
1980 111 464
1980 373 476
