1800 466 636
1800 367 767
1800 395 822
1800 77 488
1800 315 815
1800 447 610
1800 368 767
1800 218 628
1800 192 1329
1800 24 908
1800 441 826
1800 283 532
1800 293 1190
1800 287 1129
1800 314 814
1800 240 529
1800 280 664
1800 230 60
1800 429 611
1800 259 502
1800 299 570
1800 315 813
1800 299 569
1800 258 575
1820 413 642
1820 362 834
1820 424 832
1820 412 645
1820 304 667
1820 218 627
1820 225 1259
1820 225 1256
1820 285 528
1820 364 842
1820 239 533
1820 284 672
1820 420 383
1820 453 637
1820 258 502
1820 340 693
1820 276 852
1820 422 518
1820 298 572
1820 260 565
1840 415 649
1840 377 852
1840 398 827
1840 321 866
1840 415 650
1840 217 629
1840 55 911
1840 285 528
1840 318 865
1840 239 532
1840 277 669
1840 29 191
1840 398 668
1840 259 502
1840 361 613
1840 298 571
1840 259 567
1840 366 291
1840 364 501
1860 316 183
1860 474 523
1860 342 853
1860 402 823
1860 383 700
1860 373 558
1860 385 694
1860 218 627
1860 284 530
1860 342 845
1860 239 534
1860 274 656
1860 475 524
1860 258 504
1860 369 688
1860 295 602
1860 261 565
1860 316 181
1880 469 438
1880 351 844
1880 405 819
1880 328 743
1880 375 515
1880 385 773
1880 218 628
1880 286 526
1880 351 846
1880 240 535
1880 289 648
1880 466 434
1880 271 501
1880 345 517
1880 467 433
1880 298 569
1880 66 536
1880 261 564
1880 376 515
1900 354 835
1900 64 644
1900 401 831
1900 376 495
1900 399 851
1900 215 629
1900 52 789
1900 461 829
1900 288 526
1900 353 838
1900 241 534
1900 296 657
1900 226 722
1900 18 272
1900 433 387
1900 258 499
1900 345 520
1900 431 451
1900 88 764
1900 345 521
1900 261 571
1900 373 488
1920 109 687
1920 367 858
1920 79 692
1920 409 905
1920 33 396
1920 395 547
1920 389 739
1920 364 858
1920 216 630
1920 429 932
1920 156 641
1920 106 683
1920 453 708
1920 281 524
1920 352 829
1920 238 532
1920 294 657
1920 157 637
1920 38 188
1920 397 346
1920 296 439
1920 261 503
1920 288 584
1920 399 346
1920 88 697
1920 290 631
1920 263 562
1920 396 359
1940 402 284
1940 125 524
1940 465 871
1940 356 847
1940 71 598
1940 398 832
1940 45 389
1940 351 736
1940 425 569
1940 351 965
1940 217 625
1940 453 869
1940 458 869
1940 285 529
1940 461 303
1940 345 832
1940 241 538
1940 280 670
1940 406 305
1940 425 570
1940 257 513
1940 297 572
1940 378 846
1940 299 570
1940 21 747
1940 262 558
1940 232 429
1940 357 300
1940 460 292
1940 144 499
1960 366 201
1960 408 234
1960 374 833
1960 216 478
1960 91 503
1960 122 389
1960 425 552
1960 218 630
1960 427 940
1960 90 408
1960 285 529
1960 366 206
1960 365 827
1960 241 540
1960 301 674
1960 162 742
1960 425 552
1960 263 504
1960 302 674
1960 427 942
1960 299 570
1960 28 566
1960 261 570
1960 213 477
1960 335 223
1960 162 443
1980 386 135
1980 375 858
1980 397 828
1980 175 487
1980 69 427
1980 108 280
1980 352 843
1980 353 1015
1980 215 630
1980 258 1159
1980 34 250
1980 452 889
1980 284 529
1980 262 1174
1980 349 847
1980 239 536
1980 279 666
1980 249 1152
1980 49 249
1980 143 727
1980 262 506
1980 353 1016
1980 399 1046
1980 299 566
1980 29 404
1980 262 565
1980 335 124
1980 109 466
1980 363 494
1980 84 411
