1800 469 629
1800 368 768
1800 392 814
1800 298 1151
1800 293 630
1800 201 1324
1800 381 797
1800 219 626
1800 445 833
1800 446 844
1800 29 900
1800 437 823
1800 285 532
1800 289 1116
1800 290 1128
1800 318 810
1800 240 530
1800 78 490
1800 448 603
1800 260 501
1800 303 645
1800 319 813
1800 446 602
1800 287 1121
1800 290 1126
1800 442 828
1800 301 566
1800 260 568
1820 413 647
1820 414 649
1820 380 854
1820 296 606
1820 452 642
1820 370 847
1820 382 855
1820 218 626
1820 446 861
1820 222 1232
1820 425 844
1820 425 836
1820 286 528
1820 418 386
1820 281 853
1820 366 839
1820 238 535
1820 454 670
1820 434 512
1820 260 501
1820 302 655
1820 280 852
1820 425 841
1820 300 570
1820 252 543
1840 422 649
1840 350 833
1840 381 851
1840 286 675
1840 163 1341
1840 361 499
1840 372 850
1840 369 859
1840 218 629
1840 406 860
1840 40 882
1840 387 853
1840 286 527
1840 326 866
1840 241 537
1840 277 686
1840 367 293
1840 259 503
1840 352 726
1840 294 663
1840 420 648
1840 387 851
1840 302 571
1840 260 568
1840 420 645
1840 362 499
1840 11 185
1860 335 202
1860 470 503
1860 399 832
1860 400 831
1860 283 653
1860 374 558
1860 402 818
1860 32 902
1860 219 629
1860 399 834
1860 402 822
1860 287 529
1860 56 954
1860 351 851
1860 241 537
1860 472 491
1860 258 506
1860 287 743
1860 473 503
1860 42 892
1860 355 843
1860 303 567
1860 257 568
1860 338 489
1880 467 438
1880 350 849
1880 66 533
1880 390 854
1880 288 624
1880 379 510
1880 355 849
1880 355 852
1880 219 630
1880 46 866
1880 450 504
1880 288 527
1880 467 435
1880 354 849
1880 242 535
1880 274 667
1880 432 502
1880 273 498
1880 342 502
1880 432 503
1880 399 808
1880 301 569
1880 67 531
1880 260 567
1880 430 505
1880 379 510
1900 465 830
1900 383 867
1900 50 814
1900 233 730
1900 385 860
1900 289 582
1900 268 667
1900 232 736
1900 385 495
1900 216 630
1900 357 840
1900 215 630
1900 465 833
1900 464 827
1900 56 781
1900 464 824
1900 289 526
1900 423 389
1900 355 828
1900 242 536
1900 233 688
1900 277 684
1900 230 692
1900 450 389
1900 341 513
1900 424 457
1900 263 503
1900 279 567
1900 228 716
1900 374 491
1900 91 769
1900 301 558
1900 257 567
1900 344 497
1900 352 475
1920 456 710
1920 357 835
1920 87 697
1920 380 851
1920 282 658
1920 432 427
1920 357 819
1920 361 848
1920 216 631
1920 425 913
1920 429 913
1920 33 750
1920 411 766
1920 283 526
1920 400 346
1920 353 831
1920 158 638
1920 239 534
1920 278 677
1920 177 609
1920 378 368
1920 156 644
1920 297 437
1920 173 605
1920 422 373
1920 264 502
1920 289 580
1920 396 544
1920 108 682
1920 420 915
1920 301 565
1920 258 567
1920 85 695
1920 447 425
1920 263 502
1940 388 267
1940 464 871
1940 389 265
1940 364 859
1940 72 604
1940 400 830
1940 18 390
1940 297 597
1940 461 296
1940 387 758
1940 354 986
1940 218 625
1940 461 879
1940 459 872
1940 459 871
1940 285 528
1940 386 266
1940 352 841
1940 241 537
1940 364 303
1940 390 265
1940 424 567
1940 250 511
1940 307 668
1940 423 570
1940 300 568
1940 17 590
1940 262 556
1940 233 430
1940 5 507
1940 129 522
1940 462 295
1940 129 509
1960 365 178
1960 170 741
1960 398 226
1960 361 850
1960 62 515
1960 383 845
1960 215 476
1960 90 405
1960 90 408
1960 248 726
1960 296 569
1960 77 522
1960 366 829
1960 370 847
1960 222 626
1960 428 942
1960 90 405
1960 171 752
1960 428 943
1960 396 869
1960 287 529
1960 379 234
1960 315 1037
1960 354 827
1960 63 514
1960 259 512
1960 250 729
1960 91 402
1960 249 716
1960 308 1044
1960 80 508
1960 426 548
1960 265 502
1960 300 673
1960 425 553
1960 301 1054
1960 414 973
1960 300 569
1960 11 574
1960 256 567
1960 216 475
1960 367 203
1960 67 520
1960 120 380
1980 456 890
1980 366 115
1980 397 832
1980 177 486
1980 399 827
1980 258 1158
1980 178 485
1980 94 426
1980 290 617
1980 368 486
1980 398 825
1980 215 625
1980 251 1150
1980 92 423
1980 48 270
1980 452 887
1980 451 885
1980 285 529
1980 373 104
1980 262 1165
1980 365 1049
1980 354 828
1980 183 730
1980 240 537
1980 75 431
1980 356 1022
1980 334 127
1980 336 130
1980 74 425
1980 458 828
1980 263 506
1980 300 562
1980 88 756
1980 404 1040
1980 302 566
1980 49 423
1980 258 567
1980 364 500
1980 318 132
1980 369 485
1980 44 273
