1800 368 753
1800 363 761
1800 387 811
1800 281 1127
1800 12 194
1800 316 562
1800 300 1150
1800 367 763
1800 321 816
1800 265 67
1800 249 71
1800 217 625
1800 408 840
1800 72 496
1800 191 1247
1800 441 944
1800 86 844
1800 72 887
1800 282 526
1800 277 1146
1800 268 540
1800 410 981
1800 299 590
1800 360 766
1800 238 522
1800 382 793
1800 37 1289
1800 255 503
1800 312 557
1800 268 563
1800 407 838
1800 314 827
1800 408 972
1800 306 572
1800 259 564
1800 277 101
1800 278 95
1820 428 652
1820 391 686
1820 43 902
1820 381 840
1820 22 178
1820 315 645
1820 349 837
1820 353 680
1820 214 619
1820 411 835
1820 39 905
1820 44 906
1820 443 899
1820 432 518
1820 51 922
1820 282 514
1820 228 1300
1820 301 661
1820 287 859
1820 238 531
1820 221 1228
1820 368 841
1820 225 1277
1820 432 400
1820 258 497
1820 331 642
1820 270 532
1820 431 664
1820 376 865
1820 304 564
1820 10 501
1820 259 550
1840 366 295
1840 390 698
1840 382 854
1840 6 201
1840 330 620
1840 155 1330
1840 337 616
1840 84 455
1840 176 1319
1840 345 843
1840 364 624
1840 215 623
1840 416 696
1840 157 1309
1840 59 854
1840 372 628
1840 58 928
1840 286 525
1840 243 545
1840 291 669
1840 317 880
1840 240 541
1840 355 837
1840 378 288
1840 257 502
1840 320 680
1840 280 540
1840 306 581
1840 20 513
1840 261 572
1860 375 706
1860 361 755
1860 383 859
1860 14 192
1860 327 598
1860 343 496
1860 342 852
1860 355 713
1860 214 622
1860 408 836
1860 61 961
1860 59 877
1860 383 565
1860 74 911
1860 280 527
1860 301 595
1860 365 713
1860 237 532
1860 384 862
1860 59 1090
1860 256 504
1860 323 653
1860 268 575
1860 406 854
1860 330 871
1860 466 751
1860 308 586
1860 263 557
1880 56 527
1880 463 434
1880 367 839
1880 42 850
1880 384 860
1880 308 619
1880 347 524
1880 346 870
1880 307 739
1880 216 625
1880 414 837
1880 71 536
1880 54 812
1880 445 468
1880 41 863
1880 287 520
1880 241 525
1880 399 867
1880 300 611
1880 235 529
1880 385 858
1880 68 525
1880 59 1054
1880 454 459
1880 265 494
1880 321 655
1880 284 526
1880 405 850
1880 378 839
1880 310 585
1880 266 573
1900 455 821
1900 367 843
1900 97 774
1900 383 859
1900 313 634
1900 337 518
1900 340 880
1900 71 1050
1900 363 554
1900 233 721
1900 216 622
1900 412 838
1900 59 1012
1900 460 838
1900 82 690
1900 413 452
1900 290 535
1900 265 556
1900 237 688
1900 297 661
1900 353 493
1900 66 766
1900 240 526
1900 227 715
1900 237 626
1900 355 850
1900 57 1057
1900 430 450
1900 256 497
1900 328 605
1900 271 710
1900 457 826
1900 225 714
1900 460 980
1900 311 589
1900 267 555
1900 379 499
1920 88 697
1920 380 786
1920 369 799
1920 92 695
1920 385 868
1920 37 251
1920 312 581
1920 334 480
1920 158 643
1920 384 26
1920 75 1236
1920 351 853
1920 77 1192
1920 375 558
1920 79 1215
1920 216 629
1920 413 899
1920 437 977
1920 40 748
1920 434 428
1920 286 530
1920 452 123
1920 262 559
1920 392 857
1920 299 628
1920 390 552
1920 93 686
1920 232 536
1920 356 845
1920 454 116
1920 201 620
1920 429 354
1920 258 504
1920 326 536
1920 288 555
1920 415 843
1920 341 853
1920 443 901
1920 313 592
1920 16 512
1920 262 568
1920 296 445
1920 167 615
1940 109 598
1940 369 728
1940 355 294
1940 362 731
1940 69 779
1940 386 865
1940 312 663
1940 410 284
1940 350 858
1940 320 671
1940 213 620
1940 82 597
1940 452 902
1940 469 285
1940 286 519
1940 333 1027
1940 297 637
1940 235 529
1940 360 852
1940 16 181
1940 367 283
1940 129 525
1940 450 380
1940 260 467
1940 313 663
1940 259 718
1940 402 829
1940 325 890
1940 363 987
1940 306 573
1940 19 425
1940 257 563
1940 245 450
1940 102 602
1940 123 531
1940 425 324
1940 127 522
1960 371 26
1960 75 517
1960 83 500
1960 376 210
1960 68 851
1960 214 473
1960 384 825
1960 315 1075
1960 161 435
1960 90 403
1960 218 476
1960 319 655
1960 323 1041
1960 411 229
1960 170 728
1960 341 894
1960 418 246
1960 215 624
1960 411 946
1960 80 526
1960 288 532
1960 428 190
1960 294 1078
1960 332 1065
1960 297 686
1960 239 524
1960 357 858
1960 369 210
1960 285 1090
1960 423 188
1960 134 377
1960 260 506
1960 316 663
1960 262 719
1960 342 874
1960 232 637
1960 415 1009
1960 305 572
1960 30 402
1960 255 572
1960 85 401
1960 350 194
1960 348 51
1960 90 517
1960 453 171
1960 158 441
1980 351 67
1980 476 590
1980 367 117
1980 362 851
1980 76 755
1980 384 860
1980 279 1147
1980 64 423
1980 323 587
1980 256 1157
1980 96 442
1980 360 93
1980 348 854
1980 212 609
1980 407 831
1980 237 1187
1980 444 972
1980 73 738
1980 59 825
1980 285 530
1980 374 155
1980 255 1196
1980 305 1090
1980 390 1189
1980 300 598
1980 138 727
1980 238 535
1980 117 457
1980 252 1248
1980 381 989
1980 45 259
1980 381 1000
1980 80 293
1980 259 512
1980 269 553
1980 456 913
1980 352 838
1980 365 1051
1980 305 577
1980 25 438
1980 262 579
1980 312 122
1980 98 407
1980 347 128
1980 312 115
1980 98 426
1980 374 481
1980 120 339
