1800 408 813
1800 367 768
1800 394 815
1800 294 1192
1800 76 490
1800 316 814
1800 368 768
1800 391 809
1800 217 626
1800 29 905
1800 444 603
1800 284 532
1800 293 1174
1800 316 814
1800 240 531
1800 308 666
1800 231 53
1800 445 604
1800 259 502
1800 307 662
1800 299 572
1800 263 569
1820 451 641
1820 361 830
1820 418 832
1820 427 514
1820 352 667
1820 217 626
1820 228 1264
1820 82 423
1820 221 1236
1820 36 898
1820 453 637
1820 285 530
1820 238 533
1820 299 674
1820 428 514
1820 260 502
1820 354 668
1820 276 852
1820 421 384
1820 298 573
1820 264 564
1840 355 824
1840 392 844
1840 80 459
1840 315 864
1840 393 656
1840 218 629
1840 51 902
1840 415 651
1840 286 528
1840 240 533
1840 278 669
1840 367 290
1840 259 502
1840 363 618
1840 316 855
1840 299 573
1840 262 564
1840 366 499
1860 353 826
1860 402 823
1860 344 844
1860 386 696
1860 217 625
1860 33 889
1860 285 530
1860 358 679
1860 240 536
1860 309 670
1860 258 504
1860 300 569
1860 263 563
1860 314 180
1880 353 845
1880 407 824
1880 351 847
1880 432 504
1880 278 87
1880 218 628
1880 48 856
1880 286 528
1880 334 743
1880 241 536
1880 295 652
1880 347 514
1880 431 502
1880 269 496
1880 305 667
1880 300 571
1880 262 563
1880 378 512
1900 463 822
1900 355 834
1900 63 647
1900 233 687
1900 403 825
1900 363 483
1900 355 835
1900 215 637
1900 463 828
1900 88 762
1900 288 526
1900 241 534
1900 287 661
1900 349 473
1900 459 480
1900 260 498
1900 296 569
1900 425 438
1900 90 764
1900 300 570
1900 264 566
1900 351 473
1920 449 711
1920 356 826
1920 79 693
1920 408 903
1920 392 733
1920 377 858
1920 217 630
1920 427 924
1920 104 682
1920 429 929
1920 405 688
1920 282 527
1920 441 445
1920 241 535
1920 301 655
1920 176 606
1920 401 345
1920 296 439
1920 397 543
1920 263 502
1920 311 641
1920 395 373
1920 95 690
1920 300 571
1920 265 562
1920 446 435
1940 388 268
1940 147 505
1940 460 866
1940 351 820
1940 69 601
1940 403 829
1940 346 735
1940 370 856
1940 218 626
1940 283 531
1940 463 291
1940 299 578
1940 243 540
1940 310 671
1940 370 293
1940 425 568
1940 262 474
1940 309 666
1940 309 671
1940 401 266
1940 353 980
1940 234 430
1940 299 571
1940 263 558
1940 232 429
1960 195 743
1960 366 829
1960 88 510
1960 121 388
1960 353 825
1960 218 629
1960 426 943
1960 90 405
1960 428 947
1960 286 529
1960 415 238
1960 197 747
1960 240 529
1960 304 672
1960 318 1062
1960 40 181
1960 366 180
1960 173 732
1960 426 551
1960 263 502
1960 300 588
1960 215 478
1960 424 960
1960 299 570
1960 59 506
1960 264 568
1960 364 178
1960 159 438
1980 448 885
1980 392 142
1980 351 836
1980 399 829
1980 266 1164
1980 111 248
1980 368 478
1980 400 828
1980 213 633
1980 251 1148
1980 69 424
1980 450 888
1980 284 530
1980 240 535
1980 285 668
1980 248 1151
1980 81 261
1980 263 505
1980 299 571
1980 352 1009
1980 83 759
1980 396 1043
1980 299 568
1980 50 425
1980 264 566
1980 249 1148
1980 327 110
1980 101 466
1980 361 487
1980 30 369
