1800 441 825
1800 368 767
1800 397 819
1800 291 1197
1800 77 494
1800 316 814
1800 447 606
1800 392 812
1800 218 627
1800 29 905
1800 469 642
1800 284 532
1800 284 1129
1800 316 813
1800 240 531
1800 307 666
1800 232 54
1800 446 603
1800 260 501
1800 299 571
1800 262 569
1820 367 838
1820 421 837
1820 278 854
1820 351 669
1820 218 626
1820 227 1265
1820 84 420
1820 219 1234
1820 277 847
1820 37 910
1820 453 638
1820 285 530
1820 238 534
1820 283 669
1820 427 518
1820 260 501
1820 352 669
1820 422 384
1820 298 570
1820 261 566
1840 356 838
1840 398 844
1840 396 657
1840 218 628
1840 59 911
1840 416 646
1840 285 528
1840 320 865
1840 240 534
1840 279 666
1840 259 502
1840 364 619
1840 330 867
1840 299 571
1840 261 568
1840 364 497
1860 351 838
1860 404 827
1860 373 558
1860 388 699
1860 217 627
1860 285 530
1860 352 830
1860 240 534
1860 308 667
1860 259 504
1860 369 683
1860 299 587
1860 262 567
1860 317 184
1880 352 844
1880 406 826
1880 67 531
1880 320 677
1880 377 511
1880 219 629
1880 50 864
1880 285 527
1880 332 750
1880 241 536
1880 297 662
1880 432 503
1880 268 494
1880 300 569
1880 261 565
1880 376 515
1900 462 828
1900 354 832
1900 65 642
1900 226 719
1900 403 833
1900 383 494
1900 402 834
1900 215 634
1900 288 525
1900 241 533
1900 283 660
1900 261 498
1900 312 671
1900 430 446
1900 92 762
1900 308 585
1900 262 569
1900 383 496
1920 355 834
1920 78 686
1920 408 908
1920 396 547
1920 393 734
1920 217 632
1920 430 921
1920 453 708
1920 282 527
1920 240 532
1920 301 657
1920 158 639
1920 398 353
1920 298 438
1920 415 386
1920 262 502
1920 282 614
1920 411 351
1920 82 691
1920 298 575
1920 265 564
1940 387 267
1940 463 864
1940 353 840
1940 70 591
1940 402 832
1940 101 582
1940 218 626
1940 147 502
1940 282 532
1940 463 292
1940 351 730
1940 241 535
1940 293 675
1940 370 294
1940 425 568
1940 260 472
1940 305 587
1940 298 715
1940 394 277
1940 357 980
1940 299 568
1940 37 594
1940 263 564
1960 394 221
1960 370 836
1960 387 856
1960 85 504
1960 122 387
1960 422 567
1960 218 629
1960 427 943
1960 90 404
1960 285 530
1960 429 204
1960 200 745
1960 353 824
1960 239 538
1960 304 670
1960 308 1048
1960 432 552
1960 263 503
1960 217 478
1960 430 950
1960 299 568
1960 62 504
1960 264 568
1960 367 199
1960 129 402
1960 163 442
1980 455 892
1980 385 131
1980 351 836
1980 399 828
1980 109 278
1980 367 482
1980 399 823
1980 215 631
1980 249 1148
1980 91 412
1980 178 485
1980 283 529
1980 239 534
1980 289 668
1980 248 1150
1980 338 103
1980 263 504
1980 177 487
1980 353 1021
1980 90 760
1980 400 1042
1980 299 568
1980 67 425
1980 263 568
1980 248 1144
1980 331 111
1980 111 462
1980 372 476
