1800 440 824
1800 369 767
1800 393 815
1800 296 1199
1800 77 489
1800 446 604
1800 393 816
1800 395 822
1800 218 627
1800 29 902
1800 469 634
1800 284 532
1800 284 1125
1800 316 813
1800 240 530
1800 307 665
1800 233 62
1800 446 603
1800 260 501
1800 304 617
1800 300 570
1800 263 569
1820 421 834
1820 368 840
1820 420 837
1820 278 855
1820 352 670
1820 218 626
1820 229 1261
1820 223 1237
1820 278 848
1820 38 907
1820 452 638
1820 285 529
1820 239 533
1820 304 671
1820 428 519
1820 260 501
1820 352 669
1820 422 384
1820 298 569
1820 263 565
1840 366 845
1840 395 850
1840 394 656
1840 218 629
1840 60 911
1840 416 646
1840 285 528
1840 320 863
1840 241 532
1840 279 666
1840 259 501
1840 364 614
1840 330 871
1840 299 570
1840 262 565
1840 364 497
1860 353 826
1860 405 818
1860 373 557
1860 388 697
1860 218 627
1860 285 529
1860 351 828
1860 241 533
1860 308 668
1860 259 504
1860 365 690
1860 302 588
1860 263 564
1860 316 180
1880 352 843
1880 406 823
1880 67 531
1880 308 723
1880 377 510
1880 220 628
1880 286 526
1880 331 748
1880 241 535
1880 299 662
1880 432 502
1880 268 494
1880 300 675
1880 300 568
1880 263 563
1880 377 512
1900 463 824
1900 354 831
1900 64 643
1900 230 707
1900 403 826
1900 382 495
1900 355 836
1900 216 632
1900 93 761
1900 288 525
1900 241 533
1900 282 666
1900 439 451
1900 260 497
1900 296 563
1900 433 444
1900 92 762
1900 308 582
1900 264 565
1900 380 497
1920 354 831
1920 78 690
1920 402 909
1920 396 545
1920 392 735
1920 218 631
1920 428 918
1920 105 680
1920 453 707
1920 282 526
1920 240 530
1920 304 659
1920 158 639
1920 401 343
1920 298 437
1920 454 427
1920 262 502
1920 286 616
1920 411 350
1920 97 688
1920 300 571
1920 266 561
1940 374 294
1940 145 496
1940 462 862
1940 387 268
1940 356 828
1940 70 591
1940 402 828
1940 101 584
1940 218 625
1940 147 501
1940 284 530
1940 462 292
1940 331 745
1940 242 534
1940 309 670
1940 369 292
1940 425 568
1940 263 476
1940 311 667
1940 296 720
1940 394 273
1940 356 979
1940 299 567
1940 19 596
1940 264 561
1940 233 429
1940 127 526
1960 387 216
1960 368 829
1960 88 637
1960 253 720
1960 391 851
1960 87 507
1960 121 386
1960 421 564
1960 219 629
1960 428 939
1960 90 403
1960 285 529
1960 427 212
1960 195 747
1960 241 538
1960 304 669
1960 314 1045
1960 428 553
1960 263 502
1960 216 477
1960 427 947
1960 299 568
1960 61 510
1960 263 567
1960 368 200
1960 121 388
1960 162 442
1980 461 899
1980 385 125
1980 351 832
1980 399 823
1980 111 270
1980 373 475
1980 399 821
1980 216 628
1980 246 1152
1980 90 412
1980 284 528
1980 240 533
1980 288 667
1980 247 1151
1980 42 182
1980 263 504
1980 354 1023
1980 86 769
1980 400 1046
1980 299 567
1980 66 427
1980 264 566
1980 248 1149
1980 331 105
1980 109 464
1980 370 477
