1800 440 825
1800 368 767
1800 395 817
1800 292 1198
1800 77 491
1800 315 814
1800 447 605
1800 389 809
1800 394 821
1800 217 625
1800 29 903
1800 445 608
1800 283 532
1800 283 1130
1800 316 813
1800 239 529
1800 308 664
1800 231 53
1800 446 602
1800 259 501
1800 306 663
1800 299 570
1800 260 571
1820 420 834
1820 358 837
1820 420 834
1820 276 849
1820 424 516
1820 217 625
1820 229 1271
1820 84 421
1820 218 1235
1820 38 905
1820 284 529
1820 237 534
1820 298 673
1820 427 518
1820 259 501
1820 350 670
1820 421 383
1820 298 569
1820 260 565
1840 371 293
1840 357 839
1840 396 836
1840 394 656
1840 217 626
1840 58 914
1840 415 646
1840 284 528
1840 320 865
1840 239 531
1840 278 668
1840 258 501
1840 362 619
1840 329 871
1840 298 570
1840 260 567
1840 365 498
1860 353 827
1860 404 819
1860 373 558
1860 387 697
1860 217 625
1860 61 930
1860 284 529
1860 347 838
1860 239 532
1860 307 667
1860 258 503
1860 365 686
1860 297 583
1860 261 566
1860 316 180
1880 352 843
1880 406 826
1880 66 529
1880 376 512
1880 218 627
1880 58 860
1880 284 526
1880 332 752
1880 240 534
1880 291 660
1880 432 502
1880 268 495
1880 299 568
1880 260 565
1880 376 515
1900 463 822
1900 354 828
1900 64 642
1900 231 708
1900 403 825
1900 380 495
1900 356 838
1900 389 869
1900 215 631
1900 93 760
1900 478 744
1900 287 525
1900 240 532
1900 282 664
1900 434 384
1900 261 500
1900 317 673
1900 426 442
1900 91 765
1900 306 584
1900 262 568
1900 346 479
1900 381 496
1920 354 828
1920 78 687
1920 408 906
1920 396 545
1920 390 734
1920 385 862
1920 217 631
1920 428 921
1920 105 681
1920 281 527
1920 239 530
1920 300 658
1920 157 638
1920 397 352
1920 297 438
1920 404 396
1920 261 502
1920 285 585
1920 407 352
1920 83 696
1920 299 573
1920 264 565
1940 372 293
1940 130 503
1940 461 862
1940 354 835
1940 70 592
1940 402 830
1940 71 588
1940 450 859
1940 218 625
1940 146 498
1940 282 530
1940 452 328
1940 340 741
1940 239 533
1940 308 671
1940 367 292
1940 424 567
1940 258 505
1940 299 577
1940 298 685
1940 416 321
1940 379 868
1940 298 567
1940 19 601
1940 262 563
1940 233 429
1940 126 526
1960 204 743
1960 395 223
1960 370 834
1960 84 506
1960 120 385
1960 421 563
1960 219 627
1960 427 944
1960 89 402
1960 284 530
1960 420 210
1960 187 748
1960 353 824
1960 237 539
1960 303 671
1960 307 1053
1960 429 552
1960 262 501
1960 215 477
1960 422 980
1960 298 568
1960 56 506
1960 262 568
1960 262 501
1960 366 200
1960 121 392
1960 162 443
1980 449 885
1980 378 133
1980 351 836
1980 398 824
1980 69 427
1980 108 272
1980 372 475
1980 399 821
1980 215 626
1980 87 406
1980 177 487
1980 283 529
1980 238 533
1980 286 667
1980 247 1150
1980 49 258
1980 262 503
1980 355 1025
1980 88 762
1980 399 1046
1980 298 566
1980 67 428
1980 262 566
1980 246 1149
1980 327 115
1980 108 467
1980 369 477
1980 86 410
