1800 233 58
1800 471 639
1800 367 767
1800 391 816
1800 76 488
1800 314 814
1800 446 602
1800 234 66
1800 368 766
1800 216 626
1800 469 920
1800 32 916
1800 438 820
1800 285 528
1800 289 1175
1800 282 1129
1800 315 813
1800 315 813
1800 240 529
1800 279 660
1800 285 1117
1800 448 607
1800 258 501
1800 306 658
1800 415 910
1800 410 827
1800 299 567
1800 259 576
1820 428 517
1820 379 841
1820 382 834
1820 278 852
1820 408 634
1820 216 623
1820 220 1231
1820 220 1234
1820 30 895
1820 285 527
1820 239 534
1820 278 668
1820 431 396
1820 428 515
1820 259 501
1820 303 665
1820 426 520
1820 381 832
1820 297 569
1820 54 423
1820 258 564
1840 414 651
1840 381 848
1840 390 860
1840 321 863
1840 414 649
1840 372 851
1840 217 628
1840 285 526
1840 314 870
1840 238 533
1840 277 668
1840 32 186
1840 389 345
1840 258 501
1840 354 741
1840 366 500
1840 310 1025
1840 381 863
1840 396 844
1840 298 568
1840 259 570
1840 390 328
1860 315 182
1860 473 517
1860 381 854
1860 400 820
1860 373 558
1860 315 181
1860 386 699
1860 215 624
1860 465 761
1860 285 529
1860 347 851
1860 239 537
1860 279 654
1860 341 494
1860 314 182
1860 258 502
1860 309 673
1860 295 580
1860 260 564
1860 315 182
1880 468 435
1880 381 852
1880 405 823
1880 306 669
1880 376 512
1880 330 750
1880 217 627
1880 285 522
1880 309 671
1880 332 750
1880 241 536
1880 279 660
1880 434 500
1880 346 516
1880 430 499
1880 265 493
1880 302 670
1880 377 510
1880 389 867
1880 299 568
1880 52 544
1880 262 564
1880 470 436
1900 472 823
1900 385 864
1900 62 644
1900 394 837
1900 378 494
1900 388 862
1900 213 631
1900 467 828
1900 461 824
1900 287 525
1900 453 404
1900 352 831
1900 240 537
1900 278 671
1900 225 723
1900 430 456
1900 348 474
1900 475 743
1900 260 497
1900 302 649
1900 375 493
1900 88 762
1900 296 566
1900 263 569
1900 422 436
1900 439 462
1920 154 638
1920 454 707
1920 374 857
1920 78 691
1920 395 892
1920 174 605
1920 396 541
1920 385 738
1920 215 628
1920 426 918
1920 41 251
1920 105 679
1920 455 706
1920 281 523
1920 384 741
1920 238 534
1920 294 661
1920 177 606
1920 382 383
1920 295 439
1920 463 438
1920 263 503
1920 299 660
1920 368 862
1920 77 687
1920 407 903
1920 295 578
1920 263 564
1920 406 344
1940 354 289
1940 140 505
1940 471 875
1940 385 266
1940 380 858
1940 100 588
1940 403 826
1940 101 584
1940 48 260
1940 307 672
1940 384 771
1940 358 979
1940 216 623
1940 459 869
1940 457 865
1940 283 530
1940 462 292
1940 307 670
1940 342 738
1940 239 533
1940 277 665
1940 101 586
1940 407 340
1940 424 566
1940 261 474
1940 308 667
1940 349 836
1940 358 979
1940 231 427
1940 363 945
1940 298 568
1940 10 592
1940 262 561
1940 231 427
1940 361 296
1940 127 523
1940 463 291
1940 141 495
1960 345 211
1960 414 238
1960 385 858
1960 163 442
1960 385 855
1960 215 473
1960 95 430
1960 121 388
1960 425 550
1960 374 183
1960 350 828
1960 215 628
1960 425 937
1960 89 406
1960 286 528
1960 414 245
1960 178 745
1960 346 834
1960 212 475
1960 277 672
1960 270 600
1960 298 1063
1960 312 1077
1960 374 248
1960 367 204
1960 424 550
1960 263 502
1960 299 674
1960 418 986
1960 215 477
1960 298 568
1960 45 564
1960 264 570
1960 263 502
1960 434 195
1960 367 203
1960 90 407
1960 159 442
1980 9 600
1980 418 190
1980 385 847
1980 397 828
1980 174 487
1980 109 283
1980 373 481
1980 323 135
1980 349 834
1980 355 1019
1980 212 627
1980 244 1151
1980 41 307
1980 454 886
1980 285 528
1980 249 1153
1980 346 845
1980 237 538
1980 278 663
1980 245 1151
1980 60 263
1980 161 734
1980 262 504
1980 297 562
1980 365 485
1980 354 1034
1980 84 752
1980 400 1043
1980 299 563
1980 60 430
1980 264 566
1980 311 124
1980 69 426
