1800 440 827
1800 368 767
1800 394 822
1800 295 1197
1800 77 490
1800 315 816
1800 447 604
1800 392 810
1800 393 816
1800 219 628
1800 31 907
1800 459 628
1800 284 531
1800 285 1125
1800 316 813
1800 240 532
1800 308 663
1800 232 59
1800 447 604
1800 260 502
1800 300 570
1800 262 571
1820 369 839
1820 421 835
1820 279 860
1820 219 627
1820 230 1261
1820 219 1232
1820 35 911
1820 285 529
1820 238 535
1820 302 672
1820 428 524
1820 260 502
1820 353 671
1820 422 385
1820 298 571
1820 260 566
1840 371 850
1840 398 835
1840 402 655
1840 218 628
1840 62 919
1840 417 645
1840 286 528
1840 322 866
1840 240 534
1840 279 667
1840 259 503
1840 364 621
1840 326 870
1840 299 572
1840 260 569
1840 363 497
1860 353 835
1860 405 818
1860 374 556
1860 387 696
1860 218 628
1860 61 927
1860 285 530
1860 348 849
1860 240 535
1860 303 668
1860 259 504
1860 361 690
1860 301 600
1860 261 565
1860 317 182
1880 352 844
1880 406 822
1880 377 511
1880 220 630
1880 285 527
1880 337 805
1880 241 536
1880 300 669
1880 433 502
1880 268 494
1880 300 570
1880 260 567
1880 376 515
1900 462 824
1900 355 832
1900 64 644
1900 401 835
1900 382 493
1900 398 847
1900 216 638
1900 288 527
1900 241 535
1900 290 674
1900 433 442
1900 261 499
1900 431 444
1900 92 764
1900 309 597
1900 263 567
1900 382 493
1920 355 838
1920 78 691
1920 406 907
1920 396 547
1920 393 734
1920 219 636
1920 430 920
1920 453 710
1920 282 529
1920 241 532
1920 305 661
1920 158 642
1920 396 357
1920 298 439
1920 425 398
1920 262 503
1920 294 615
1920 411 351
1920 81 691
1920 299 577
1920 266 567
1940 371 294
1940 460 865
1940 393 274
1940 356 840
1940 70 592
1940 403 831
1940 354 983
1940 219 627
1940 146 499
1940 284 530
1940 460 293
1940 352 730
1940 243 535
1940 292 673
1940 368 294
1940 426 568
1940 264 478
1940 310 665
1940 307 672
1940 359 979
1940 356 986
1940 300 569
1940 61 584
1940 264 565
1940 127 526
1960 200 747
1960 405 228
1960 368 830
1960 388 855
1960 83 503
1960 121 388
1960 420 567
1960 219 629
1960 427 939
1960 90 404
1960 284 530
1960 433 193
1960 199 747
1960 354 827
1960 242 534
1960 303 670
1960 429 551
1960 263 502
1960 218 476
1960 431 945
1960 299 569
1960 61 507
1960 265 568
1960 367 200
1960 164 442
1960 163 444
1980 450 886
1980 380 127
1980 352 836
1980 399 826
1980 112 266
1980 375 478
1980 399 825
1980 217 631
1980 93 418
1980 177 486
1980 283 529
1980 239 535
1980 292 666
1980 247 1151
1980 264 504
1980 355 1023
1980 90 761
1980 397 1048
1980 300 571
1980 64 429
1980 263 568
1980 252 1144
1980 337 108
1980 110 464
1980 373 476
