1800 467 636
1800 368 768
1800 398 827
1800 76 488
1800 313 815
1800 446 610
1800 234 74
1800 385 796
1800 219 627
1800 443 830
1800 193 1325
1800 39 923
1800 442 831
1800 284 531
1800 292 1204
1800 293 1149
1800 316 815
1800 241 531
1800 286 673
1800 445 612
1800 260 501
1800 308 658
1800 396 827
1800 300 570
1800 262 572
1820 412 640
1820 378 841
1820 421 831
1820 277 851
1820 414 641
1820 354 682
1820 218 625
1820 422 833
1820 222 1250
1820 84 420
1820 224 1255
1820 453 638
1820 286 529
1820 355 671
1820 240 537
1820 299 675
1820 422 386
1820 453 640
1820 260 503
1820 307 666
1820 426 519
1820 298 575
1820 262 567
1820 83 420
1840 373 300
1840 415 650
1840 371 832
1840 387 860
1840 365 501
1840 394 656
1840 376 857
1840 218 629
1840 401 842
1840 60 917
1840 287 527
1840 320 866
1840 240 536
1840 282 675
1840 29 187
1840 375 283
1840 417 648
1840 260 502
1840 317 673
1840 333 841
1840 299 572
1840 263 565
1840 368 290
1840 81 459
1840 367 501
1860 470 515
1860 356 826
1860 395 846
1860 373 560
1860 388 703
1860 219 628
1860 286 528
1860 355 697
1860 239 539
1860 280 662
1860 342 499
1860 316 186
1860 474 516
1860 259 504
1860 309 666
1860 352 828
1860 308 607
1860 265 565
1860 77 459
1880 290 94
1880 431 504
1880 352 847
1880 64 530
1880 292 676
1880 400 831
1880 310 742
1880 374 523
1880 280 88
1880 220 628
1880 53 867
1880 289 525
1880 328 758
1880 243 537
1880 281 661
1880 468 439
1880 271 499
1880 314 558
1880 431 505
1880 352 849
1880 298 572
1880 266 565
1880 377 516
1900 355 836
1900 31 741
1900 399 851
1900 379 497
1900 355 827
1900 217 631
1900 463 828
1900 462 832
1900 463 826
1900 289 526
1900 434 460
1900 241 538
1900 282 655
1900 230 723
1900 432 386
1900 346 476
1900 448 448
1900 263 505
1900 290 572
1900 380 499
1900 90 766
1900 305 576
1900 266 566
1900 374 493
1920 156 640
1920 411 627
1920 353 839
1920 393 902
1920 433 432
1920 388 737
1920 354 834
1920 218 635
1920 426 918
1920 104 684
1920 429 932
1920 455 709
1920 284 529
1920 240 536
1920 305 662
1920 177 604
1920 403 345
1920 297 442
1920 162 649
1920 263 505
1920 301 663
1920 357 851
1920 82 689
1920 416 920
1920 298 628
1920 15 499
1920 273 617
1920 396 545
1940 388 268
1940 127 524
1940 468 876
1940 356 839
1940 101 591
1940 285 713
1940 396 839
1940 463 311
1940 393 836
1940 360 982
1940 219 627
1940 459 868
1940 32 276
1940 456 871
1940 61 879
1940 459 867
1940 286 529
1940 413 341
1940 281 677
1940 344 742
1940 243 535
1940 284 674
1940 411 352
1940 424 571
1940 263 502
1940 308 643
1940 389 271
1940 362 974
1940 232 430
1940 361 977
1940 299 572
1940 20 612
1940 266 566
1940 233 430
1940 354 300
1940 464 301
1940 146 507
1960 78 502
1960 440 571
1960 413 62
1960 388 852
1960 388 862
1960 215 475
1960 75 501
1960 426 549
1960 222 627
1960 429 943
1960 90 407
1960 429 944
1960 286 531
1960 415 241
1960 311 1080
1960 235 535
1960 280 676
1960 310 1081
1960 366 205
1960 165 737
1960 426 551
1960 264 503
1960 302 671
1960 390 847
1960 430 946
1960 299 571
1960 46 539
1960 264 569
1960 271 513
1960 357 218
1960 89 407
1960 431 552
1960 161 443
1980 303 122
1980 351 837
1980 396 834
1980 80 288
1980 363 492
1980 398 830
1980 356 1019
1980 217 624
1980 451 888
1980 251 1153
1980 80 412
1980 175 489
1980 451 887
1980 286 530
1980 273 1172
1980 261 1171
1980 239 539
1980 287 674
1980 363 1056
1980 159 722
1980 263 506
1980 303 589
1980 364 493
1980 353 1023
1980 86 755
1980 401 1043
1980 298 586
1980 62 438
1980 266 567
1980 249 1151
1980 309 124
1980 108 465
1980 364 495
1980 177 490
