1800 442 826
1800 368 766
1800 397 809
1800 294 1192
1800 77 485
1800 315 813
1800 448 604
1800 401 814
1800 420 811
1800 220 626
1800 196 1331
1800 32 908
1800 470 632
1800 286 529
1800 293 1135
1800 317 812
1800 243 530
1800 308 663
1800 230 56
1800 447 607
1800 260 500
1800 296 578
1800 301 569
1800 267 567
1820 420 835
1820 377 839
1820 421 833
1820 428 515
1820 219 625
1820 454 640
1820 228 1253
1820 222 1231
1820 277 850
1820 39 895
1820 453 640
1820 287 526
1820 240 534
1820 306 669
1820 430 517
1820 261 500
1820 354 671
1820 428 519
1820 299 571
1820 266 565
1840 372 290
1840 354 839
1840 394 846
1840 82 458
1840 320 867
1840 371 498
1840 416 648
1840 219 627
1840 59 911
1840 417 649
1840 287 525
1840 241 533
1840 282 669
1840 260 501
1840 367 622
1840 300 569
1840 264 563
1840 370 499
1860 354 825
1860 405 818
1860 77 458
1860 375 556
1860 387 690
1860 219 624
1860 59 915
1860 287 526
1860 366 683
1860 242 533
1860 309 669
1860 260 502
1860 332 671
1860 304 580
1860 264 564
1860 315 180
1880 354 839
1880 407 825
1880 379 511
1880 350 829
1880 221 629
1880 54 867
1880 289 524
1880 333 747
1880 242 535
1880 303 662
1880 348 514
1880 433 503
1880 271 495
1880 333 751
1880 433 503
1880 301 567
1880 66 528
1880 266 564
1880 379 511
1900 228 717
1900 462 824
1900 356 833
1900 65 642
1900 401 831
1900 383 496
1900 402 828
1900 388 867
1900 219 632
1900 92 758
1900 289 524
1900 243 535
1900 301 663
1900 349 473
1900 264 501
1900 355 835
1900 310 665
1900 432 445
1900 93 759
1900 310 594
1900 268 565
1900 354 474
1920 159 640
1920 454 704
1920 358 833
1920 80 687
1920 406 898
1920 177 606
1920 397 545
1920 392 733
1920 218 629
1920 429 920
1920 106 678
1920 455 707
1920 285 527
1920 243 535
1920 305 659
1920 177 606
1920 403 341
1920 299 437
1920 443 436
1920 264 503
1920 360 836
1920 307 661
1920 405 349
1920 96 684
1920 417 915
1920 300 581
1920 268 563
1940 361 306
1940 149 504
1940 459 868
1940 353 823
1940 101 587
1940 278 668
1940 400 834
1940 35 376
1940 422 571
1940 373 306
1940 403 831
1940 371 957
1940 220 626
1940 454 873
1940 287 527
1940 461 294
1940 342 737
1940 246 542
1940 309 670
1940 388 267
1940 461 292
1940 426 568
1940 265 469
1940 354 834
1940 309 667
1940 386 855
1940 355 984
1940 300 567
1940 27 591
1940 266 564
1940 365 308
1940 447 330
1940 148 500
1960 384 856
1960 89 498
1960 123 383
1960 427 555
1960 222 626
1960 429 939
1960 288 527
1960 415 231
1960 186 748
1960 239 534
1960 306 670
1960 305 1058
1960 38 178
1960 434 192
1960 164 740
1960 427 551
1960 265 502
1960 305 670
1960 216 476
1960 433 945
1960 300 568
1960 47 550
1960 268 562
1960 314 1077
1960 368 178
1960 91 407
1960 164 439
1980 450 884
1980 352 830
1980 400 826
1980 269 1168
1980 71 420
1980 109 279
1980 372 473
1980 400 825
1980 217 627
1980 451 888
1980 252 1150
1980 89 310
1980 286 527
1980 241 535
1980 297 663
1980 43 178
1980 332 124
1980 265 503
1980 368 483
1980 357 1032
1980 87 757
1980 399 1047
1980 301 565
1980 69 432
1980 266 564
1980 333 145
1980 372 474
