1800 443 829
1800 367 768
1800 398 827
1800 294 1196
1800 76 487
1800 315 815
1800 368 769
1800 390 811
1800 217 627
1800 445 838
1800 292 1200
1800 194 1321
1800 29 901
1800 467 633
1800 283 532
1800 284 1124
1800 314 814
1800 238 530
1800 277 661
1800 307 665
1800 232 53
1800 444 605
1800 259 501
1800 395 827
1800 299 571
1800 257 575
1820 420 838
1820 373 829
1820 419 831
1820 276 850
1820 414 635
1820 413 637
1820 380 850
1820 216 626
1820 226 1266
1820 274 851
1820 453 634
1820 283 529
1820 237 535
1820 304 669
1820 430 515
1820 259 502
1820 351 670
1820 273 848
1820 426 518
1820 298 573
1820 257 569
1840 416 650
1840 354 839
1840 394 841
1840 81 458
1840 359 618
1840 394 656
1840 354 845
1840 217 627
1840 56 910
1840 414 649
1840 283 528
1840 239 533
1840 279 677
1840 365 290
1840 258 501
1840 330 690
1840 327 880
1840 298 572
1840 258 569
1840 367 499
1860 352 827
1860 283 670
1860 402 820
1860 75 458
1860 373 559
1860 382 690
1860 216 627
1860 27 910
1860 281 532
1860 354 695
1860 239 536
1860 306 668
1860 258 503
1860 307 671
1860 294 575
1860 259 569
1860 317 182
1880 350 837
1880 405 823
1880 332 750
1880 375 516
1880 381 783
1880 217 628
1880 46 864
1880 283 527
1880 329 749
1880 240 536
1880 262 567
1880 301 662
1880 431 503
1880 261 523
1880 347 515
1880 432 504
1880 298 570
1880 262 566
1880 376 515
1900 399 840
1900 353 833
1900 63 645
1900 275 670
1900 401 827
1900 432 451
1900 353 832
1900 388 876
1900 213 633
1900 464 830
1900 88 763
1900 286 527
1900 430 385
1900 239 534
1900 231 680
1900 297 663
1900 226 728
1900 437 453
1900 476 738
1900 259 498
1900 305 663
1900 374 492
1900 90 766
1900 294 572
1900 259 572
1900 350 475
1920 355 833
1920 78 692
1920 407 897
1920 396 547
1920 386 736
1920 379 862
1920 215 629
1920 432 926
1920 92 691
1920 455 707
1920 278 526
1920 351 831
1920 238 534
1920 292 665
1920 302 662
1920 158 638
1920 402 344
1920 294 440
1920 431 425
1920 262 502
1920 292 596
1920 398 353
1920 78 691
1920 395 886
1920 294 575
1920 265 570
1920 431 421
1940 126 525
1940 459 868
1940 370 293
1940 350 825
1940 69 599
1940 272 672
1940 401 832
1940 457 868
1940 360 974
1940 216 624
1940 442 1096
1940 279 532
1940 394 282
1940 310 665
1940 238 534
1940 309 668
1940 36 176
1940 387 267
1940 425 568
1940 239 535
1940 311 578
1940 388 848
1940 352 960
1940 298 569
1940 260 566
1940 145 499
1960 162 745
1960 385 869
1960 349 210
1960 364 826
1960 401 856
1960 89 501
1960 120 386
1960 427 552
1960 387 867
1960 215 630
1960 429 944
1960 164 427
1960 284 531
1960 406 235
1960 296 1071
1960 236 532
1960 302 671
1960 218 629
1960 306 1057
1960 47 261
1960 426 553
1960 263 502
1960 302 670
1960 299 569
1960 51 510
1960 262 569
1960 366 180
1960 89 408
1960 162 441
1980 450 885
1980 377 115
1980 351 836
1980 398 827
1980 253 1159
1980 81 423
1980 108 282
1980 211 627
1980 452 890
1980 248 1153
1980 80 285
1980 177 485
1980 281 531
1980 256 1159
1980 235 537
1980 282 678
1980 44 260
1980 262 504
1980 371 486
1980 354 1032
1980 401 1046
1980 299 567
1980 41 409
1980 263 569
1980 244 1152
1980 316 122
1980 101 465
1980 361 490
1980 49 259
