1800 441 825
1800 368 766
1800 396 822
1800 294 1193
1800 77 489
1800 315 814
1800 448 605
1800 393 813
1800 393 813
1800 217 626
1800 30 901
1800 471 632
1800 285 531
1800 286 1117
1800 317 812
1800 239 530
1800 308 663
1800 448 605
1800 260 501
1800 291 582
1800 300 570
1800 265 570
1820 419 834
1820 358 831
1820 420 833
1820 450 635
1820 218 626
1820 227 1254
1820 220 1231
1820 278 845
1820 37 893
1820 453 638
1820 285 528
1820 239 533
1820 305 667
1820 427 516
1820 260 501
1820 353 667
1820 421 382
1820 298 570
1820 261 560
1840 371 849
1840 395 841
1840 81 457
1840 397 657
1840 217 626
1840 57 914
1840 416 648
1840 286 527
1840 320 863
1840 240 531
1840 279 666
1840 259 502
1840 364 621
1840 325 865
1840 299 570
1840 261 566
1860 352 826
1860 403 821
1860 77 458
1860 374 558
1860 384 690
1860 217 623
1860 56 919
1860 285 529
1860 352 827
1860 240 533
1860 301 620
1860 260 503
1860 360 686
1860 300 577
1860 261 562
1860 315 180
1880 352 843
1880 406 821
1880 327 737
1880 378 510
1880 218 626
1880 48 861
1880 286 527
1880 353 845
1880 241 534
1880 300 648
1880 433 504
1880 267 493
1880 307 590
1880 300 568
1880 262 564
1900 462 821
1900 354 832
1900 63 644
1900 234 688
1900 401 834
1900 383 495
1900 400 831
1900 388 857
1900 216 631
1900 91 760
1900 288 525
1900 240 533
1900 299 656
1900 431 387
1900 262 499
1900 304 606
1900 432 386
1900 226 711
1900 92 762
1900 302 566
1900 264 564
1900 382 494
1920 394 542
1920 355 828
1920 78 687
1920 408 897
1920 397 547
1920 392 734
1920 379 862
1920 216 629
1920 426 920
1920 105 679
1920 454 706
1920 282 526
1920 388 735
1920 240 531
1920 309 642
1920 178 607
1920 400 342
1920 298 438
1920 409 379
1920 263 502
1920 286 617
1920 405 345
1920 77 685
1920 296 580
1920 263 562
1940 374 294
1940 131 507
1940 464 860
1940 353 833
1940 99 590
1940 402 830
1940 423 566
1940 460 863
1940 217 624
1940 147 500
1940 285 528
1940 463 292
1940 348 731
1940 241 534
1940 309 669
1940 368 293
1940 263 472
1940 305 665
1940 392 271
1940 364 859
1940 238 433
1940 353 982
1940 300 568
1940 262 563
1940 147 501
1940 463 289
1940 146 498
1960 366 199
1960 367 824
1960 248 722
1960 86 501
1960 121 385
1960 427 551
1960 219 628
1960 427 938
1960 90 403
1960 164 437
1960 286 529
1960 432 194
1960 200 742
1960 299 1064
1960 359 832
1960 265 502
1960 299 568
1960 321 1054
1960 49 182
1960 429 551
1960 263 502
1960 302 568
1960 256 719
1960 218 475
1960 420 952
1960 300 568
1960 58 506
1960 265 566
1960 366 200
1960 123 389
1960 162 439
1980 449 883
1980 384 112
1980 350 834
1980 399 824
1980 112 253
1980 369 480
1980 400 822
1980 215 625
1980 248 1148
1980 88 416
1980 284 528
1980 255 1159
1980 352 825
1980 239 534
1980 288 642
1980 264 503
1980 356 1010
1980 88 756
1980 399 1046
1980 300 567
1980 68 430
1980 264 566
1980 249 1148
1980 326 97
1980 108 466
1980 372 475
