1800 440 826
1800 368 767
1800 395 820
1800 290 1198
1800 77 491
1800 315 817
1800 449 604
1800 392 813
1800 393 818
1800 218 627
1800 449 604
1800 284 531
1800 285 1128
1800 316 813
1800 240 532
1800 308 663
1800 230 58
1800 448 603
1800 260 501
1800 300 570
1800 262 570
1820 371 839
1820 420 835
1820 279 856
1820 218 627
1820 231 1262
1820 219 1232
1820 36 919
1820 284 528
1820 238 534
1820 298 671
1820 428 523
1820 259 501
1820 352 670
1820 422 384
1820 298 570
1820 261 563
1840 370 841
1840 397 837
1840 396 656
1840 218 627
1840 58 912
1840 417 645
1840 285 528
1840 321 865
1840 240 534
1840 279 667
1840 259 503
1840 366 628
1840 326 869
1840 299 571
1840 260 567
1840 367 499
1860 352 828
1860 404 823
1860 345 504
1860 387 696
1860 218 627
1860 285 529
1860 346 850
1860 240 535
1860 306 666
1860 259 503
1860 355 693
1860 299 582
1860 262 564
1860 316 181
1880 352 846
1880 406 823
1880 310 675
1880 377 510
1880 219 629
1880 285 527
1880 333 750
1880 241 537
1880 298 664
1880 433 502
1880 267 493
1880 300 569
1880 261 565
1880 377 513
1900 462 828
1900 354 828
1900 64 642
1900 402 837
1900 381 493
1900 401 840
1900 215 635
1900 288 525
1900 241 534
1900 289 675
1900 433 389
1900 261 498
1900 317 669
1900 426 442
1900 91 762
1900 309 583
1900 263 565
1900 382 494
1920 356 835
1920 79 690
1920 404 909
1920 396 544
1920 392 732
1920 218 633
1920 429 920
1920 453 709
1920 282 527
1920 241 532
1920 303 661
1920 159 638
1920 397 354
1920 298 439
1920 430 406
1920 262 501
1920 287 606
1920 405 345
1920 84 692
1920 300 571
1920 265 565
1940 382 284
1940 461 859
1940 386 267
1940 355 845
1940 70 590
1940 402 831
1940 40 407
1940 219 626
1940 147 502
1940 283 529
1940 460 292
1940 353 731
1940 242 534
1940 291 672
1940 369 294
1940 426 568
1940 265 479
1940 307 609
1940 293 674
1940 357 981
1940 299 568
1940 24 593
1940 264 564
1940 128 524
1960 390 217
1960 368 826
1960 391 850
1960 83 508
1960 121 386
1960 420 571
1960 219 628
1960 427 939
1960 90 404
1960 285 529
1960 426 205
1960 196 749
1960 240 533
1960 303 670
1960 431 550
1960 263 502
1960 216 476
1960 431 958
1960 299 568
1960 59 507
1960 264 568
1960 365 198
1960 165 441
1960 163 443
1980 451 887
1980 383 137
1980 353 841
1980 399 825
1980 112 270
1980 375 478
1980 399 821
1980 217 630
1980 92 415
1980 284 528
1980 239 534
1980 291 667
1980 247 1151
1980 264 503
1980 353 1021
1980 89 759
1980 398 1045
1980 299 567
1980 57 425
1980 263 566
1980 251 1142
1980 331 109
1980 111 464
1980 373 476
