1800 390 810
1800 392 828
1800 285 1115
1800 297 575
1800 466 625
1800 243 56
1800 369 764
1800 415 817
1800 257 72
1800 221 629
1800 443 830
1800 286 1120
1800 36 923
1800 437 607
1800 286 530
1800 298 1179
1800 289 1123
1800 241 530
1800 318 813
1800 261 500
1800 308 656
1800 301 570
1800 264 571
1820 454 647
1820 380 833
1820 392 826
1820 298 592
1820 457 640
1820 371 845
1820 219 628
1820 423 834
1820 413 637
1820 286 528
1820 240 1311
1820 241 533
1820 279 855
1820 229 1265
1820 431 511
1820 261 500
1820 306 664
1820 273 849
1820 299 579
1820 260 561
1840 420 648
1840 392 832
1840 384 860
1840 294 580
1840 172 1357
1840 414 645
1840 353 830
1840 379 856
1840 220 631
1840 396 831
1840 64 922
1840 417 648
1840 288 525
1840 323 860
1840 241 535
1840 319 853
1840 364 294
1840 260 500
1840 302 661
1840 300 571
1840 263 564
1840 369 499
1860 403 825
1860 289 610
1860 373 558
1860 348 847
1860 221 629
1860 55 909
1860 288 527
1860 346 844
1860 241 537
1860 471 517
1860 260 503
1860 307 664
1860 476 522
1860 300 571
1860 263 563
1860 319 186
1880 404 819
1880 400 826
1880 294 578
1880 378 511
1880 352 842
1880 222 631
1880 65 530
1880 48 853
1880 469 434
1880 291 525
1880 331 772
1880 240 534
1880 305 663
1880 431 500
1880 271 498
1880 306 663
1880 468 436
1880 301 570
1880 264 561
1880 378 511
1900 474 823
1900 387 832
1900 390 842
1900 288 574
1900 431 383
1900 354 826
1900 220 630
1900 399 831
1900 65 644
1900 59 795
1900 478 747
1900 289 526
1900 433 383
1900 353 824
1900 241 536
1900 434 417
1900 263 503
1900 307 656
1900 432 383
1900 91 768
1900 300 565
1900 267 566
1900 354 473
1920 439 907
1920 371 850
1920 106 680
1920 396 838
1920 287 609
1920 413 353
1920 353 826
1920 418 907
1920 221 638
1920 408 896
1920 38 750
1920 451 713
1920 282 523
1920 403 338
1920 361 821
1920 240 536
1920 396 365
1920 174 603
1920 438 425
1920 263 502
1920 303 659
1920 404 344
1920 419 920
1920 301 567
1920 14 496
1920 266 552
1920 437 439
1940 464 872
1940 412 344
1940 365 852
1940 402 824
1940 146 502
1940 300 568
1940 348 819
1940 365 971
1940 220 628
1940 71 597
1940 422 561
1940 289 526
1940 392 267
1940 241 538
1940 311 665
1940 343 834
1940 359 315
1940 449 340
1940 260 481
1940 312 664
1940 467 290
1940 388 967
1940 300 569
1940 18 596
1940 265 561
1940 387 267
1940 145 495
1940 467 291
1940 145 496
1960 122 383
1960 431 185
1960 395 839
1960 391 856
1960 310 1059
1960 151 562
1960 92 404
1960 207 746
1960 300 561
1960 349 827
1960 404 869
1960 219 631
1960 427 942
1960 70 541
1960 117 393
1960 449 563
1960 288 528
1960 434 188
1960 302 1076
1960 242 710
1960 365 827
1960 235 525
1960 377 222
1960 432 200
1960 332 202
1960 424 549
1960 266 500
1960 303 671
1960 413 995
1960 300 570
1960 43 566
1960 266 566
1960 218 475
1960 333 203
1960 122 383
1980 122 460
1980 477 922
1980 389 843
1980 398 826
1980 157 522
1980 70 424
1980 293 591
1980 328 139
1980 354 828
1980 356 1028
1980 216 629
1980 396 827
1980 249 1148
1980 286 529
1980 253 1174
1980 265 1172
1980 359 1173
1980 161 717
1980 239 537
1980 48 232
1980 351 1043
1980 47 255
1980 347 106
1980 264 504
1980 314 656
1980 399 1039
1980 301 567
1980 47 446
1980 268 557
1980 330 140
1980 363 488
1980 120 455
