1800 468 628
1800 392 813
1800 393 824
1800 77 489
1800 307 664
1800 368 768
1800 218 628
1800 445 842
1800 36 914
1800 440 829
1800 284 531
1800 288 1145
1800 286 1116
1800 316 816
1800 240 531
1800 238 72
1800 444 610
1800 258 500
1800 305 657
1800 389 819
1800 300 570
1800 261 573
1800 77 490
1820 412 646
1820 369 835
1820 371 842
1820 305 670
1820 413 645
1820 410 644
1820 217 626
1820 229 1256
1820 219 1230
1820 422 836
1820 284 528
1820 278 856
1820 239 535
1820 421 384
1820 452 642
1820 259 502
1820 305 660
1820 427 522
1820 298 573
1820 258 562
1820 85 422
1840 373 300
1840 412 666
1840 381 854
1840 382 857
1840 80 458
1840 289 668
1840 163 1343
1840 392 659
1840 392 659
1840 218 631
1840 59 924
1840 379 858
1840 285 528
1840 322 868
1840 240 533
1840 416 653
1840 259 503
1840 314 671
1840 364 500
1840 326 871
1840 338 894
1840 298 572
1840 71 452
1840 259 568
1840 81 457
1840 366 502
1860 327 202
1860 476 516
1860 394 850
1860 396 858
1860 279 620
1860 373 560
1860 383 700
1860 218 627
1860 285 529
1860 240 538
1860 259 504
1860 309 673
1860 296 606
1860 257 564
1860 324 196
1860 78 463
1880 465 441
1880 353 848
1880 405 830
1880 292 591
1880 378 516
1880 219 631
1880 70 742
1880 285 530
1880 331 751
1880 240 535
1880 467 436
1880 272 500
1880 329 665
1880 379 517
1880 334 750
1880 298 573
1880 60 532
1880 262 564
1880 377 519
1900 386 867
1900 65 647
1900 400 836
1900 292 693
1900 433 454
1900 354 840
1900 217 631
1900 463 828
1900 287 527
1900 240 535
1900 228 700
1900 432 387
1900 464 567
1900 264 507
1900 380 736
1900 376 495
1900 92 765
1900 319 599
1900 52 647
1900 259 574
1900 377 496
1920 159 649
1920 452 706
1920 360 841
1920 81 689
1920 382 869
1920 33 297
1920 307 662
1920 399 544
1920 386 741
1920 217 630
1920 429 927
1920 435 916
1920 280 530
1920 239 535
1920 175 609
1920 384 389
1920 296 439
1920 158 636
1920 426 450
1920 262 504
1920 297 656
1920 396 545
1920 397 757
1920 105 680
1920 407 908
1920 292 619
1920 13 497
1920 263 571
1940 358 326
1940 133 513
1940 474 884
1940 365 865
1940 100 587
1940 400 827
1940 309 672
1940 398 761
1940 358 984
1940 217 627
1940 35 288
1940 446 1066
1940 455 872
1940 283 531
1940 393 277
1940 363 981
1940 334 755
1940 242 538
1940 377 300
1940 423 570
1940 258 511
1940 304 675
1940 356 851
1940 362 992
1940 299 570
1940 23 608
1940 259 565
1940 231 429
1940 352 310
1940 461 297
1940 148 507
1960 375 218
1960 165 743
1960 368 847
1960 167 445
1960 391 857
1960 89 496
1960 293 624
1960 436 557
1960 365 829
1960 218 630
1960 427 941
1960 92 407
1960 424 927
1960 286 530
1960 394 219
1960 298 1073
1960 167 735
1960 236 538
1960 300 1069
1960 44 262
1960 164 739
1960 426 551
1960 263 504
1960 301 673
1960 431 555
1960 351 846
1960 432 947
1960 300 570
1960 41 535
1960 264 568
1960 214 477
1960 367 201
1960 93 409
1960 165 441
1980 465 912
1980 355 845
1980 397 832
1980 177 488
1980 88 410
1980 287 641
1980 398 830
1980 352 1021
1980 217 622
1980 247 1153
1980 91 418
1980 452 890
1980 452 895
1980 285 529
1980 257 1177
1980 258 1172
1980 237 539
1980 47 257
1980 263 506
1980 363 493
1980 355 1028
1980 398 1049
1980 300 569
1980 264 567
1980 246 1153
1980 336 126
1980 108 464
1980 371 475
1980 94 407
