1800 440 827
1800 368 768
1800 394 821
1800 291 1197
1800 77 491
1800 315 818
1800 449 605
1800 392 814
1800 392 815
1800 218 627
1800 456 614
1800 284 531
1800 285 1125
1800 316 814
1800 240 532
1800 308 664
1800 230 57
1800 448 604
1800 259 502
1800 300 570
1800 262 570
1820 370 839
1820 420 836
1820 278 856
1820 218 627
1820 230 1260
1820 219 1231
1820 36 918
1820 284 529
1820 238 534
1820 300 672
1820 429 524
1820 259 502
1820 352 671
1820 422 384
1820 298 571
1820 260 562
1840 371 843
1840 397 836
1840 398 657
1840 218 628
1840 60 912
1840 417 645
1840 285 528
1840 321 866
1840 240 535
1840 279 667
1840 259 503
1840 366 627
1840 325 869
1840 299 571
1840 260 568
1840 366 499
1860 352 829
1860 404 822
1860 344 503
1860 387 696
1860 217 627
1860 285 530
1860 346 850
1860 240 535
1860 306 666
1860 258 503
1860 357 692
1860 300 582
1860 262 565
1860 316 181
1880 352 846
1880 406 825
1880 377 511
1880 219 629
1880 285 527
1880 333 750
1880 241 537
1880 300 665
1880 433 503
1880 267 493
1880 300 569
1880 261 566
1880 377 515
1900 462 826
1900 354 829
1900 64 643
1900 402 838
1900 382 493
1900 402 840
1900 215 636
1900 288 526
1900 241 534
1900 288 675
1900 427 412
1900 261 499
1900 319 669
1900 428 443
1900 92 763
1900 309 584
1900 263 566
1900 383 494
1920 356 836
1920 79 691
1920 406 908
1920 396 545
1920 392 734
1920 218 633
1920 429 920
1920 453 710
1920 282 527
1920 241 532
1920 304 662
1920 159 639
1920 397 354
1920 298 439
1920 430 407
1920 262 502
1920 295 611
1920 407 352
1920 84 694
1920 300 571
1920 265 566
1940 388 268
1940 461 861
1940 390 270
1940 355 844
1940 70 591
1940 402 832
1940 31 566
1940 218 626
1940 147 502
1940 283 530
1940 463 291
1940 353 729
1940 242 534
1940 290 673
1940 367 294
1940 426 568
1940 265 479
1940 308 613
1940 290 672
1940 356 982
1940 352 973
1940 299 569
1940 31 590
1940 264 564
1940 128 525
1960 390 218
1960 369 828
1960 387 858
1960 84 507
1960 121 387
1960 420 569
1960 219 628
1960 427 938
1960 90 405
1960 285 529
1960 431 195
1960 195 750
1960 240 534
1960 303 670
1960 430 551
1960 263 502
1960 216 477
1960 427 967
1960 299 569
1960 59 507
1960 264 569
1960 366 199
1960 162 443
1960 163 443
1980 451 887
1980 382 133
1980 353 840
1980 399 826
1980 113 271
1980 375 477
1980 399 822
1980 216 631
1980 91 419
1980 178 487
1980 284 529
1980 239 535
1980 291 668
1980 248 1151
1980 39 193
1980 264 504
1980 353 1021
1980 90 759
1980 399 1045
1980 299 567
1980 60 429
1980 263 567
1980 251 1143
1980 332 107
1980 112 464
1980 374 477
