1800 440 824
1800 392 810
1800 396 826
1800 294 1197
1800 76 488
1800 367 768
1800 393 826
1800 218 627
1800 292 1152
1800 29 907
1800 430 609
1800 283 531
1800 283 1127
1800 315 815
1800 239 531
1800 308 662
1800 230 59
1800 444 608
1800 259 501
1800 300 569
1800 262 569
1820 421 837
1820 378 840
1820 420 834
1820 426 518
1820 380 846
1820 218 626
1820 225 1247
1820 223 1251
1820 275 856
1820 36 898
1820 453 636
1820 286 527
1820 238 534
1820 305 669
1820 428 520
1820 259 501
1820 351 671
1820 420 385
1820 299 572
1820 260 562
1820 425 396
1840 368 297
1840 413 652
1840 367 847
1840 387 858
1840 317 868
1840 364 499
1840 414 650
1840 218 627
1840 55 911
1840 402 662
1840 286 525
1840 240 533
1840 277 668
1840 258 502
1840 361 638
1840 325 869
1840 299 569
1840 261 567
1840 364 498
1860 471 508
1860 345 849
1860 403 824
1860 342 495
1860 386 696
1860 387 859
1860 217 626
1860 53 918
1860 284 529
1860 381 692
1860 240 535
1860 306 668
1860 258 504
1860 308 670
1860 295 583
1860 261 565
1860 342 496
1880 352 840
1880 405 829
1880 376 517
1880 219 629
1880 47 864
1880 285 527
1880 332 747
1880 240 534
1880 295 664
1880 459 372
1880 432 503
1880 268 494
1880 348 507
1880 403 820
1880 299 568
1880 65 533
1880 261 564
1880 455 314
1880 376 515
1900 461 825
1900 353 833
1900 63 648
1900 399 836
1900 375 492
1900 355 832
1900 387 864
1900 217 635
1900 87 760
1900 287 526
1900 355 842
1900 240 537
1900 280 671
1900 259 499
1900 305 666
1900 423 449
1900 91 766
1900 296 573
1900 262 569
1900 352 476
1920 355 836
1920 409 895
1920 396 549
1920 390 737
1920 383 863
1920 217 628
1920 429 922
1920 282 526
1920 239 534
1920 299 661
1920 157 641
1920 400 346
1920 296 438
1920 411 349
1920 262 503
1920 289 602
1920 397 363
1920 80 693
1920 381 864
1920 299 571
1920 263 569
1920 398 397
1940 458 864
1940 419 331
1940 353 845
1940 99 588
1940 403 832
1940 421 572
1940 425 798
1940 383 862
1940 219 626
1940 282 530
1940 449 312
1940 349 731
1940 242 534
1940 309 669
1940 387 269
1940 403 317
1940 424 569
1940 255 512
1940 306 644
1940 394 277
1940 301 1041
1940 365 970
1940 256 486
1940 359 982
1940 299 569
1940 262 561
1940 417 314
1940 144 493
1960 387 860
1960 404 261
1960 395 849
1960 83 497
1960 121 386
1960 424 560
1960 366 201
1960 388 865
1960 217 630
1960 427 944
1960 431 553
1960 286 528
1960 413 239
1960 237 533
1960 303 670
1960 366 202
1960 335 113
1960 167 744
1960 423 557
1960 263 502
1960 297 568
1960 299 568
1960 55 510
1960 263 569
1960 380 252
1960 340 216
1960 162 439
1980 449 885
1980 383 125
1980 398 828
1980 261 1167
1980 108 280
1980 359 489
1980 337 132
1980 399 826
1980 392 849
1980 344 129
1980 214 627
1980 261 1161
1980 84 330
1980 283 528
1980 351 829
1980 239 536
1980 289 671
1980 246 1150
1980 56 251
1980 325 133
1980 263 505
1980 358 1030
1980 382 1051
1980 300 566
1980 34 409
1980 263 566
1980 335 131
1980 246 1149
1980 360 489
1980 328 122
1980 360 490
