1800 440 826
1800 368 767
1800 394 819
1800 292 1197
1800 77 490
1800 315 816
1800 447 605
1800 392 813
1800 217 627
1800 29 907
1800 470 633
1800 284 531
1800 283 1124
1800 316 813
1800 239 531
1800 308 662
1800 231 55
1800 446 602
1800 259 501
1800 295 596
1800 299 571
1800 260 570
1820 370 837
1820 420 836
1820 277 854
1820 218 627
1820 229 1265
1820 219 1231
1820 37 911
1820 453 637
1820 284 529
1820 237 533
1820 282 670
1820 426 519
1820 259 501
1820 351 668
1820 422 384
1820 298 570
1820 261 562
1840 367 842
1840 397 840
1840 403 661
1840 217 627
1840 57 911
1840 416 646
1840 284 528
1840 319 864
1840 239 533
1840 278 665
1840 259 501
1840 364 615
1840 333 865
1840 298 571
1840 259 568
1840 363 496
1860 352 826
1860 403 824
1860 373 554
1860 387 697
1860 216 626
1860 284 529
1860 351 827
1860 239 534
1860 308 666
1860 258 502
1860 364 685
1860 297 587
1860 261 565
1860 316 182
1880 351 843
1880 405 826
1880 66 528
1880 316 674
1880 377 511
1880 218 628
1880 49 852
1880 284 526
1880 331 749
1880 241 534
1880 291 664
1880 432 502
1880 267 492
1880 305 732
1880 300 567
1880 260 565
1880 376 513
1900 462 825
1900 354 830
1900 64 641
1900 229 704
1900 402 832
1900 383 493
1900 404 826
1900 215 634
1900 287 525
1900 240 533
1900 284 660
1900 442 462
1900 260 497
1900 431 427
1900 91 761
1900 309 584
1900 262 566
1900 378 492
1920 355 836
1920 78 687
1920 407 905
1920 396 544
1920 389 732
1920 216 631
1920 429 921
1920 453 710
1920 281 525
1920 240 531
1920 301 651
1920 158 636
1920 399 345
1920 297 438
1920 433 410
1920 262 502
1920 294 609
1920 409 349
1920 80 690
1920 298 572
1920 265 560
1940 387 267
1940 462 863
1940 349 843
1940 69 592
1940 402 827
1940 104 567
1940 401 827
1940 217 625
1940 146 499
1940 282 530
1940 462 289
1940 353 728
1940 242 533
1940 287 672
1940 367 292
1940 425 567
1940 260 471
1940 305 575
1940 301 687
1940 395 276
1940 355 977
1940 299 567
1940 263 563
1940 127 523
1960 394 221
1960 369 835
1960 388 858
1960 85 503
1960 120 384
1960 421 564
1960 217 628
1960 427 944
1960 90 401
1960 285 529
1960 435 191
1960 194 744
1960 239 535
1960 303 669
1960 312 1044
1960 427 552
1960 262 501
1960 217 475
1960 428 950
1960 299 568
1960 61 506
1960 263 568
1960 368 180
1960 160 446
1960 162 442
1980 450 887
1980 352 838
1980 398 825
1980 112 269
1980 368 478
1980 399 824
1980 214 629
1980 245 1152
1980 91 409
1980 177 484
1980 283 529
1980 239 534
1980 287 667
1980 246 1151
1980 39 179
1980 263 503
1980 177 486
1980 352 1014
1980 89 760
1980 399 1042
1980 299 567
1980 64 429
1980 262 567
1980 246 1144
1980 332 110
1980 110 464
1980 367 477
