1800 469 632
1800 392 814
1800 391 819
1800 76 485
1800 307 661
1800 446 607
1800 367 769
1800 217 627
1800 426 821
1800 31 890
1800 441 828
1800 284 531
1800 295 1193
1800 286 1121
1800 314 814
1800 240 530
1800 458 635
1800 259 501
1800 307 660
1800 467 944
1800 300 569
1800 262 572
1800 76 487
1820 412 641
1820 381 837
1820 378 837
1820 301 671
1820 413 646
1820 412 642
1820 216 624
1820 425 841
1820 219 1235
1820 221 1238
1820 453 638
1820 285 528
1820 238 534
1820 432 398
1820 431 516
1820 259 502
1820 308 664
1820 275 853
1820 430 509
1820 298 573
1820 261 565
1840 413 651
1840 372 836
1840 384 857
1840 81 457
1840 280 673
1840 414 651
1840 393 659
1840 217 627
1840 390 856
1840 51 889
1840 285 527
1840 315 871
1840 240 534
1840 26 174
1840 259 502
1840 311 669
1840 366 498
1840 298 570
1840 262 566
1840 363 501
1860 397 836
1860 76 456
1860 305 668
1860 373 559
1860 326 195
1860 386 704
1860 217 625
1860 54 919
1860 285 528
1860 366 721
1860 42 907
1860 239 535
1860 258 503
1860 305 669
1860 305 597
1860 262 565
1860 341 497
1880 431 502
1880 379 850
1880 399 823
1880 27 380
1880 295 668
1880 378 513
1880 365 761
1880 217 626
1880 45 863
1880 287 523
1880 292 633
1880 332 750
1880 241 535
1880 430 502
1880 268 495
1880 311 563
1880 431 501
1880 299 569
1880 263 565
1880 432 509
1900 463 744
1900 387 866
1900 54 786
1900 387 861
1900 294 674
1900 434 454
1900 355 841
1900 215 628
1900 461 827
1900 54 786
1900 463 827
1900 288 525
1900 240 536
1900 231 709
1900 431 387
1900 427 456
1900 261 501
1900 305 601
1900 380 497
1900 88 760
1900 298 566
1900 263 569
1900 353 477
1920 151 637
1920 463 664
1920 375 859
1920 79 691
1920 173 615
1920 378 859
1920 298 655
1920 396 544
1920 389 744
1920 379 861
1920 216 627
1920 424 935
1920 79 688
1920 453 708
1920 279 525
1920 351 824
1920 236 535
1920 161 629
1920 385 381
1920 296 438
1920 437 441
1920 262 502
1920 303 666
1920 94 687
1920 411 930
1920 292 583
1920 18 612
1920 262 568
1920 439 455
1920 41 251
1940 387 268
1940 149 512
1940 470 876
1940 382 864
1940 399 830
1940 292 677
1940 391 779
1940 352 982
1940 216 625
1940 39 280
1940 464 873
1940 284 529
1940 392 272
1940 285 727
1940 353 733
1940 241 538
1940 386 268
1940 262 480
1940 310 667
1940 350 832
1940 369 964
1940 298 569
1940 261 564
1940 232 429
1940 391 269
1940 126 526
1940 456 311
1940 134 504
1960 432 194
1960 389 841
1960 170 741
1960 386 860
1960 213 476
1960 89 490
1960 181 731
1960 302 673
1960 425 550
1960 370 818
1960 217 629
1960 427 953
1960 90 404
1960 427 950
1960 285 529
1960 406 230
1960 189 744
1960 184 740
1960 363 822
1960 239 541
1960 87 495
1960 264 711
1960 39 179
1960 333 218
1960 174 742
1960 425 550
1960 263 503
1960 298 673
1960 425 547
1960 422 990
1960 300 569
1960 52 519
1960 264 568
1960 430 188
1960 367 202
1960 92 408
1960 123 385
1980 470 926
1980 357 96
1980 386 850
1980 396 830
1980 95 409
1980 30 243
1980 287 672
1980 215 626
1980 450 888
1980 258 1160
1980 92 407
1980 451 890
1980 456 897
1980 284 529
1980 361 112
1980 258 1173
1980 237 537
1980 63 162
1980 263 504
1980 303 573
1980 365 489
1980 250 1152
1980 81 758
1980 449 884
1980 299 568
1980 37 416
1980 264 566
1980 83 408
1980 335 131
1980 110 462
1980 364 493
1980 99 410
