1800 452 843
1800 431 818
1800 391 816
1800 299 1189
1800 296 655
1800 449 611
1800 369 763
1800 398 822
1800 217 630
1800 444 834
1800 464 924
1800 433 819
1800 284 532
1800 313 1150
1800 298 1139
1800 241 534
1800 414 826
1800 236 57
1800 449 608
1800 255 509
1800 299 568
1800 308 828
1800 467 631
1800 466 1098
1800 300 570
1800 16 736
1800 262 572
1820 411 652
1820 356 679
1820 369 839
1820 295 671
1820 220 1244
1820 429 520
1820 369 834
1820 217 628
1820 438 867
1820 283 532
1820 446 560
1820 238 1317
1820 239 536
1820 224 1267
1820 434 398
1820 257 506
1820 305 580
1820 364 842
1820 352 672
1820 277 862
1820 297 576
1820 262 575
1840 412 655
1840 379 303
1840 389 661
1840 370 857
1840 278 676
1840 361 504
1840 360 838
1840 357 836
1840 217 628
1840 66 893
1840 287 527
1840 219 633
1840 241 537
1840 189 1377
1840 17 204
1840 255 509
1840 300 596
1840 313 884
1840 421 647
1840 297 572
1840 21 790
1840 264 569
1840 420 621
1860 385 699
1860 370 691
1860 383 698
1860 308 672
1860 340 500
1860 358 826
1860 216 627
1860 464 876
1860 78 919
1860 287 529
1860 349 1176
1860 240 538
1860 256 507
1860 307 664
1860 346 846
1860 369 694
1860 304 580
1860 21 749
1860 266 567
1880 464 442
1880 461 445
1880 66 535
1880 354 848
1880 301 642
1880 347 518
1880 350 852
1880 352 839
1880 218 629
1880 50 850
1880 466 435
1880 289 527
1880 438 513
1880 243 541
1880 461 447
1880 269 501
1880 345 522
1880 333 749
1880 462 446
1880 334 615
1880 23 780
1880 269 571
1880 429 518
1900 473 733
1900 439 396
1900 63 650
1900 373 810
1900 298 655
1900 349 493
1900 353 835
1900 218 631
1900 460 828
1900 63 646
1900 467 979
1900 57 781
1900 455 829
1900 290 526
1900 427 456
1900 344 1170
1900 233 698
1900 241 536
1900 431 399
1900 434 387
1900 255 501
1900 329 591
1900 349 836
1900 476 413
1900 462 1221
1900 324 570
1900 16 645
1900 267 566
1900 375 494
1920 105 687
1920 416 784
1920 411 349
1920 419 547
1920 80 695
1920 161 630
1920 378 837
1920 32 334
1920 298 639
1920 382 368
1920 357 827
1920 220 639
1920 418 906
1920 79 699
1920 447 919
1920 432 673
1920 288 530
1920 392 369
1920 157 644
1920 239 539
1920 405 868
1920 406 358
1920 446 418
1920 264 506
1920 314 571
1920 465 408
1920 464 1046
1920 330 486
1920 12 508
1920 270 562
1920 296 442
1920 447 420
1940 449 876
1940 357 294
1940 399 805
1940 103 597
1940 390 786
1940 34 310
1940 291 676
1940 440 332
1940 349 831
1940 381 882
1940 217 627
1940 454 877
1940 463 882
1940 469 859
1940 288 527
1940 389 267
1940 358 1094
1940 240 539
1940 366 857
1940 31 234
1940 424 324
1940 430 338
1940 434 344
1940 264 484
1940 304 567
1940 347 744
1940 410 849
1940 275 665
1940 380 952
1940 297 572
1940 11 590
1940 263 569
1940 230 430
1940 348 291
1940 128 526
1940 452 324
1940 143 499
1960 369 199
1960 421 571
1960 96 617
1960 153 456
1960 372 814
1960 92 405
1960 295 687
1960 362 836
1960 367 836
1960 215 627
1960 417 959
1960 13 571
1960 427 956
1960 460 593
1960 286 532
1960 385 215
1960 277 1258
1960 352 1169
1960 218 628
1960 238 528
1960 390 988
1960 25 255
1960 356 201
1960 429 189
1960 363 205
1960 174 733
1960 262 506
1960 295 567
1960 448 977
1960 299 570
1960 19 584
1960 264 571
1960 357 210
1960 372 201
1960 82 501
1960 163 439
1980 342 111
1980 461 894
1980 363 123
1980 449 880
1980 37 829
1980 123 378
1980 378 863
1980 253 1158
1980 62 428
1980 302 619
1980 278 1160
1980 363 493
1980 350 845
1980 351 1039
1980 208 618
1980 384 939
1980 451 888
1980 81 761
1980 451 885
1980 287 531
1980 257 1168
1980 249 1162
1980 355 1171
1980 168 732
1980 239 536
1980 354 1011
1980 25 244
1980 307 121
1980 261 508
1980 308 585
1980 263 1196
1980 359 1022
1980 299 565
1980 48 256
1980 265 572
1980 335 93
1980 321 121
1980 366 489
1980 176 490
