1800 366 766
1800 77 488
1800 388 807
1800 281 1126
1800 296 632
1800 251 47
1800 313 818
1800 413 842
1800 234 75
1800 218 625
1800 438 823
1800 463 853
1800 56 928
1800 428 612
1800 286 530
1800 300 1211
1800 280 1140
1800 312 819
1800 239 525
1800 410 817
1800 259 501
1800 305 646
1800 301 567
1800 259 567
1820 412 647
1820 410 637
1820 383 843
1820 284 664
1820 223 1258
1820 431 398
1820 353 833
1820 399 870
1820 218 624
1820 223 1253
1820 35 897
1820 411 637
1820 285 528
1820 420 386
1820 230 1276
1820 241 532
1820 215 1264
1820 369 845
1820 435 405
1820 259 501
1820 329 649
1820 429 516
1820 301 568
1820 257 561
1820 430 512
1840 412 653
1840 412 645
1840 386 857
1840 31 400
1840 284 649
1840 363 500
1840 352 836
1840 218 628
1840 62 927
1840 410 650
1840 288 524
1840 242 535
1840 370 847
1840 365 838
1840 367 315
1840 258 502
1840 305 651
1840 300 560
1840 260 565
1840 364 500
1840 17 134
1860 381 692
1860 369 683
1860 394 843
1860 284 631
1860 342 498
1860 338 851
1860 385 853
1860 217 626
1860 56 917
1860 289 527
1860 240 536
1860 390 853
1860 257 504
1860 300 565
1860 258 560
1880 460 434
1880 64 527
1880 393 831
1880 291 620
1880 347 519
1880 357 819
1880 409 851
1880 220 626
1880 42 849
1880 467 430
1880 290 523
1880 300 663
1880 240 533
1880 374 866
1880 461 443
1880 271 497
1880 375 516
1880 300 567
1880 263 563
1880 376 514
1900 473 744
1900 389 825
1900 389 849
1900 281 651
1900 347 520
1900 346 831
1900 217 628
1900 65 647
1900 459 827
1900 289 526
1900 265 639
1900 241 532
1900 350 830
1900 431 379
1900 258 499
1900 320 585
1900 375 497
1900 299 565
1900 258 556
1900 373 490
1920 386 741
1920 380 727
1920 176 611
1920 384 844
1920 284 621
1920 399 341
1920 349 857
1920 403 836
1920 218 627
1920 417 901
1920 78 686
1920 446 911
1920 451 706
1920 281 524
1920 382 367
1920 384 855
1920 164 618
1920 240 535
1920 354 828
1920 369 823
1920 212 621
1920 407 342
1920 264 503
1920 300 605
1920 395 545
1920 414 896
1920 303 565
1920 16 509
1920 264 556
1920 296 439
1920 108 680
1920 415 510
1940 139 494
1940 454 872
1940 102 581
1940 146 502
1940 398 825
1940 285 648
1940 412 331
1940 346 812
1940 355 977
1940 217 623
1940 457 873
1940 289 526
1940 390 266
1940 370 963
1940 271 585
1940 310 668
1940 238 532
1940 352 831
1940 363 297
1940 466 286
1940 243 529
1940 309 657
1940 383 982
1940 301 567
1940 14 601
1940 260 565
1940 385 267
1940 109 572
1940 463 289
1940 142 491
1960 164 442
1960 393 225
1960 424 548
1960 82 494
1960 188 518
1960 387 857
1960 91 397
1960 280 670
1960 429 66
1960 338 838
1960 387 861
1960 217 625
1960 421 931
1960 423 944
1960 425 549
1960 286 530
1960 337 1069
1960 245 682
1960 223 471
1960 375 822
1960 36 187
1960 166 739
1960 437 116
1960 265 500
1960 446 554
1960 403 972
1960 301 565
1960 43 513
1960 262 571
1960 216 472
1960 367 201
1960 93 405
1960 434 554
1960 150 461
1980 143 722
1980 176 486
1980 472 907
1980 448 882
1980 176 486
1980 394 827
1980 70 418
1980 283 635
1980 363 491
1980 351 834
1980 351 1034
1980 216 611
1980 249 1148
1980 37 710
1980 55 252
1980 449 886
1980 285 528
1980 250 1148
1980 249 1149
1980 354 1043
1980 271 570
1980 162 717
1980 239 534
1980 353 1008
1980 41 177
1980 340 103
1980 375 110
1980 264 505
1980 359 491
1980 370 1048
1980 298 554
1980 25 421
1980 263 556
1980 335 126
1980 363 491
1980 113 284
