1800 79 490
1800 442 827
1800 390 809
1800 390 814
1800 285 1115
1800 308 662
1800 199 1317
1800 316 811
1800 237 76
1800 216 630
1800 399 826
1800 78 491
1800 428 611
1800 284 531
1800 288 1116
1800 241 532
1800 440 607
1800 259 502
1800 297 632
1800 317 811
1800 425 821
1800 301 571
1800 261 571
1820 453 640
1820 380 844
1820 378 847
1820 85 418
1820 305 668
1820 408 633
1820 215 627
1820 422 834
1820 233 1298
1820 222 1249
1820 454 631
1820 284 530
1820 459 474
1820 229 1264
1820 240 534
1820 276 852
1820 431 510
1820 259 503
1820 298 627
1820 272 851
1820 298 573
1820 257 566
1840 84 458
1840 412 655
1840 381 850
1840 387 837
1840 278 672
1840 155 1346
1840 359 608
1840 360 612
1840 152 1346
1840 216 628
1840 385 842
1840 82 459
1840 61 901
1840 416 650
1840 285 527
1840 354 836
1840 240 537
1840 16 186
1840 362 294
1840 418 649
1840 258 503
1840 304 657
1840 314 869
1840 346 842
1840 395 831
1840 299 571
1840 257 574
1840 362 499
1860 398 828
1860 400 823
1860 307 666
1860 373 559
1860 356 697
1860 216 626
1860 401 821
1860 77 459
1860 47 896
1860 286 529
1860 348 850
1860 239 539
1860 258 505
1860 308 669
1860 299 569
1860 256 569
1860 341 494
1860 319 189
1860 340 492
1880 374 853
1880 386 857
1880 293 658
1880 463 433
1880 328 743
1880 217 630
1880 402 827
1880 64 529
1880 430 500
1880 282 529
1880 463 441
1880 350 840
1880 241 539
1880 430 497
1880 270 496
1880 306 667
1880 377 514
1880 300 570
1880 258 572
1880 348 517
1880 377 513
1900 465 830
1900 380 858
1900 64 647
1900 386 858
1900 301 666
1900 216 636
1900 390 837
1900 59 781
1900 454 402
1900 288 526
1900 433 386
1900 223 699
1900 355 835
1900 240 538
1900 261 506
1900 296 611
1900 376 496
1900 91 765
1900 298 561
1900 263 566
1900 344 510
1900 351 475
1920 389 741
1920 374 853
1920 80 689
1920 396 775
1920 176 607
1920 29 283
1920 295 657
1920 394 541
1920 216 632
1920 413 897
1920 435 912
1920 38 741
1920 418 733
1920 276 527
1920 401 339
1920 366 835
1920 238 539
1920 178 611
1920 19 192
1920 379 368
1920 177 604
1920 415 380
1920 262 504
1920 279 628
1920 395 545
1920 79 692
1920 419 917
1920 294 573
1920 16 499
1920 261 568
1920 325 472
1920 106 677
1920 394 541
1940 126 521
1940 454 868
1940 365 861
1940 71 597
1940 395 836
1940 297 667
1940 423 319
1940 358 729
1940 364 968
1940 216 625
1940 396 834
1940 8 589
1940 282 531
1940 392 269
1940 353 829
1940 240 539
1940 31 186
1940 355 314
1940 423 564
1940 252 516
1940 294 578
1940 424 567
1940 376 945
1940 299 570
1940 12 592
1940 259 562
1940 422 565
1940 144 496
1960 434 162
1960 171 732
1960 122 380
1960 420 104
1960 388 854
1960 188 543
1960 387 864
1960 175 450
1960 92 406
1960 173 439
1960 301 674
1960 418 228
1960 331 68
1960 214 629
1960 409 875
1960 82 511
1960 427 944
1960 446 567
1960 285 531
1960 442 138
1960 224 634
1960 228 647
1960 357 847
1960 237 532
1960 103 452
1960 292 1066
1960 44 157
1960 333 217
1960 432 189
1960 332 68
1960 423 550
1960 263 503
1960 297 676
1960 423 553
1960 405 1140
1960 300 571
1960 21 557
1960 263 569
1960 215 476
1960 365 198
1960 432 550
1960 165 440
1980 114 458
1980 451 886
1980 397 827
1980 177 485
1980 397 828
1980 178 484
1980 96 406
1980 292 638
1980 330 128
1980 349 1027
1980 337 123
1980 214 627
1980 398 828
1980 245 1149
1980 70 423
1980 449 1024
1980 283 530
1980 244 1154
1980 252 1155
1980 359 1055
1980 352 836
1980 237 541
1980 260 1159
1980 346 104
1980 263 504
1980 298 570
1980 369 489
1980 252 1153
1980 401 1036
1980 300 568
1980 21 419
1980 261 567
1980 322 133
1980 363 490
1980 99 412
