1800 307 666
1800 445 598
1800 76 484
1800 258 501
1800 445 597
1800 262 570
1800 308 667
1800 397 826
1800 368 763
1800 240 533
1800 312 814
1800 287 1117
1800 442 829
1800 287 1192
1800 278 1208
1800 420 813
1800 285 531
1800 300 568
1800 215 629
1800 236 73
1805 307 669
1805 460 624
1805 79 456
1805 307 827
1805 257 502
1805 270 1187
1805 261 566
1805 306 669
1805 397 828
1805 364 743
1805 374 823
1805 460 618
1805 240 537
1805 433 834
1805 268 1158
1805 270 1188
1805 428 826
1805 282 531
1805 300 569
1805 216 625
1805 230 53
1810 307 668
1810 469 528
1810 463 619
1810 291 836
1810 257 502
1810 256 1208
1810 422 620
1810 260 566
1810 307 669
1810 419 856
1810 360 712
1810 369 831
1810 463 621
1810 239 534
1810 258 1218
1810 59 437
1810 420 846
1810 283 530
1810 37 895
1810 300 570
1810 216 625
1810 230 50
1815 302 676
1815 440 478
1815 461 626
1815 286 845
1815 258 502
1815 243 1240
1815 453 529
1815 413 625
1815 261 566
1815 358 834
1815 305 669
1815 391 849
1815 369 837
1815 459 618
1815 240 532
1815 80 422
1815 417 843
1815 282 532
1815 298 569
1815 216 626
1815 354 693
1820 305 668
1820 425 509
1820 452 633
1820 272 856
1820 258 501
1820 223 1277
1820 429 506
1820 410 641
1820 259 570
1820 361 835
1820 305 669
1820 421 836
1820 378 848
1820 452 632
1820 220 1229
1820 238 535
1820 421 840
1820 284 530
1820 420 386
1820 37 889
1820 297 568
1820 217 625
1820 353 669
1825 276 664
1825 445 634
1825 300 857
1825 258 501
1825 399 511
1825 409 640
1825 259 580
1825 351 659
1825 357 837
1825 304 667
1825 420 836
1825 375 862
1825 447 634
1825 214 1299
1825 239 534
1825 208 1291
1825 420 839
1825 283 529
1825 409 363
1825 39 911
1825 298 568
1825 216 624
1830 307 672
1830 436 640
1830 284 869
1830 258 501
1830 404 647
1830 262 573
1830 352 642
1830 352 837
1830 307 668
1830 412 854
1830 381 857
1830 437 639
1830 389 507
1830 209 1339
1830 240 534
1830 351 648
1830 190 1289
1830 415 839
1830 285 533
1830 391 341
1830 40 903
1830 297 569
1830 217 626
1835 277 666
1835 83 444
1835 306 874
1835 262 500
1835 398 652
1835 260 572
1835 356 625
1835 352 830
1835 303 673
1835 409 836
1835 380 316
1835 382 854
1835 431 642
1835 376 504
1835 242 533
1835 188 1330
1835 407 826
1835 282 527
1835 298 568
1835 217 625
1840 279 673
1840 79 456
1840 258 501
1840 391 657
1840 364 289
1840 361 499
1840 261 566
1840 362 620
1840 296 664
1840 406 838
1840 382 854
1840 419 650
1840 362 497
1840 241 534
1840 317 865
1840 171 1342
1840 406 837
1840 284 527
1840 53 916
1840 298 567
1840 217 626
1845 302 660
1845 78 457
1845 258 501
1845 384 664
1845 353 262
1845 354 494
1845 261 569
1845 362 604
1845 355 826
1845 307 668
1845 405 833
1845 384 856
1845 417 653
1845 240 535
1845 325 858
1845 405 834
1845 285 528
1845 50 917
1845 299 567
1845 217 628
1850 365 589
1850 303 667
1850 77 463
1850 258 502
1850 411 668
1850 344 491
1850 263 568
1850 384 661
1850 343 852
1850 305 668
1850 403 831
1850 383 856
1850 243 533
1850 339 860
1850 29 413
1850 403 830
1850 285 528
1850 55 914
1850 299 565
1850 217 627
1855 305 671
1855 76 459
1855 257 504
1855 393 681
1855 342 494
1855 284 534
1855 263 566
1855 369 678
1855 350 838
1855 305 669
1855 402 832
1855 384 860
1855 324 208
1855 240 533
1855 344 851
1855 342 495
1855 402 827
1855 285 528
1855 60 934
1855 297 569
1855 217 627
1860 307 667
1860 76 463
1860 257 502
1860 373 559
1860 384 696
1860 373 564
1860 338 498
1860 262 565
1860 368 686
1860 353 830
1860 307 668
1860 401 830
1860 385 702
1860 384 852
1860 242 534
1860 346 840
1860 340 503
1860 403 826
1860 284 527
1860 299 567
1860 217 632
1860 355 695
1865 300 666
1865 75 475
1865 270 504
1865 382 709
1865 376 546
1865 264 567
1865 347 704
1865 354 835
1865 305 668
1865 402 830
1865 380 716
1865 386 853
1865 243 536
1865 345 850
1865 402 827
1865 285 526
1865 56 932
1865 300 561
1865 215 626
1865 347 705
1870 64 500
1870 292 673
1870 456 512
1870 466 524
1870 70 491
1870 273 496
1870 376 531
1870 299 122
1870 260 568
1870 347 847
1870 304 668
1870 397 839
1870 366 730
1870 383 855
1870 273 496
1870 245 533
1870 348 850
1870 399 834
1870 288 526
1870 35 887
1870 53 906
1870 298 561
1870 215 625
1870 342 713
1875 67 508
1875 67 509
1875 296 678
1875 442 502
1875 475 463
1875 65 510
1875 276 496
1875 377 520
1875 263 570
1875 349 847
1875 306 667
1875 400 838
1875 351 746
1875 358 850
1875 378 519
1875 274 497
1875 245 532
1875 345 854
1875 287 525
1875 37 898
1875 66 885
1875 298 565
1875 217 627
1875 334 725
1880 345 520
1880 62 529
1880 64 528
1880 303 669
1880 433 498
1880 471 441
1880 271 496
1880 376 519
1880 261 568
1880 350 849
1880 304 667
1880 403 830
1880 351 834
1880 378 510
1880 272 502
1880 242 532
1880 351 826
1880 400 832
1880 285 528
1880 48 876
1880 56 876
1880 298 567
1880 216 626
1880 333 755
1885 344 516
1885 65 556
1885 303 720
1885 421 495
1885 468 433
1885 269 495
1885 415 497
1885 289 746
1885 376 499
1885 263 567
1885 353 849
1885 285 752
1885 304 671
1885 391 848
1885 360 846
1885 290 742
1885 377 497
1885 240 533
1885 354 826
1885 24 403
1885 286 529
1885 53 866
1885 55 865
1885 297 568
1885 216 627
1890 344 519
1890 63 582
1890 343 514
1890 453 418
1890 460 459
1890 255 496
1890 405 500
1890 273 739
1890 271 733
1890 275 741
1890 371 492
1890 276 758
1890 265 569
1890 350 842
1890 270 748
1890 304 668
1890 402 828
1890 351 817
1890 382 860
1890 286 740
1890 372 488
1890 76 806
1890 271 740
1890 240 534
1890 351 851
1890 273 751
1890 271 740
1890 23 392
1890 286 531
1890 53 846
1890 73 917
1890 297 564
1890 215 629
1890 65 588
1895 242 709
1895 443 420
1895 444 454
1895 255 742
1895 255 500
1895 392 498
1895 253 721
1895 361 477
1895 262 567
1895 351 845
1895 305 668
1895 387 852
1895 356 826
1895 382 854
1895 393 499
1895 78 784
1895 241 535
1895 352 844
1895 476 819
1895 400 831
1895 283 531
1895 251 742
1895 298 565
1895 216 629
1895 64 616
1900 229 706
1900 431 455
1900 349 515
1900 238 726
1900 262 500
1900 431 458
1900 352 477
1900 230 724
1900 61 775
1900 263 563
1900 352 839
1900 401 833
1900 382 867
1900 386 488
1900 61 779
1900 242 535
1900 354 829
1900 462 829
1900 233 690
1900 402 832
1900 285 527
1900 296 567
1900 216 627
1900 64 646
1905 294 680
1905 420 447
1905 341 495
1905 264 503
1905 425 422
1905 369 497
1905 342 469
1905 218 695
1905 428 401
1905 97 738
1905 411 444
1905 264 570
1905 352 848
1905 304 668
1905 402 832
1905 357 824
1905 383 866
1905 473 746
1905 367 488
1905 59 669
1905 210 708
1905 242 534
1905 340 486
1905 453 843
1905 402 833
1905 286 529
1905 429 388
1905 298 569
1905 216 634
1905 57 670
1910 294 674
1910 418 384
1910 264 504
1910 414 393
1910 352 508
1910 349 477
1910 193 684
1910 409 411
1910 103 722
1910 402 414
1910 260 573
1910 191 671
1910 354 841
1910 306 667
1910 405 831
1910 352 832
1910 380 863
1910 432 738
1910 407 423
1910 48 696
1910 191 683
1910 241 529
1910 352 842
1910 326 450
1910 436 865
1910 405 831
1910 281 526
1910 456 888
1910 421 373
1910 296 559
1910 216 630
1915 280 671
1915 169 652
1915 414 402
1915 469 461
1915 265 503
1915 104 694
1915 408 414
1915 348 513
1915 330 473
1915 187 634
1915 397 393
1915 105 695
1915 397 391
1915 262 571
1915 186 651
1915 352 839
1915 306 667
1915 401 838
1915 380 861
1915 417 729
1915 238 531
1915 353 834
1915 318 448
1915 439 904
1915 416 871
1915 285 526
1915 423 894
1915 407 397
1915 298 563
1915 215 626
1920 296 439
1920 293 670
1920 413 376
1920 263 502
1920 105 680
1920 394 545
1920 182 611
1920 413 903
1920 380 375
1920 107 680
1920 274 600
1920 263 568
1920 181 617
1920 357 847
1920 304 667
1920 378 861
1920 386 751
1920 377 860
1920 240 530
1920 353 831
1920 312 464
1920 455 714
1920 105 675
1920 153 637
1920 381 862
1920 280 528
1920 423 915
1920 402 355
1920 380 374
1920 298 569
1920 217 627
1920 76 680
1925 279 433
1925 277 668
1925 175 584
1925 278 433
1925 436 388
1925 474 403
1925 144 613
1925 264 503
1925 107 658
1925 404 554
1925 365 736
1925 176 600
1925 408 918
1925 103 651
1925 264 568
1925 358 859
1925 302 670
1925 404 821
1925 370 733
1925 377 861
1925 428 714
1925 280 433
1925 240 532
1925 363 820
1925 309 462
1925 144 614
1925 400 925
1925 399 840
1925 279 526
1925 398 366
1925 381 349
1925 102 653
1925 298 570
1925 215 626
1925 414 366
1925 79 656
1930 15 467
1930 279 673
1930 166 562
1930 275 432
1930 454 372
1930 476 344
1930 138 588
1930 266 509
1930 415 557
1930 391 945
1930 262 571
1930 268 442
1930 305 669
1930 403 831
1930 388 323
1930 376 863
1930 399 718
1930 255 437
1930 136 589
1930 284 465
1930 240 534
1930 349 860
1930 135 588
1930 384 944
1930 26 464
1930 398 837
1930 284 526
1930 427 355
1930 384 331
1930 100 628
1930 298 569
1930 216 625
1930 426 353
1930 78 636
1930 333 741
1935 17 447
1935 308 670
1935 161 543
1935 445 353
1935 131 547
1935 262 500
1935 424 564
1935 368 959
1935 307 743
1935 424 568
1935 244 431
1935 366 316
1935 262 567
1935 362 855
1935 310 667
1935 404 824
1935 126 537
1935 380 314
1935 370 728
1935 379 861
1935 477 860
1935 242 429
1935 280 473
1935 242 531
1935 353 851
1935 160 525
1935 474 857
1935 241 429
1935 382 976
1935 404 824
1935 281 528
1935 424 340
1935 370 329
1935 101 610
1935 300 569
1935 216 627
1935 421 336
1935 72 609
1940 97 589
1940 294 722
1940 463 294
1940 362 998
1940 453 319
1940 127 525
1940 265 507
1940 421 574
1940 358 984
1940 282 745
1940 365 301
1940 286 741
1940 287 742
1940 266 565
1940 351 841
1940 283 743
1940 311 663
1940 403 830
1940 127 519
1940 371 292
1940 349 735
1940 379 862
1940 267 476
1940 240 531
1940 350 850
1940 285 741
1940 143 504
1940 459 874
1940 235 428
1940 360 985
1940 402 831
1940 284 526
1940 301 571
1940 216 627
1940 423 305
1940 71 593
1940 349 737
1945 70 565
1945 95 561
1945 459 275
1945 352 1011
1945 140 461
1945 256 740
1945 262 500
1945 425 567
1945 345 1005
1945 255 746
1945 361 274
1945 472 875
1945 256 749
1945 267 567
1945 352 842
1945 306 671
1945 401 833
1945 126 501
1945 375 274
1945 374 867
1945 90 564
1945 256 749
1945 238 536
1945 351 838
1945 258 750
1945 123 494
1945 448 887
1945 210 438
1945 362 1003
1945 21 372
1945 401 833
1945 286 527
1945 446 887
1945 299 568
1945 217 627
1945 417 294
1945 211 436
1945 328 737
1950 195 444
1950 68 555
1950 86 552
1950 296 733
1950 438 269
1950 340 1038
1950 466 562
1950 379 231
1950 126 433
1950 249 744
1950 259 502
1950 277 679
1950 421 572
1950 290 737
1950 422 572
1950 360 262
1950 226 751
1950 428 912
1950 111 468
1950 323 1030
1950 261 568
1950 352 836
1950 110 468
1950 300 668
1950 399 848
1950 190 438
1950 375 866
1950 348 251
1950 244 527
1950 350 840
1950 322 1027
1950 439 896
1950 28 394
1950 399 850
1950 286 528
1950 430 909
1950 299 566
1950 217 627
1950 406 271
1950 234 747
1950 198 441
1955 172 442
1955 69 535
1955 85 520
1955 286 712
1955 444 212
1955 444 561
1955 86 520
1955 389 240
1955 122 409
1955 261 504
1955 275 687
1955 421 568
1955 422 564
1955 351 234
1955 202 746
1955 416 934
1955 99 440
1955 309 1049
1955 267 565
1955 352 834
1955 97 438
1955 273 732
1955 306 666
1955 396 845
1955 346 235
1955 173 441
1955 379 865
1955 344 237
1955 199 741
1955 245 527
1955 350 833
1955 198 744
1955 127 412
1955 306 1048
1955 27 364
1955 390 837
1955 287 526
1955 433 928
1955 300 568
1955 215 628
1955 436 246
1955 201 745
1955 225 473
1960 160 443
1960 67 511
1960 85 501
1960 437 180
1960 86 503
1960 416 190
1960 121 381
1960 255 727
1960 263 503
1960 418 562
1960 426 554
1960 368 180
1960 424 955
1960 91 413
1960 303 1059
1960 266 568
1960 356 842
1960 305 667
1960 336 210
1960 377 865
1960 337 220
1960 190 748
1960 242 528
1960 350 842
1960 90 407
1960 286 528
1960 427 940
1960 300 566
1960 218 625
1960 212 477
1965 64 495
1965 424 165
1965 87 472
1965 387 182
1965 138 443
1965 262 504
1965 411 549
1965 372 182
1965 217 721
1965 424 989
1965 133 443
1965 296 563
1965 263 565
1965 358 846
1965 302 669
1965 402 827
1965 159 752
1965 341 196
1965 373 862
1965 157 752
1965 331 201
1965 120 357
1965 479 842
1965 242 531
1965 349 852
1965 289 1081
1965 288 1081
1965 136 452
1965 389 968
1965 88 380
1965 286 526
1965 426 972
1965 300 567
1965 116 369
1965 217 628
1965 208 480
1970 46 497
1970 65 465
1970 302 672
1970 409 139
1970 85 450
1970 369 173
1970 134 445
1970 264 505
1970 403 520
1970 373 159
1970 420 993
1970 122 454
1970 265 568
1970 92 457
1970 302 670
1970 401 826
1970 339 152
1970 387 859
1970 136 744
1970 324 165
1970 241 535
1970 343 858
1970 293 1120
1970 279 1115
1970 478 843
1970 390 983
1970 80 382
1970 399 831
1970 287 528
1970 419 996
1970 299 562
1970 112 343
1970 215 627
1975 282 675
1975 377 1026
1975 65 445
1975 109 749
1975 122 455
1975 263 1129
1975 264 504
1975 390 499
1975 376 511
1975 376 125
1975 414 1015
1975 119 455
1975 265 569
1975 353 833
1975 121 454
1975 303 670
1975 401 826
1975 167 721
1975 341 135
1975 385 866
1975 392 497
1975 242 532
1975 349 850
1975 281 1142
1975 464 862
1975 291 1186
1975 274 1160
1975 378 1021
1975 88 321
1975 400 829
1975 285 529
1975 299 566
1975 106 300
1975 217 626
1980 301 667
1980 362 1017
1980 176 484
1980 250 1150
1980 264 505
1980 269 1243
1980 305 122
1980 368 115
1980 359 489
1980 105 461
1980 394 1044
1980 263 567
1980 354 831
1980 97 430
1980 399 830
1980 106 457
1980 385 864
1980 154 722
1980 378 483
1980 108 253
1980 239 533
1980 350 846
1980 451 884
1980 275 1180
1980 277 1178
1980 78 297
1980 398 834
1980 284 527
1980 451 886
1980 299 567
1980 54 261
1980 218 626
1985 293 671
1985 173 485
1985 74 412
1985 239 1167
1985 263 503
1985 243 1186
1985 301 109
1985 368 82
1985 344 466
1985 466 922
1985 389 1075
1985 68 755
1985 265 571
1985 354 833
1985 300 670
1985 400 825
1985 386 863
1985 363 444
1985 101 242
1985 31 718
1985 242 533
1985 349 840
1985 103 230
1985 436 908
1985 75 394
1985 397 837
1985 285 527
1985 436 907
1985 300 571
1985 218 624
1990 301 676
1990 347 1078
1990 169 485
1990 78 472
1990 262 504
1990 238 1205
1990 308 106
1990 318 83
1990 348 1093
1990 353 417
1990 419 927
1990 99 728
1990 261 573
1990 352 827
1990 303 671
1990 398 832
1990 382 862
1990 220 1188
1990 101 218
1990 240 531
1990 350 839
1990 329 441
1990 78 384
1990 219 1181
1990 399 833
1990 280 524
1990 455 939
1990 300 568
1990 92 383
1990 217 623
1995 275 671
1995 169 484
1995 343 398
1995 67 476
1995 318 414
1995 337 1151
1995 265 503
1995 274 664
1995 290 110
1995 346 410
1995 404 952
1995 80 731
1995 261 570
1995 354 828
1995 303 669
1995 395 838
1995 352 827
1995 386 863
1995 210 1211
1995 99 188
1995 240 537
1995 352 833
1995 317 417
1995 404 950
1995 96 354
1995 208 1221
1995 393 838
1995 283 526
1995 442 968
1995 297 566
1995 102 342
1995 217 623
