1800 454 609
1800 451 1126
1800 261 500
1800 375 767
1800 377 768
1800 245 68
1800 310 821
1800 282 1113
1800 398 873
1800 293 552
1800 438 820
1800 262 562
1800 357 776
1800 213 618
1800 306 662
1800 285 647
1800 458 948
1800 238 530
1800 309 818
1800 426 818
1800 74 483
1800 297 1112
1800 273 61
1800 242 74
1800 409 793
1800 260 58
1800 281 527
1800 429 820
1800 44 923
1800 67 828
1800 294 569
1820 265 676
1820 422 385
1820 451 623
1820 463 1070
1820 260 499
1820 278 677
1820 372 843
1820 379 841
1820 212 1248
1820 242 1303
1820 294 559
1820 440 837
1820 400 647
1820 430 401
1820 260 562
1820 216 611
1820 374 848
1820 353 836
1820 442 836
1820 277 688
1820 223 1260
1820 236 535
1820 424 839
1820 77 419
1820 217 1248
1820 226 621
1820 462 640
1820 282 527
1820 295 562
1840 272 670
1840 351 623
1840 464 1078
1840 260 499
1840 371 846
1840 383 853
1840 342 627
1840 357 616
1840 293 554
1840 381 653
1840 257 557
1840 381 656
1840 213 619
1840 304 649
1840 367 850
1840 377 305
1840 347 832
1840 382 70
1840 276 663
1840 357 596
1840 236 532
1840 39 1250
1840 273 662
1840 350 627
1840 79 455
1840 345 837
1840 126 1357
1840 432 645
1840 281 521
1840 412 828
1840 55 910
1840 55 874
1840 296 561
1860 354 704
1860 469 952
1860 334 504
1860 260 502
1860 364 842
1860 377 849
1860 347 519
1860 293 559
1860 476 524
1860 381 695
1860 256 528
1860 348 752
1860 216 610
1860 306 666
1860 338 835
1860 424 838
1860 236 534
1860 58 1274
1860 355 584
1860 473 531
1860 79 457
1860 346 837
1860 394 835
1860 279 527
1860 399 829
1860 56 931
1860 295 565
1860 326 722
1880 60 526
1880 376 506
1880 457 446
1880 465 1082
1880 340 521
1880 266 496
1880 279 659
1880 367 857
1880 381 857
1880 341 522
1880 296 566
1880 423 496
1880 340 523
1880 276 667
1880 260 567
1880 214 615
1880 300 661
1880 374 877
1880 343 825
1880 278 659
1880 408 832
1880 238 529
1880 295 676
1880 300 666
1880 280 666
1880 306 673
1880 292 69
1880 351 835
1880 282 521
1880 404 830
1880 361 537
1880 46 863
1880 60 861
1880 296 569
1900 16 398
1900 267 669
1900 378 498
1900 457 1110
1900 341 1171
1900 336 515
1900 260 496
1900 96 759
1900 278 669
1900 366 846
1900 379 857
1900 343 468
1900 297 549
1900 454 840
1900 448 386
1900 441 389
1900 337 515
1900 275 699
1900 256 554
1900 53 1153
1900 215 618
1900 305 665
1900 371 872
1900 344 830
1900 234 662
1900 454 847
1900 458 1000
1900 241 531
1900 44 1285
1900 385 498
1900 468 771
1900 228 708
1900 350 1208
1900 354 476
1900 349 831
1900 236 646
1900 395 859
1900 286 528
1900 401 830
1900 357 472
1900 83 750
1900 300 564
1920 455 434
1920 363 49
1920 463 1073
1920 104 674
1920 354 540
1920 264 503
1920 294 1204
1920 371 833
1920 382 833
1920 375 74
1920 290 445
1920 387 369
1920 410 887
1920 167 604
1920 170 602
1920 298 556
1920 412 867
1920 170 600
1920 390 544
1920 256 564
1920 78 680
1920 353 812
1920 127 1202
1920 215 624
1920 369 826
1920 398 341
1920 292 445
1920 146 646
1920 347 816
1920 416 842
1920 359 825
1920 100 679
1920 239 530
1920 322 479
1920 455 710
1920 349 833
1920 21 255
1920 398 760
1920 312 467
1920 282 525
1920 399 839
1920 402 342
1920 395 364
1920 382 369
1940 49 594
1940 145 481
1940 464 288
1940 147 492
1940 83 587
1940 470 886
1940 330 738
1940 363 1190
1940 259 467
1940 369 853
1940 385 857
1940 151 505
1940 382 281
1940 386 974
1940 291 568
1940 362 295
1940 472 658
1940 428 579
1940 257 554
1940 355 735
1940 139 486
1940 215 618
1940 306 668
1940 374 285
1940 344 800
1940 442 872
1940 459 874
1940 238 530
1940 360 1162
1940 349 802
1940 27 268
1940 443 874
1940 284 519
1940 399 832
1940 427 271
1940 138 489
1940 415 279
1940 125 511
1940 297 568
1960 166 437
1960 62 508
1960 105 412
1960 405 211
1960 352 211
1960 446 567
1960 247 731
1960 184 735
1960 264 502
1960 212 476
1960 374 827
1960 380 834
1960 314 1066
1960 211 475
1960 365 203
1960 295 1069
1960 422 238
1960 393 966
1960 297 549
1960 420 941
1960 197 743
1960 261 562
1960 211 614
1960 249 720
1960 381 867
1960 407 230
1960 346 853
1960 207 477
1960 252 1212
1960 464 1011
1960 301 1050
1960 236 527
1960 352 211
1960 77 413
1960 315 1187
1960 349 864
1960 87 406
1960 463 609
1960 283 527
1960 403 841
1960 434 174
1960 92 407
1960 441 167
1960 298 559
1980 378 1022
1980 168 495
1980 20 410
1980 90 419
1980 268 679
1980 394 825
1980 169 491
1980 343 92
1980 427 1036
1980 347 1175
1980 262 505
1980 290 1173
1980 364 495
1980 281 671
1980 374 858
1980 382 842
1980 350 126
1980 402 1052
1980 269 1163
1980 352 483
1980 390 990
1980 366 1024
1980 246 1158
1980 292 543
1980 440 905
1980 166 492
1980 278 671
1980 260 561
1980 214 616
1980 372 863
1980 138 719
1980 345 847
1980 440 901
1980 280 675
1980 249 1145
1980 95 293
1980 456 1028
1980 233 537
1980 341 1075
1980 77 418
1980 340 1178
1980 182 487
1980 349 831
1980 86 403
1980 215 627
1980 394 824
1980 282 525
1980 400 830
1980 356 488
1980 31 783
1980 297 557
