1800 308 666
1800 444 596
1800 76 481
1800 260 501
1800 314 814
1800 262 568
1800 308 667
1800 394 821
1800 368 760
1800 443 823
1800 240 533
1800 315 811
1800 285 1134
1800 442 823
1800 277 1187
1800 281 1217
1800 416 809
1800 285 530
1800 299 569
1800 217 628
1800 240 58
1820 301 669
1820 427 508
1820 453 637
1820 259 500
1820 230 1244
1820 411 642
1820 275 855
1820 260 572
1820 356 833
1820 305 668
1820 368 788
1820 366 840
1820 218 1226
1820 239 533
1820 421 841
1820 282 531
1820 422 386
1820 33 896
1820 298 569
1820 218 626
1820 355 671
1840 289 652
1840 81 455
1840 259 501
1840 394 653
1840 361 495
1840 263 569
1840 392 657
1840 301 657
1840 407 837
1840 368 291
1840 418 650
1840 381 855
1840 240 535
1840 401 832
1840 283 528
1840 55 912
1840 298 568
1840 217 626
1840 362 612
1860 372 566
1860 290 667
1860 75 464
1860 336 495
1860 258 502
1860 378 699
1860 337 497
1860 279 582
1860 262 567
1860 361 687
1860 347 834
1860 309 669
1860 401 832
1860 371 821
1860 241 534
1860 405 828
1860 285 528
1860 60 944
1860 300 570
1860 217 629
1860 359 694
1880 63 528
1880 66 530
1880 305 669
1880 432 504
1880 462 434
1880 346 516
1880 311 743
1880 266 492
1880 312 730
1880 261 568
1880 348 828
1880 308 669
1880 405 831
1880 366 843
1880 241 533
1880 332 758
1880 402 826
1880 284 528
1880 46 872
1880 59 866
1880 299 568
1880 217 628
1900 231 708
1900 302 662
1900 428 430
1900 346 511
1900 261 497
1900 427 427
1900 352 473
1900 234 705
1900 443 406
1900 263 566
1900 352 830
1900 403 830
1900 382 856
1900 387 494
1900 60 770
1900 241 535
1900 344 521
1900 462 829
1900 405 831
1900 285 527
1900 439 383
1900 299 568
1900 216 627
1900 235 737
1920 297 663
1920 179 606
1920 417 394
1920 263 502
1920 386 735
1920 413 899
1920 398 367
1920 80 683
1920 263 568
1920 178 620
1920 351 841
1920 408 888
1920 381 786
1920 363 860
1920 456 715
1920 296 441
1920 240 530
1920 157 640
1920 27 364
1920 402 826
1920 282 526
1920 402 341
1920 397 350
1920 24 978
1920 302 569
1920 217 626
1940 102 586
1940 305 671
1940 465 296
1940 362 988
1940 463 308
1940 261 504
1940 422 571
1940 359 981
1940 236 427
1940 358 297
1940 290 737
1940 264 566
1940 356 833
1940 310 665
1940 403 830
1940 373 298
1940 347 732
1940 371 866
1940 277 665
1940 290 737
1940 240 531
1940 350 731
1940 287 737
1940 148 499
1940 464 869
1940 363 981
1940 34 411
1940 403 830
1940 285 525
1940 411 317
1940 300 570
1940 217 628
1940 414 306
1940 71 591
1940 350 734
1960 159 447
1960 65 510
1960 432 182
1960 434 560
1960 85 505
1960 409 226
1960 101 415
1960 262 503
1960 418 566
1960 371 191
1960 193 749
1960 420 943
1960 317 1077
1960 265 568
1960 354 829
1960 93 408
1960 389 842
1960 366 206
1960 371 856
1960 337 205
1960 192 748
1960 239 529
1960 284 527
1960 428 939
1960 255 723
1960 300 567
1960 217 624
1960 213 476
1980 371 1033
1980 103 459
1980 252 1150
1980 263 504
1980 237 1318
1980 315 127
1980 369 107
1980 359 489
1980 264 569
1980 351 838
1980 109 462
1980 401 829
1980 382 865
1980 152 719
1980 379 484
1980 106 254
1980 65 774
1980 239 534
1980 448 885
1980 278 1184
1980 402 827
1980 284 527
1980 299 568
1980 217 624
