1800 62 482
1800 276 654
1800 447 602
1800 260 500
1800 35 904
1800 231 52
1800 296 1111
1800 292 571
1800 314 816
1800 272 557
1800 365 761
1800 217 624
1800 308 662
1800 413 812
1800 189 1326
1800 240 534
1800 438 821
1800 83 478
1800 307 1184
1800 292 1113
1800 285 524
1800 412 816
1800 297 554
1820 295 683
1820 453 624
1820 350 675
1820 259 498
1820 40 905
1820 287 850
1820 353 668
1820 289 585
1820 271 856
1820 262 560
1820 409 640
1820 218 615
1820 307 667
1820 378 847
1820 356 835
1820 427 842
1820 229 1251
1820 464 1080
1820 240 536
1820 85 416
1820 223 1229
1820 445 639
1820 285 529
1820 421 839
1820 20 906
1820 298 566
1840 259 499
1840 66 927
1840 388 657
1840 357 623
1840 289 669
1840 288 629
1840 362 286
1840 355 617
1840 262 560
1840 379 846
1840 174 1351
1840 217 622
1840 307 661
1840 376 860
1840 355 846
1840 417 830
1840 179 1344
1840 459 1084
1840 242 535
1840 81 451
1840 286 530
1840 408 839
1840 33 908
1840 297 559
1860 287 706
1860 358 702
1860 257 501
1860 38 902
1860 385 693
1860 363 686
1860 330 192
1860 355 700
1860 284 590
1860 381 558
1860 376 560
1860 263 534
1860 362 831
1860 219 622
1860 309 666
1860 385 871
1860 354 827
1860 407 827
1860 238 535
1860 75 455
1860 287 525
1860 400 827
1860 358 534
1860 301 572
1880 68 522
1880 284 704
1880 432 502
1880 463 436
1880 264 495
1880 296 665
1880 298 577
1880 379 507
1880 260 564
1880 388 853
1880 218 616
1880 307 664
1880 383 871
1880 351 825
1880 409 832
1880 241 532
1880 338 748
1880 15 395
1880 285 525
1880 400 830
1880 364 527
1880 43 886
1880 299 564
1900 394 496
1900 232 679
1900 256 496
1900 92 750
1900 394 492
1900 348 472
1900 302 590
1900 462 824
1900 395 494
1900 263 556
1900 68 647
1900 386 851
1900 217 623
1900 318 675
1900 377 854
1900 350 827
1900 406 831
1900 237 697
1900 70 1384
1900 88 751
1900 240 535
1900 464 813
1900 288 528
1900 397 832
1900 353 473
1900 56 884
1900 304 557
1920 398 545
1920 383 855
1920 104 677
1920 266 503
1920 396 539
1920 400 337
1920 176 606
1920 305 572
1920 417 901
1920 397 541
1920 103 680
1920 261 561
1920 71 675
1920 366 825
1920 219 625
1920 305 664
1920 380 837
1920 398 331
1920 299 438
1920 353 831
1920 406 836
1920 243 536
1920 317 465
1920 462 712
1920 152 645
1920 397 745
1920 286 532
1920 404 842
1920 403 339
1920 298 438
1940 69 593
1940 138 482
1940 97 586
1940 354 732
1940 350 982
1940 267 467
1940 300 661
1940 385 264
1940 355 732
1940 359 987
1940 290 587
1940 378 282
1940 458 880
1940 148 497
1940 451 281
1940 460 286
1940 262 559
1940 362 728
1940 371 975
1940 128 527
1940 216 619
1940 312 663
1940 343 834
1940 298 730
1940 446 872
1940 240 528
1940 366 978
1940 369 292
1940 453 870
1940 369 975
1940 288 526
1940 398 834
1940 301 572
1960 64 509
1960 263 725
1960 423 187
1960 176 749
1960 448 569
1960 364 197
1960 265 501
1960 219 473
1960 370 176
1960 392 215
1960 327 1075
1960 299 549
1960 377 179
1960 413 952
1960 89 518
1960 443 335
1960 266 563
1960 375 826
1960 215 617
1960 304 674
1960 380 852
1960 437 170
1960 351 850
1960 361 206
1960 413 845
1960 243 527
1960 312 1055
1960 80 429
1960 295 1066
1960 89 404
1960 287 527
1960 400 848
1960 300 556
1980 394 1050
1980 390 492
1980 160 716
1980 263 504
1980 305 661
1980 317 119
1980 363 94
1980 285 1160
1980 356 485
1980 413 1038
1980 176 751
1980 358 1031
1980 296 561
1980 455 888
1980 98 439
1980 263 567
1980 380 855
1980 217 612
1980 383 856
1980 353 829
1980 405 835
1980 264 1157
1980 83 758
1980 240 535
1980 114 248
1980 457 882
1980 1 599
1980 75 424
1980 58 430
1980 287 528
1980 398 834
1980 374 490
1980 300 559
