1800 307 666
1800 444 597
1800 77 482
1800 259 502
1800 440 610
1800 314 815
1800 262 567
1800 307 665
1800 395 822
1800 368 764
1800 239 533
1800 316 812
1800 287 1122
1800 287 1119
1800 443 829
1800 414 811
1800 247 67
1800 285 530
1800 299 568
1800 216 629
1800 235 57
1820 304 668
1820 452 635
1820 277 854
1820 259 502
1820 230 1255
1820 411 645
1820 275 854
1820 260 574
1820 305 668
1820 368 827
1820 377 842
1820 221 1230
1820 239 534
1820 88 419
1820 421 841
1820 283 532
1820 422 387
1820 34 892
1820 298 570
1820 217 625
1820 356 672
1840 301 656
1840 259 502
1840 393 658
1840 362 497
1840 262 567
1840 392 657
1840 369 829
1840 302 654
1840 394 860
1840 384 852
1840 421 664
1840 362 498
1840 242 534
1840 359 610
1840 409 836
1840 284 528
1840 56 902
1840 298 567
1840 217 626
1840 359 611
1860 374 561
1860 301 666
1860 341 494
1860 258 503
1860 385 706
1860 338 497
1860 263 565
1860 368 689
1860 352 830
1860 309 670
1860 400 837
1860 385 856
1860 241 533
1860 347 845
1860 404 826
1860 284 529
1860 56 920
1860 58 934
1860 299 570
1860 217 629
1880 64 532
1880 66 532
1880 305 668
1880 432 504
1880 465 438
1880 347 515
1880 310 734
1880 266 494
1880 309 734
1880 259 569
1880 351 839
1880 305 670
1880 404 836
1880 353 850
1880 279 664
1880 380 513
1880 241 533
1880 334 757
1880 403 829
1880 285 527
1880 48 875
1880 59 870
1880 299 570
1880 216 625
1900 308 664
1900 431 451
1900 89 773
1900 344 512
1900 260 497
1900 431 450
1900 352 475
1900 438 449
1900 63 642
1900 262 565
1900 353 841
1900 402 833
1900 356 846
1900 387 493
1900 61 777
1900 242 532
1900 343 515
1900 462 829
1900 404 828
1900 285 528
1900 298 573
1900 217 626
1900 235 733
1920 296 441
1920 303 664
1920 179 606
1920 415 395
1920 459 434
1920 264 503
1920 108 676
1920 388 739
1920 414 901
1920 401 356
1920 81 681
1920 263 568
1920 181 619
1920 357 849
1920 397 862
1920 401 344
1920 375 833
1920 370 862
1920 457 715
1920 305 456
1920 240 529
1920 313 464
1920 156 635
1920 402 830
1920 280 527
1920 424 916
1920 402 346
1920 27 983
1920 299 577
1920 217 626
1940 102 591
1940 307 661
1940 466 299
1940 465 303
1940 259 505
1940 424 573
1940 234 430
1940 359 297
1940 289 741
1940 266 567
1940 352 840
1940 308 664
1940 403 830
1940 128 522
1940 371 297
1940 350 732
1940 374 869
1940 287 740
1940 241 532
1940 354 823
1940 289 736
1940 147 502
1940 464 870
1940 233 428
1940 364 986
1940 403 828
1940 284 525
1940 396 297
1940 299 570
1940 217 628
1940 414 304
1940 72 590
1960 160 443
1960 64 508
1960 304 667
1960 435 190
1960 431 555
1960 86 502
1960 427 223
1960 93 413
1960 263 503
1960 257 730
1960 419 565
1960 371 187
1960 423 959
1960 91 409
1960 320 1075
1960 265 569
1960 360 845
1960 305 666
1960 388 849
1960 371 206
1960 370 862
1960 336 207
1960 242 528
1960 308 1048
1960 90 407
1960 284 528
1960 428 942
1960 256 728
1960 300 567
1960 217 625
1960 214 476
1980 303 666
1980 381 1058
1980 182 484
1980 70 420
1980 86 758
1980 91 423
1980 256 1154
1980 263 504
1980 311 124
1980 372 102
1980 359 489
1980 95 427
1980 263 568
1980 355 838
1980 107 462
1980 400 831
1980 156 730
1980 352 827
1980 383 867
1980 366 488
1980 105 263
1980 239 532
1980 266 1165
1980 450 885
1980 275 1175
1980 401 827
1980 284 527
1980 299 567
1980 216 626
