1800 431 610
1800 448 602
1800 77 483
1800 315 815
1800 262 505
1800 304 661
1800 443 826
1800 371 760
1800 261 571
1800 373 759
1800 394 828
1800 319 809
1800 316 813
1800 444 827
1800 241 532
1800 292 1112
1800 282 660
1800 444 827
1800 77 484
1800 295 1124
1800 291 1202
1800 190 1334
1800 244 79
1800 287 535
1800 35 915
1800 298 581
1800 218 633
1800 236 72
1800 309 663
1820 432 513
1820 455 634
1820 276 858
1820 261 501
1820 227 1248
1820 281 666
1820 410 648
1820 356 672
1820 431 512
1820 259 576
1820 361 838
1820 396 858
1820 357 839
1820 421 843
1820 222 1231
1820 239 535
1820 282 674
1820 308 670
1820 230 1269
1820 382 845
1820 88 416
1820 417 637
1820 286 536
1820 421 387
1820 357 671
1820 26 886
1820 33 897
1820 300 567
1820 219 628
1820 308 672
1840 81 459
1840 263 503
1840 284 673
1840 367 639
1840 363 499
1840 260 569
1840 357 831
1840 342 855
1840 159 1338
1840 409 829
1840 359 834
1840 241 533
1840 284 671
1840 389 854
1840 187 1342
1840 404 657
1840 287 535
1840 55 900
1840 300 570
1840 219 628
1840 363 627
1860 287 607
1860 78 469
1860 262 503
1860 282 665
1860 372 692
1860 385 700
1860 262 579
1860 355 831
1860 391 858
1860 355 842
1860 241 535
1860 289 660
1860 317 184
1860 391 858
1860 475 498
1860 317 187
1860 287 533
1860 369 694
1860 58 932
1860 301 571
1860 220 631
1860 309 667
1880 65 530
1880 436 503
1880 467 435
1880 277 503
1880 274 497
1880 43 871
1880 269 675
1880 47 865
1880 378 521
1880 381 516
1880 260 581
1880 370 824
1880 393 853
1880 337 749
1880 357 852
1880 241 532
1880 312 736
1880 279 664
1880 310 658
1880 466 443
1880 287 532
1880 46 871
1880 66 530
1880 43 876
1880 300 572
1880 220 627
1880 306 660
1900 356 477
1900 266 503
1900 57 782
1900 246 739
1900 62 778
1900 355 485
1900 275 666
1900 469 827
1900 393 499
1900 89 761
1900 436 446
1900 262 568
1900 356 820
1900 234 702
1900 390 859
1900 356 843
1900 402 832
1900 82 771
1900 241 535
1900 238 703
1900 91 769
1900 275 674
1900 341 502
1900 471 820
1900 387 855
1900 250 698
1900 241 705
1900 290 532
1900 441 390
1900 302 568
1900 30 287
1900 218 631
1900 442 391
1900 237 734
1920 299 441
1920 11 508
1920 424 419
1920 14 939
1920 159 644
1920 108 678
1920 267 506
1920 160 641
1920 396 545
1920 388 741
1920 410 371
1920 266 577
1920 185 622
1920 107 680
1920 363 831
1920 381 862
1920 403 343
1920 364 834
1920 459 730
1920 305 448
1920 83 694
1920 242 533
1920 314 466
1920 461 711
1920 283 528
1920 420 909
1920 415 357
1920 380 374
1920 10 650
1920 28 946
1920 22 763
1920 301 565
1920 30 271
1920 219 629
1920 185 619
1920 403 342
1920 106 677
1940 72 595
1940 103 589
1940 465 289
1940 150 497
1940 361 981
1940 12 746
1940 423 574
1940 387 267
1940 283 511
1940 265 509
1940 276 674
1940 23 771
1940 372 983
1940 463 881
1940 376 985
1940 422 320
1940 128 518
1940 265 576
1940 72 600
1940 102 585
1940 405 826
1940 149 500
1940 375 296
1940 356 842
1940 455 879
1940 236 431
1940 469 872
1940 152 517
1940 241 529
1940 280 665
1940 310 671
1940 463 877
1940 287 739
1940 235 430
1940 366 975
1940 286 733
1940 287 532
1940 452 316
1940 103 589
1940 300 578
1940 37 281
1940 218 628
1940 390 268
1960 163 444
1960 64 513
1960 434 191
1960 428 550
1960 439 561
1960 197 749
1960 66 509
1960 194 747
1960 377 256
1960 266 505
1960 427 554
1960 259 730
1960 369 202
1960 369 180
1960 426 955
1960 87 497
1960 124 390
1960 427 563
1960 265 565
1960 364 836
1960 53 509
1960 389 860
1960 421 154
1960 371 209
1960 217 480
1960 363 840
1960 83 497
1960 249 526
1960 330 1069
1960 125 387
1960 87 497
1960 80 506
1960 92 409
1960 289 531
1960 314 1055
1960 428 949
1960 65 509
1960 301 569
1960 49 260
1960 220 626
1980 364 492
1980 356 1026
1980 184 488
1980 453 992
1980 103 460
1980 252 1145
1980 266 507
1980 274 674
1980 186 494
1980 321 123
1980 319 120
1980 369 95
1980 363 490
1980 86 416
1980 461 880
1980 103 459
1980 407 1043
1980 181 492
1980 263 574
1980 354 828
1980 401 832
1980 159 723
1980 338 115
1980 361 847
1980 449 884
1980 110 253
1980 448 1026
1980 91 757
1980 240 535
1980 270 1161
1980 277 668
1980 453 894
1980 278 1167
1980 270 1170
1980 86 408
1980 288 532
1980 369 1041
1980 301 571
1980 220 627
