1800 306 666
1800 444 597
1800 75 480
1800 260 501
1800 315 815
1800 262 568
1800 308 668
1800 394 822
1800 368 760
1800 239 533
1800 314 814
1800 286 1138
1800 443 828
1800 276 1182
1800 280 1216
1800 415 810
1800 285 530
1800 33 897
1800 300 570
1800 217 629
1800 242 61
1820 303 669
1820 427 505
1820 453 638
1820 259 500
1820 230 1243
1820 411 644
1820 274 857
1820 260 573
1820 356 833
1820 304 671
1820 378 792
1820 367 841
1820 219 1226
1820 239 534
1820 422 842
1820 282 533
1820 422 389
1820 33 895
1820 298 569
1820 217 627
1820 355 671
1840 288 658
1840 81 455
1840 259 501
1840 394 655
1840 324 867
1840 363 496
1840 263 570
1840 392 658
1840 301 661
1840 399 855
1840 367 293
1840 420 650
1840 380 856
1840 240 535
1840 403 835
1840 283 530
1840 56 912
1840 298 568
1840 217 627
1840 362 614
1860 372 566
1860 299 663
1860 75 466
1860 337 496
1860 258 502
1860 378 702
1860 276 574
1860 263 569
1860 365 686
1860 346 838
1860 309 670
1860 401 832
1860 241 534
1860 350 835
1860 406 829
1860 285 529
1860 57 926
1860 64 945
1860 299 571
1860 217 630
1860 358 694
1880 64 529
1880 66 531
1880 303 670
1880 431 505
1880 462 434
1880 347 517
1880 311 744
1880 266 493
1880 312 733
1880 261 569
1880 347 832
1880 307 671
1880 404 833
1880 366 847
1880 279 661
1880 240 533
1880 332 755
1880 402 827
1880 284 530
1880 46 877
1880 59 875
1880 299 570
1880 217 627
1900 303 662
1900 428 435
1900 347 513
1900 262 498
1900 427 431
1900 353 475
1900 231 707
1900 446 402
1900 263 568
1900 352 833
1900 313 663
1900 403 829
1900 385 858
1900 479 737
1900 387 494
1900 61 775
1900 241 535
1900 345 523
1900 461 828
1900 405 832
1900 285 529
1900 441 384
1900 299 569
1900 216 628
1900 235 737
1920 295 667
1920 178 608
1920 416 397
1920 263 503
1920 386 735
1920 413 901
1920 398 368
1920 81 687
1920 264 569
1920 180 623
1920 353 839
1920 303 666
1920 403 870
1920 377 794
1920 364 861
1920 457 716
1920 296 441
1920 240 532
1920 158 640
1920 32 363
1920 403 827
1920 281 527
1920 423 919
1920 402 342
1920 27 984
1920 301 573
1920 217 627
1940 101 590
1940 466 299
1940 361 992
1940 463 306
1940 260 505
1940 424 573
1940 360 983
1940 235 429
1940 358 298
1940 289 744
1940 264 568
1940 357 834
1940 308 668
1940 403 831
1940 373 299
1940 348 746
1940 373 868
1940 289 741
1940 241 533
1940 355 735
1940 286 740
1940 148 500
1940 462 870
1940 239 427
1940 368 986
1940 38 409
1940 403 830
1940 285 526
1940 411 338
1940 300 571
1940 217 628
1940 413 305
1940 72 593
1940 352 734
1960 160 447
1960 65 511
1960 431 185
1960 433 571
1960 86 507
1960 413 223
1960 98 417
1960 263 504
1960 419 568
1960 372 194
1960 193 752
1960 421 944
1960 319 1075
1960 264 568
1960 354 844
1960 93 408
1960 390 845
1960 356 214
1960 376 861
1960 339 206
1960 192 747
1960 239 535
1960 283 528
1960 429 941
1960 254 725
1960 300 568
1960 217 626
1960 213 477
1980 371 1040
1980 183 486
1980 103 461
1980 254 1151
1980 263 504
1980 237 1326
1980 317 131
1980 370 107
1980 359 490
1980 103 461
1980 264 570
1980 352 839
1980 109 463
1980 402 829
1980 382 866
1980 150 720
1980 379 484
1980 107 255
1980 65 778
1980 239 533
1980 448 886
1980 278 1187
1980 402 826
1980 284 528
1980 299 570
1980 217 626
