1800 306 667
1800 444 602
1800 76 470
1800 259 503
1800 259 572
1800 316 815
1800 306 667
1800 389 821
1800 370 764
1800 239 537
1800 289 1112
1800 440 829
1800 290 1173
1800 183 1332
1800 399 830
1800 283 532
1800 28 909
1800 297 573
1800 217 628
1800 314 815
1800 243 78
1820 273 860
1820 296 674
1820 419 387
1820 453 636
1820 84 417
1820 288 848
1820 259 501
1820 229 1266
1820 410 645
1820 427 518
1820 257 580
1820 303 670
1820 383 848
1820 360 832
1820 221 1232
1820 236 545
1820 274 861
1820 350 673
1820 85 417
1820 282 533
1820 33 891
1820 295 574
1820 218 623
1840 286 668
1840 81 452
1840 258 503
1840 392 657
1840 360 501
1840 257 585
1840 391 660
1840 320 866
1840 300 666
1840 385 854
1840 375 857
1840 427 649
1840 360 499
1840 240 547
1840 360 619
1840 58 441
1840 175 1345
1840 394 860
1840 284 531
1840 58 900
1840 297 570
1840 217 625
1860 371 563
1860 286 672
1860 76 461
1860 258 502
1860 384 700
1860 340 500
1860 285 605
1860 261 577
1860 385 705
1860 307 667
1860 388 856
1860 376 857
1860 380 708
1860 240 546
1860 340 499
1860 361 694
1860 384 854
1860 402 829
1860 317 192
1860 283 531
1860 58 929
1860 298 574
1860 216 627
1880 346 510
1880 64 533
1880 298 684
1880 433 502
1880 468 439
1880 265 494
1880 332 756
1880 377 515
1880 433 501
1880 257 582
1880 300 666
1880 385 858
1880 354 831
1880 379 511
1880 239 536
1880 315 735
1880 28 387
1880 401 837
1880 304 133
1880 282 529
1880 44 880
1880 296 578
1880 216 628
1880 331 752
1900 343 516
1900 298 663
1900 432 456
1900 259 498
1900 65 651
1900 238 729
1900 61 774
1900 350 480
1900 388 496
1900 88 774
1900 428 450
1900 257 586
1900 307 669
1900 384 861
1900 355 836
1900 478 741
1900 383 492
1900 238 729
1900 242 540
1900 462 830
1900 382 857
1900 25 369
1900 236 704
1900 400 831
1900 284 531
1900 234 727
1900 298 570
1900 216 627
1900 230 724
1920 294 660
1920 370 394
1920 299 444
1920 412 375
1920 20 638
1920 106 678
1920 264 503
1920 393 543
1920 327 479
1920 179 610
1920 410 902
1920 394 546
1920 397 428
1920 264 581
1920 183 616
1920 389 740
1920 299 665
1920 380 862
1920 404 356
1920 356 845
1920 374 809
1920 455 713
1920 240 535
1920 311 465
1920 154 637
1920 384 858
1920 29 356
1920 400 849
1920 280 528
1920 424 917
1920 399 351
1920 25 991
1920 107 677
1920 28 766
1920 296 578
1920 28 202
1920 217 630
1920 102 676
1940 286 722
1940 146 495
1940 462 297
1940 253 504
1940 358 982
1940 126 520
1940 258 595
1940 98 588
1940 306 673
1940 401 836
1940 127 516
1940 370 303
1940 360 854
1940 358 730
1940 284 742
1940 477 885
1940 289 734
1940 146 496
1940 260 480
1940 240 530
1940 464 860
1940 102 590
1940 358 983
1940 401 833
1940 280 534
1940 415 315
1940 299 574
1940 216 628
1940 410 312
1960 64 517
1960 298 681
1960 438 188
1960 90 405
1960 321 1077
1960 159 438
1960 431 556
1960 84 505
1960 400 226
1960 126 373
1960 263 504
1960 252 725
1960 367 207
1960 368 184
1960 425 952
1960 92 412
1960 258 586
1960 302 672
1960 385 856
1960 165 750
1960 348 210
1960 371 859
1960 239 530
1960 127 375
1960 312 1078
1960 160 444
1960 91 409
1960 394 823
1960 284 532
1960 428 954
1960 299 564
1960 214 629
1960 214 478
1960 353 830
1980 296 669
1980 352 1044
1980 177 489
1980 86 418
1980 457 892
1980 262 506
1980 228 1237
1980 318 144
1980 372 99
1980 361 492
1980 102 449
1980 400 1045
1980 259 578
1980 94 436
1980 300 574
1980 393 855
1980 157 719
1980 318 142
1980 370 863
1980 360 490
1980 457 905
1980 237 536
1980 317 1222
1980 454 897
1980 102 450
1980 279 1219
1980 268 1167
1980 400 837
1980 70 426
1980 400 831
1980 282 531
1980 451 894
1980 297 569
1980 216 624
1980 353 830
