1800 310 667
1800 445 600
1800 77 479
1800 322 801
1800 260 501
1800 444 601
1800 316 812
1800 266 563
1800 310 665
1800 400 828
1800 370 757
1800 400 830
1800 281 667
1800 239 531
1800 319 810
1800 289 1122
1800 442 826
1800 289 1189
1800 284 1214
1800 426 814
1800 287 527
1800 36 895
1800 302 566
1800 219 624
1800 240 63
1820 304 668
1820 427 510
1820 453 633
1820 259 499
1820 230 1243
1820 411 643
1820 278 853
1820 265 564
1820 361 835
1820 305 666
1820 378 846
1820 223 1228
1820 241 534
1820 89 419
1820 423 838
1820 285 531
1820 423 386
1820 37 884
1820 298 565
1820 218 625
1820 355 669
1840 302 662
1840 81 454
1840 259 500
1840 392 657
1840 372 300
1840 329 869
1840 364 496
1840 264 563
1840 392 657
1840 380 851
1840 303 654
1840 410 833
1840 420 655
1840 385 851
1840 362 496
1840 243 532
1840 286 529
1840 298 566
1840 218 626
1860 375 560
1860 308 665
1860 338 494
1860 258 501
1860 387 701
1860 339 497
1860 264 562
1860 352 829
1860 312 662
1860 403 837
1860 383 694
1860 386 854
1860 243 531
1860 407 821
1860 285 526
1860 58 918
1860 63 934
1860 299 568
1860 219 630
1860 366 690
1880 380 512
1880 64 528
1880 70 534
1880 305 672
1880 432 502
1880 465 436
1880 347 512
1880 268 494
1880 331 749
1880 262 566
1880 352 843
1880 310 665
1880 405 832
1880 385 856
1880 380 513
1880 278 659
1880 243 530
1880 333 750
1880 286 527
1880 50 868
1880 64 878
1880 300 570
1880 220 624
1900 235 699
1900 439 447
1900 347 505
1900 261 497
1900 438 438
1900 355 475
1900 234 696
1900 445 445
1900 65 648
1900 265 559
1900 353 839
1900 406 832
1900 387 857
1900 478 746
1900 390 495
1900 244 533
1900 346 513
1900 461 827
1900 406 820
1900 286 527
1900 441 383
1900 300 567
1900 219 624
1900 236 725
1900 64 648
1920 298 439
1920 7 483
1920 300 652
1920 179 605
1920 448 419
1920 263 502
1920 106 674
1920 395 548
1920 392 738
1920 413 898
1920 401 358
1920 106 676
1920 156 639
1920 267 563
1920 181 608
1920 357 842
1920 408 898
1920 401 342
1920 393 750
1920 378 863
1920 456 714
1920 313 458
1920 243 528
1920 313 464
1920 158 634
1920 37 361
1920 407 816
1920 284 524
1920 422 909
1920 403 342
1920 385 372
1920 107 680
1920 301 570
1920 217 625
1940 103 589
1940 293 729
1940 464 292
1940 461 295
1940 260 502
1940 419 577
1940 359 982
1940 232 429
1940 361 300
1940 269 562
1940 358 835
1940 285 754
1940 311 662
1940 406 827
1940 128 513
1940 374 298
1940 358 728
1940 383 860
1940 294 738
1940 245 531
1940 355 729
1940 293 736
1940 154 500
1940 463 868
1940 240 424
1940 363 983
1940 28 411
1940 290 522
1940 405 297
1940 304 568
1940 220 625
1940 418 304
1940 74 591
1940 359 728
1960 163 441
1960 66 513
1960 80 505
1960 437 184
1960 431 554
1960 87 503
1960 424 227
1960 263 503
1960 419 566
1960 368 179
1960 428 948
1960 256 717
1960 91 409
1960 323 1072
1960 267 566
1960 361 839
1960 93 406
1960 306 665
1960 391 838
1960 366 215
1960 386 862
1960 338 209
1960 197 747
1960 245 525
1960 121 382
1960 92 409
1960 286 528
1960 429 938
1960 300 565
1960 221 623
1980 309 659
1980 371 1027
1980 188 484
1980 87 419
1980 91 416
1980 264 503
1980 316 127
1980 374 104
1980 360 490
1980 90 421
1980 264 566
1980 356 830
1980 96 422
1980 404 829
1980 181 485
1980 385 862
1980 384 490
1980 110 253
1980 241 531
1980 451 884
1980 278 1173
1980 84 295
1980 402 820
1980 286 526
1980 301 566
1980 219 622
