1800 443 600
1800 449 608
1800 75 483
1800 261 504
1800 290 1115
1800 241 64
1800 388 809
1800 36 900
1800 471 640
1800 391 816
1800 263 569
1800 372 761
1800 222 630
1800 308 667
1800 313 817
1800 414 812
1800 371 764
1800 288 1117
1800 241 537
1800 442 826
1800 76 491
1800 290 1118
1800 293 1114
1800 393 824
1800 283 54
1800 285 531
1800 37 909
1800 294 586
1800 233 97
1820 358 836
1820 419 511
1820 454 635
1820 260 501
1820 377 840
1820 274 851
1820 415 638
1820 415 632
1820 262 563
1820 406 641
1820 221 629
1820 307 670
1820 420 838
1820 231 1249
1820 238 535
1820 280 863
1820 353 671
1820 84 417
1820 285 532
1820 426 399
1820 39 920
1820 300 573
1820 433 400
1820 246 88
1840 360 833
1840 261 503
1840 389 658
1840 362 626
1840 363 501
1840 406 660
1840 392 657
1840 264 562
1840 158 1352
1840 221 630
1840 309 656
1840 312 869
1840 241 534
1840 339 860
1840 79 457
1840 174 1362
1840 287 528
1840 44 908
1840 299 570
1840 359 633
1860 344 494
1860 360 836
1860 74 462
1860 373 558
1860 259 503
1860 363 836
1860 370 561
1860 316 181
1860 344 492
1860 386 704
1860 263 562
1860 382 699
1860 222 626
1860 309 667
1860 405 841
1860 371 564
1860 281 667
1860 241 532
1860 340 707
1860 346 850
1860 74 460
1860 353 696
1860 317 179
1860 288 528
1860 316 601
1880 66 530
1880 356 833
1880 428 501
1880 463 440
1880 335 749
1880 325 750
1880 315 724
1880 269 494
1880 375 853
1880 346 521
1880 430 503
1880 349 516
1880 382 520
1880 262 574
1880 221 629
1880 308 660
1880 405 832
1880 241 532
1880 325 751
1880 334 749
1880 352 849
1880 336 752
1880 288 528
1880 348 519
1880 47 871
1880 300 573
1880 289 666
1900 234 721
1900 437 387
1900 245 732
1900 355 828
1900 440 464
1900 101 786
1900 261 497
1900 369 847
1900 426 464
1900 348 480
1900 467 824
1900 389 501
1900 264 566
1900 62 648
1900 221 632
1900 238 699
1900 309 663
1900 404 837
1900 81 768
1900 241 537
1900 338 519
1900 473 749
1900 64 649
1900 288 529
1900 462 826
1900 437 390
1900 310 576
1920 302 447
1920 171 618
1920 13 519
1920 360 828
1920 442 463
1920 460 717
1920 188 622
1920 265 503
1920 375 841
1920 382 373
1920 287 612
1920 402 341
1920 409 890
1920 183 618
1920 391 548
1920 391 740
1920 104 683
1920 266 559
1920 176 615
1920 81 689
1920 370 832
1920 106 680
1920 222 627
1920 303 665
1920 361 829
1920 299 439
1920 445 901
1920 85 696
1920 242 533
1920 299 440
1920 315 466
1920 158 645
1920 463 713
1920 76 685
1920 351 821
1920 221 633
1920 401 798
1920 314 469
1920 284 528
1920 411 892
1920 410 351
1920 22 1026
1920 309 591
1920 176 615
1920 411 348
1920 181 616
1940 67 594
1940 429 330
1940 437 275
1940 133 494
1940 355 825
1940 421 597
1940 388 268
1940 346 739
1940 324 743
1940 258 505
1940 386 859
1940 354 987
1940 145 495
1940 233 429
1940 31 774
1940 399 271
1940 373 984
1940 349 738
1940 378 289
1940 467 873
1940 129 523
1940 435 592
1940 145 495
1940 264 561
1940 361 729
1940 358 986
1940 129 526
1940 220 628
1940 309 671
1940 455 304
1940 447 874
1940 287 726
1940 293 739
1940 160 518
1940 240 533
1940 306 671
1940 342 739
1940 459 873
1940 71 606
1940 348 842
1940 357 734
1940 377 860
1940 400 831
1940 287 527
1940 469 881
1940 129 522
1940 302 577
1940 411 292
1940 129 524
1960 251 725
1960 66 520
1960 415 225
1960 249 721
1960 366 844
1960 429 553
1960 444 569
1960 80 512
1960 167 756
1960 369 205
1960 265 505
1960 383 841
1960 370 179
1960 426 186
1960 166 754
1960 406 852
1960 190 749
1960 421 565
1960 266 559
1960 218 623
1960 241 724
1960 303 675
1960 214 477
1960 345 215
1960 304 1065
1960 230 533
1960 307 1063
1960 123 382
1960 347 852
1960 61 514
1960 372 206
1960 216 477
1960 212 633
1960 288 531
1960 214 480
1960 431 948
1960 172 446
1960 301 557
1960 121 384
1960 216 475
1980 178 494
1980 358 833
1980 175 498
1980 86 434
1980 372 83
1980 95 761
1980 266 508
1980 274 1159
1980 397 832
1980 357 1032
1980 104 456
1980 355 105
1980 255 1149
1980 361 491
1980 461 907
1980 363 1026
1980 387 496
1980 264 566
1980 359 1028
1980 224 623
1980 311 582
1980 178 494
1980 155 717
1980 400 837
1980 448 1070
1980 81 755
1980 241 541
1980 175 496
1980 353 834
1980 75 427
1980 281 1162
1980 349 94
1980 51 412
1980 399 832
1980 286 529
1980 455 905
1980 178 496
1980 304 574
