1800 307 666
1800 444 596
1800 76 481
1800 259 501
1800 262 568
1800 309 668
1800 395 821
1800 369 760
1800 239 533
1800 315 812
1800 286 1132
1800 443 827
1800 276 1182
1800 280 1217
1800 413 809
1800 284 531
1800 299 569
1800 217 628
1800 239 58
1820 300 668
1820 426 505
1820 453 639
1820 259 500
1820 230 1243
1820 411 644
1820 274 856
1820 260 573
1820 356 832
1820 304 669
1820 379 794
1820 367 844
1820 218 1225
1820 238 534
1820 422 841
1820 282 532
1820 422 387
1820 33 894
1820 298 569
1820 218 626
1820 356 672
1840 295 649
1840 80 456
1840 259 501
1840 394 653
1840 263 569
1840 392 658
1840 303 658
1840 410 833
1840 367 288
1840 415 647
1840 383 854
1840 241 534
1840 401 832
1840 283 528
1840 298 568
1840 217 626
1860 372 568
1860 293 665
1860 337 496
1860 258 502
1860 377 698
1860 279 572
1860 262 567
1860 347 835
1860 309 669
1860 401 832
1860 241 535
1860 407 828
1860 284 528
1860 57 925
1860 61 945
1860 300 570
1860 217 629
1860 360 693
1880 63 528
1880 302 666
1880 431 504
1880 463 435
1880 347 517
1880 311 743
1880 266 493
1880 312 734
1880 261 567
1880 347 828
1880 308 671
1880 407 829
1880 366 844
1880 241 533
1880 331 762
1880 404 831
1880 284 529
1880 45 872
1880 60 873
1880 299 569
1880 217 626
1900 302 660
1900 428 431
1900 346 512
1900 262 498
1900 428 426
1900 352 474
1900 442 409
1900 263 567
1900 353 829
1900 404 830
1900 384 858
1900 386 493
1900 241 534
1900 345 521
1900 462 828
1900 284 528
1900 299 568
1900 216 627
1920 293 672
1920 423 406
1920 263 503
1920 379 735
1920 413 900
1920 398 365
1920 81 686
1920 264 568
1920 179 626
1920 351 842
1920 405 864
1920 381 784
1920 365 862
1920 456 715
1920 296 441
1920 240 529
1920 158 640
1920 402 826
1920 282 525
1920 402 339
1920 25 976
1920 301 571
1920 217 626
1940 102 588
1940 465 298
1940 361 996
1940 462 309
1940 261 504
1940 423 570
1940 360 981
1940 235 429
1940 359 298
1940 290 738
1940 265 566
1940 356 837
1940 308 668
1940 403 831
1940 373 298
1940 346 753
1940 375 865
1940 278 666
1940 289 737
1940 241 530
1940 349 730
1940 287 737
1940 148 499
1940 462 870
1940 364 983
1940 404 830
1940 285 525
1940 414 315
1940 300 570
1940 217 628
1940 415 303
1940 73 594
1940 349 735
1960 160 447
1960 65 510
1960 433 182
1960 435 563
1960 86 506
1960 413 223
1960 101 418
1960 263 504
1960 419 566
1960 371 193
1960 420 936
1960 317 1075
1960 265 568
1960 354 828
1960 96 411
1960 389 831
1960 363 207
1960 380 861
1960 339 201
1960 238 529
1960 283 527
1960 429 935
1960 255 724
1960 300 568
1960 217 625
1960 213 476
1980 374 1042
1980 103 461
1980 256 1155
1980 263 504
1980 239 1311
1980 317 129
1980 370 109
1980 359 490
1980 264 568
1980 354 832
1980 109 462
1980 402 829
1980 383 864
1980 149 719
1980 386 490
1980 106 255
1980 239 532
1980 448 885
1980 279 1188
1980 284 527
1980 299 569
1980 217 625
