1800 308 667
1800 444 597
1800 76 481
1800 260 501
1800 315 814
1800 262 566
1800 308 668
1800 396 824
1800 369 761
1800 473 661
1800 240 532
1800 315 812
1800 287 1133
1800 443 827
1800 278 1188
1800 280 1210
1800 418 807
1800 285 530
1800 35 898
1800 299 568
1800 218 628
1800 240 60
1820 303 667
1820 426 505
1820 453 636
1820 276 857
1820 260 499
1820 228 1240
1820 411 643
1820 275 853
1820 261 572
1820 356 833
1820 305 669
1820 382 844
1820 370 834
1820 371 845
1820 221 1228
1820 240 534
1820 89 421
1820 422 840
1820 283 531
1820 422 386
1820 34 892
1820 298 568
1820 218 625
1820 355 670
1840 286 673
1840 80 455
1840 259 501
1840 393 655
1840 369 294
1840 263 569
1840 392 657
1840 375 850
1840 303 664
1840 398 855
1840 368 299
1840 400 679
1840 383 852
1840 420 664
1840 366 500
1840 241 532
1840 350 837
1840 361 608
1840 405 836
1840 284 527
1840 56 912
1840 60 927
1840 298 567
1840 218 627
1860 372 570
1860 305 661
1860 76 472
1860 340 491
1860 258 501
1860 380 703
1860 283 582
1860 262 567
1860 366 685
1860 348 835
1860 309 668
1860 402 836
1860 382 853
1860 241 534
1860 404 824
1860 284 527
1860 58 923
1860 63 943
1860 300 569
1860 218 628
1860 368 696
1880 65 529
1880 67 534
1880 304 668
1880 431 503
1880 462 439
1880 347 517
1880 312 742
1880 267 493
1880 311 738
1880 261 566
1880 349 828
1880 308 668
1880 406 833
1880 371 860
1880 378 514
1880 241 531
1880 332 753
1880 402 829
1880 285 528
1880 47 878
1880 60 876
1880 299 568
1880 217 626
1900 235 701
1900 300 660
1900 429 440
1900 345 512
1900 263 498
1900 426 424
1900 354 476
1900 444 426
1900 65 646
1900 263 567
1900 352 836
1900 315 661
1900 403 832
1900 383 861
1900 479 736
1900 388 493
1900 62 782
1900 242 533
1900 347 520
1900 461 827
1900 404 827
1900 285 526
1900 440 383
1900 299 569
1900 217 627
1900 235 738
1920 295 663
1920 179 607
1920 430 422
1920 462 437
1920 331 476
1920 264 502
1920 109 683
1920 386 732
1920 414 902
1920 396 372
1920 91 687
1920 264 567
1920 179 623
1920 350 844
1920 303 664
1920 398 851
1920 376 825
1920 369 864
1920 458 713
1920 297 440
1920 240 529
1920 158 639
1920 31 363
1920 401 829
1920 281 524
1920 426 916
1920 402 340
1920 27 984
1920 106 679
1920 301 571
1920 217 626
1940 25 586
1940 101 591
1940 308 677
1940 464 294
1940 361 992
1940 464 299
1940 262 502
1940 423 569
1940 359 984
1940 237 431
1940 358 294
1940 289 743
1940 265 566
1940 356 833
1940 309 668
1940 404 834
1940 129 528
1940 373 298
1940 342 778
1940 377 861
1940 291 738
1940 241 529
1940 354 733
1940 287 738
1940 148 499
1940 463 869
1940 241 431
1940 359 981
1940 37 411
1940 403 829
1940 286 524
1940 414 318
1940 301 569
1940 218 627
1940 416 301
1940 73 594
1960 160 446
1960 69 516
1960 432 184
1960 437 567
1960 86 506
1960 401 215
1960 108 410
1960 263 503
1960 418 565
1960 371 184
1960 193 749
1960 423 938
1960 319 1075
1960 264 566
1960 356 829
1960 95 410
1960 306 665
1960 389 847
1960 367 205
1960 399 762
1960 383 861
1960 338 216
1960 189 749
1960 239 537
1960 91 410
1960 284 527
1960 428 937
1960 256 728
1960 300 567
1960 219 624
1960 214 476
1980 301 657
1980 371 1040
1980 183 485
1980 102 460
1980 254 1150
1980 263 503
1980 232 1319
1980 318 134
1980 372 108
1980 361 491
1980 105 462
1980 265 567
1980 352 838
1980 109 461
1980 401 832
1980 353 827
1980 382 864
1980 150 723
1980 384 490
1980 108 257
1980 64 790
1980 239 531
1980 448 886
1980 278 1183
1980 401 827
1980 285 526
1980 299 568
1980 218 624
