1800 307 666
1800 444 596
1800 76 481
1800 259 501
1800 262 568
1800 309 668
1800 395 821
1800 368 760
1800 240 533
1800 315 812
1800 286 1134
1800 442 827
1800 276 1182
1800 281 1218
1800 413 809
1800 284 531
1800 299 569
1800 217 628
1800 240 60
1820 300 668
1820 426 506
1820 453 639
1820 259 500
1820 230 1244
1820 411 644
1820 275 856
1820 260 573
1820 356 833
1820 305 668
1820 382 801
1820 369 845
1820 219 1225
1820 238 534
1820 422 841
1820 282 532
1820 422 387
1820 33 894
1820 298 569
1820 218 626
1820 356 672
1840 295 649
1840 80 456
1840 259 501
1840 394 653
1840 263 569
1840 392 658
1840 302 657
1840 410 833
1840 367 289
1840 417 650
1840 383 852
1840 240 534
1840 401 832
1840 283 528
1840 298 568
1840 217 627
1860 372 569
1860 292 664
1860 76 464
1860 337 495
1860 258 502
1860 377 697
1860 408 830
1860 262 567
1860 347 835
1860 309 669
1860 401 832
1860 241 535
1860 406 830
1860 285 528
1860 62 945
1860 300 570
1860 217 629
1860 360 693
1880 63 528
1880 302 667
1880 431 504
1880 463 435
1880 347 518
1880 311 743
1880 266 493
1880 313 732
1880 261 567
1880 347 828
1880 308 670
1880 407 828
1880 368 848
1880 241 533
1880 332 759
1880 403 829
1880 284 529
1880 45 871
1880 60 873
1880 299 569
1880 217 625
1900 303 663
1900 428 431
1900 346 512
1900 262 498
1900 429 425
1900 352 474
1900 442 404
1900 263 567
1900 353 829
1900 404 830
1900 383 858
1900 386 493
1900 242 535
1900 345 521
1900 462 828
1900 284 528
1900 440 382
1900 299 569
1900 216 627
1920 294 672
1920 426 413
1920 264 503
1920 380 734
1920 413 901
1920 398 363
1920 80 683
1920 264 568
1920 179 627
1920 351 841
1920 407 875
1920 380 787
1920 364 861
1920 456 715
1920 296 441
1920 240 530
1920 158 641
1920 26 363
1920 401 826
1920 282 525
1920 402 339
1920 399 356
1920 26 977
1920 301 571
1920 217 626
1940 102 589
1940 465 297
1940 361 995
1940 463 315
1940 261 504
1940 422 570
1940 360 981
1940 236 429
1940 358 297
1940 290 739
1940 264 566
1940 356 837
1940 308 668
1940 403 831
1940 374 297
1940 346 750
1940 375 862
1940 278 666
1940 289 738
1940 241 530
1940 287 738
1940 148 499
1940 462 870
1940 362 982
1940 36 411
1940 404 830
1940 285 525
1940 413 318
1940 300 571
1940 217 628
1940 416 303
1940 73 594
1940 349 735
1960 160 447
1960 65 511
1960 433 181
1960 435 562
1960 86 506
1960 410 223
1960 100 417
1960 263 504
1960 419 566
1960 371 193
1960 420 938
1960 318 1074
1960 265 568
1960 355 828
1960 95 411
1960 389 832
1960 363 207
1960 382 860
1960 339 201
1960 238 528
1960 283 528
1960 429 936
1960 255 724
1960 300 568
1960 217 625
1960 213 476
1980 374 1043
1980 103 460
1980 254 1153
1980 263 504
1980 242 1308
1980 317 131
1980 370 108
1980 359 490
1980 264 569
1980 354 832
1980 109 462
1980 402 829
1980 383 866
1980 149 719
1980 386 491
1980 106 255
1980 66 774
1980 239 533
1980 448 884
1980 280 1188
1980 284 527
1980 299 569
1980 217 625
