1800 308 668
1800 446 602
1800 77 484
1800 258 502
1800 238 79
1800 316 813
1800 447 603
1800 262 568
1800 308 668
1800 399 828
1800 369 763
1800 391 821
1800 443 824
1800 241 536
1800 316 813
1800 290 1118
1800 442 823
1800 295 1130
1800 418 809
1800 286 531
1800 33 893
1800 300 570
1800 216 629
1800 237 67
1820 306 674
1820 426 512
1820 453 635
1820 278 854
1820 259 502
1820 224 1230
1820 410 641
1820 85 417
1820 257 573
1820 359 838
1820 420 835
1820 383 848
1820 222 1232
1820 237 537
1820 277 854
1820 85 417
1820 422 839
1820 284 533
1820 421 385
1820 35 892
1820 298 572
1820 217 626
1820 354 670
1840 282 674
1840 81 457
1840 257 503
1840 381 852
1840 392 659
1840 364 289
1840 324 865
1840 363 497
1840 263 564
1840 391 658
1840 381 856
1840 304 665
1840 408 836
1840 389 854
1840 241 535
1840 404 838
1840 285 529
1840 54 913
1840 58 914
1840 298 570
1840 217 627
1840 392 659
1860 343 491
1860 304 670
1860 76 463
1860 257 504
1860 387 696
1860 341 494
1860 295 588
1860 263 562
1860 371 686
1860 354 832
1860 308 672
1860 401 829
1860 370 701
1860 386 855
1860 240 537
1860 402 827
1860 285 529
1860 63 937
1860 63 941
1860 299 571
1860 217 630
1860 372 685
1880 347 513
1880 66 533
1880 302 670
1880 434 502
1880 466 440
1880 269 496
1880 434 504
1880 348 514
1880 259 569
1880 350 844
1880 305 672
1880 402 830
1880 354 828
1880 384 854
1880 241 533
1880 333 754
1880 403 823
1880 286 530
1880 47 877
1880 57 872
1880 298 571
1880 217 627
1880 333 756
1900 352 491
1900 302 675
1900 434 454
1900 258 495
1900 235 695
1900 435 461
1900 61 777
1900 353 477
1900 433 459
1900 89 770
1900 357 488
1900 266 562
1900 354 839
1900 307 665
1900 402 838
1900 385 857
1900 477 747
1900 390 496
1900 63 778
1900 242 536
1900 264 570
1900 233 725
1900 463 830
1900 235 707
1900 401 831
1900 286 530
1900 300 571
1900 217 628
1900 236 726
1900 63 646
1920 395 543
1920 298 440
1920 303 669
1920 181 609
1920 424 394
1920 454 420
1920 106 680
1920 264 503
1920 106 677
1920 417 897
1920 401 358
1920 106 678
1920 403 388
1920 286 615
1920 263 571
1920 183 617
1920 363 838
1920 398 846
1920 405 349
1920 374 830
1920 382 861
1920 456 714
1920 297 441
1920 34 744
1920 241 532
1920 313 471
1920 268 572
1920 155 641
1920 403 833
1920 283 527
1920 424 915
1920 407 346
1920 26 996
1920 300 569
1920 216 628
1940 71 592
1940 102 591
1940 310 666
1940 467 290
1940 147 497
1940 465 293
1940 126 520
1940 259 506
1940 424 579
1940 360 981
1940 372 300
1940 352 736
1940 264 565
1940 358 850
1940 310 669
1940 402 827
1940 126 519
1940 374 293
1940 354 734
1940 387 857
1940 477 890
1940 290 741
1940 30 761
1940 240 536
1940 145 495
1940 461 875
1940 231 428
1940 363 988
1940 23 416
1940 404 827
1940 285 528
1940 425 315
1940 32 951
1940 300 572
1940 216 628
1940 410 291
1940 71 594
1940 352 736
1960 160 445
1960 63 506
1960 304 670
1960 436 185
1960 435 560
1960 79 508
1960 402 225
1960 119 385
1960 264 504
1960 255 728
1960 423 565
1960 422 566
1960 345 214
1960 368 179
1960 426 945
1960 92 412
1960 308 1044
1960 265 566
1960 361 842
1960 393 860
1960 430 192
1960 338 211
1960 352 831
1960 385 862
1960 335 206
1960 212 477
1960 22 762
1960 195 745
1960 241 529
1960 307 1048
1960 303 1057
1960 387 861
1960 90 406
1960 388 833
1960 286 530
1960 428 943
1960 301 567
1960 218 626
1960 427 219
1960 71 519
1960 213 478
1980 302 669
1980 362 1030
1980 179 487
1980 74 418
1980 110 464
1980 265 506
1980 234 1229
1980 311 127
1980 376 92
1980 362 492
1980 104 465
1980 382 1052
1980 93 757
1980 264 569
1980 353 839
1980 106 465
1980 399 830
1980 86 423
1980 158 721
1980 342 118
1980 352 831
1980 387 857
1980 162 721
1980 365 488
1980 108 252
1980 239 534
1980 271 1165
1980 451 886
1980 87 425
1980 275 1167
1980 269 1169
1980 380 1054
1980 106 414
1980 399 830
1980 286 528
1980 299 569
1980 56 262
1980 217 630
