1800 304 668
1800 444 596
1800 76 482
1800 259 501
1800 262 568
1800 309 668
1800 395 822
1800 368 760
1800 240 534
1800 316 811
1800 286 1133
1800 443 827
1800 276 1183
1800 280 1218
1800 414 809
1800 284 530
1800 32 900
1800 299 569
1800 217 628
1800 239 58
1820 299 668
1820 426 505
1820 453 639
1820 260 500
1820 230 1244
1820 411 644
1820 274 857
1820 260 573
1820 356 832
1820 305 669
1820 379 794
1820 368 844
1820 218 1225
1820 239 534
1820 422 841
1820 282 532
1820 422 387
1820 33 895
1820 298 569
1820 218 626
1820 356 672
1840 295 651
1840 80 456
1840 259 501
1840 394 653
1840 263 569
1840 392 658
1840 303 658
1840 409 832
1840 368 289
1840 414 648
1840 382 854
1840 240 534
1840 401 832
1840 283 528
1840 298 568
1840 217 627
1860 373 569
1860 293 665
1860 338 496
1860 258 502
1860 377 698
1860 279 574
1860 262 567
1860 346 835
1860 309 669
1860 401 832
1860 241 535
1860 407 828
1860 285 528
1860 61 946
1860 300 570
1860 217 629
1860 360 693
1880 63 528
1880 302 665
1880 431 504
1880 463 435
1880 347 518
1880 311 743
1880 266 493
1880 312 735
1880 261 567
1880 347 829
1880 308 670
1880 407 829
1880 364 845
1880 241 533
1880 332 762
1880 403 830
1880 284 529
1880 45 873
1880 60 874
1880 300 569
1880 217 626
1900 299 661
1900 428 431
1900 346 512
1900 262 498
1900 428 427
1900 352 474
1900 442 418
1900 263 567
1900 353 829
1900 404 830
1900 384 858
1900 386 493
1900 241 534
1900 345 521
1900 462 829
1900 284 528
1900 441 381
1900 299 568
1900 216 626
1920 294 673
1920 425 412
1920 264 503
1920 383 734
1920 413 901
1920 398 367
1920 81 686
1920 264 568
1920 179 627
1920 351 842
1920 407 873
1920 381 786
1920 365 861
1920 456 716
1920 296 441
1920 240 529
1920 158 641
1920 27 364
1920 402 826
1920 282 526
1920 402 340
1920 399 356
1920 26 977
1920 301 570
1920 217 626
1940 102 589
1940 465 300
1940 361 997
1940 462 308
1940 261 504
1940 423 570
1940 359 981
1940 235 430
1940 358 298
1940 290 738
1940 265 566
1940 356 838
1940 308 668
1940 403 831
1940 374 298
1940 346 752
1940 375 866
1940 278 666
1940 289 737
1940 241 530
1940 350 734
1940 287 737
1940 148 498
1940 462 871
1940 364 982
1940 36 410
1940 404 830
1940 285 525
1940 414 315
1940 300 570
1940 217 628
1940 416 302
1940 73 595
1940 350 735
1960 160 446
1960 65 510
1960 434 181
1960 435 563
1960 86 506
1960 411 222
1960 103 418
1960 263 504
1960 418 566
1960 371 192
1960 420 938
1960 317 1074
1960 265 568
1960 355 828
1960 96 411
1960 389 832
1960 362 209
1960 379 860
1960 339 201
1960 238 528
1960 283 527
1960 429 936
1960 255 724
1960 300 568
1960 217 624
1960 213 477
1980 373 1042
1980 181 485
1980 103 460
1980 255 1154
1980 263 504
1980 239 1304
1980 317 129
1980 370 109
1980 359 490
1980 264 569
1980 354 833
1980 109 462
1980 402 830
1980 383 864
1980 149 719
1980 386 491
1980 106 256
1980 65 774
1980 239 533
1980 448 884
1980 279 1188
1980 284 527
1980 299 569
1980 217 625
