1800 76 483
1800 307 666
1800 446 597
1800 78 481
1800 259 501
1800 261 567
1800 308 665
1800 405 835
1800 369 764
1800 394 826
1800 240 532
1800 314 812
1800 291 1195
1800 287 1117
1800 442 823
1800 293 1190
1800 280 1207
1800 186 1346
1800 420 809
1800 285 530
1800 29 901
1800 300 568
1800 216 627
1800 235 65
1820 306 668
1820 427 509
1820 453 630
1820 275 852
1820 259 500
1820 223 1230
1820 418 505
1820 417 631
1820 278 849
1820 257 568
1820 358 832
1820 306 667
1820 354 675
1820 381 846
1820 453 630
1820 222 1225
1820 238 533
1820 85 417
1820 421 839
1820 285 529
1820 423 384
1820 33 887
1820 298 568
1820 217 625
1820 354 669
1840 288 672
1840 82 455
1840 259 500
1840 393 655
1840 366 291
1840 324 864
1840 363 497
1840 260 567
1840 363 615
1840 368 827
1840 304 615
1840 386 853
1840 422 647
1840 241 531
1840 362 617
1840 408 830
1840 285 526
1840 51 895
1840 64 909
1840 299 566
1840 217 625
1840 359 618
1860 306 669
1860 75 459
1860 258 501
1860 385 699
1860 374 563
1860 341 493
1860 263 562
1860 357 693
1860 352 833
1860 308 670
1860 402 826
1860 386 701
1860 387 855
1860 240 534
1860 403 825
1860 317 187
1860 286 527
1860 56 916
1860 57 933
1860 300 567
1860 217 630
1860 369 688
1880 346 515
1880 64 529
1880 65 529
1880 303 664
1880 435 498
1880 465 436
1880 269 493
1880 434 497
1880 260 566
1880 352 824
1880 306 668
1880 385 856
1880 379 506
1880 241 532
1880 333 753
1880 402 830
1880 286 527
1880 48 870
1880 63 877
1880 298 566
1880 217 625
1880 66 530
1900 344 516
1900 230 704
1900 307 667
1900 440 389
1900 84 764
1900 235 728
1900 262 495
1900 438 456
1900 353 475
1900 231 697
1900 435 447
1900 62 640
1900 261 565
1900 355 829
1900 314 674
1900 386 857
1900 479 743
1900 391 494
1900 65 776
1900 242 533
1900 350 499
1900 461 825
1900 233 692
1900 400 833
1900 286 528
1900 437 383
1900 298 569
1900 217 626
1920 296 438
1920 302 661
1920 179 606
1920 413 366
1920 447 423
1920 264 502
1920 106 677
1920 394 543
1920 183 610
1920 412 894
1920 107 677
1920 264 567
1920 182 611
1920 355 840
1920 394 756
1920 402 345
1920 384 734
1920 378 862
1920 456 712
1920 295 440
1920 82 697
1920 240 528
1920 313 462
1920 106 675
1920 153 635
1920 405 898
1920 402 831
1920 281 526
1920 425 914
1920 404 347
1920 299 567
1920 217 626
1920 403 340
1940 70 591
1940 102 589
1940 308 666
1940 465 291
1940 361 983
1940 464 295
1940 128 518
1940 264 506
1940 465 298
1940 359 982
1940 291 736
1940 373 293
1940 262 565
1940 356 831
1940 280 743
1940 312 669
1940 126 518
1940 372 289
1940 353 732
1940 383 863
1940 290 738
1940 239 529
1940 353 733
1940 147 497
1940 465 869
1940 242 429
1940 359 982
1940 23 411
1940 403 823
1940 286 525
1940 377 291
1940 102 588
1940 301 569
1940 217 627
1940 427 317
1940 70 593
1940 353 734
1960 160 442
1960 62 503
1960 86 501
1960 305 669
1960 435 181
1960 431 549
1960 84 499
1960 401 217
1960 121 380
1960 253 725
1960 263 502
1960 422 560
1960 434 552
1960 368 202
1960 368 179
1960 423 951
1960 306 1067
1960 265 567
1960 359 832
1960 95 413
1960 337 210
1960 386 862
1960 338 213
1960 241 528
1960 302 1059
1960 160 443
1960 89 409
1960 89 407
1960 285 528
1960 426 944
1960 301 566
1960 218 625
1960 213 477
1980 305 666
1980 366 1023
1980 180 484
1980 69 419
1980 264 504
1980 309 124
1980 373 97
1980 360 490
1980 88 418
1980 402 1043
1980 263 567
1980 353 831
1980 93 414
1980 399 827
1980 157 721
1980 387 855
1980 159 720
1980 387 490
1980 108 249
1980 267 1159
1980 240 532
1980 353 831
1980 178 486
1980 453 885
1980 88 421
1980 280 1177
1980 274 1165
1980 78 295
1980 400 828
1980 285 527
1980 451 885
1980 300 565
1980 81 293
1980 218 626
