1800 309 668
1800 444 597
1800 76 481
1800 260 501
1800 315 816
1800 263 568
1800 309 668
1800 396 830
1800 369 761
1800 438 827
1800 240 534
1800 315 812
1800 286 1138
1800 443 828
1800 278 1186
1800 278 1218
1800 418 808
1800 285 531
1800 33 899
1800 300 570
1800 217 630
1800 235 62
1820 304 670
1820 426 507
1820 453 636
1820 275 854
1820 260 500
1820 228 1245
1820 411 645
1820 276 854
1820 261 572
1820 356 835
1820 306 668
1820 381 813
1820 370 846
1820 220 1228
1820 239 535
1820 85 423
1820 423 842
1820 283 533
1820 422 385
1820 33 895
1820 298 570
1820 218 627
1820 354 670
1840 282 673
1840 80 455
1840 320 868
1840 259 502
1840 393 657
1840 368 297
1840 324 867
1840 362 497
1840 263 568
1840 392 657
1840 303 656
1840 398 853
1840 422 648
1840 382 855
1840 368 503
1840 241 535
1840 359 610
1840 361 614
1840 404 835
1840 284 529
1840 48 893
1840 58 917
1840 298 568
1840 218 627
1860 373 567
1860 304 668
1860 76 470
1860 338 494
1860 258 502
1860 382 704
1860 262 567
1860 349 834
1860 309 670
1860 403 838
1860 364 704
1860 384 856
1860 241 535
1860 405 824
1860 284 529
1860 55 918
1860 61 942
1860 300 570
1860 217 631
1860 359 694
1880 64 530
1880 68 535
1880 302 669
1880 432 500
1880 462 437
1880 346 518
1880 314 745
1880 267 494
1880 310 741
1880 262 569
1880 349 827
1880 308 672
1880 407 834
1880 370 860
1880 282 662
1880 378 513
1880 241 534
1880 331 762
1880 275 666
1880 347 511
1880 403 827
1880 285 530
1880 46 878
1880 61 878
1880 299 570
1880 218 627
1900 305 665
1900 431 439
1900 344 512
1900 263 499
1900 427 438
1900 353 475
1900 434 440
1900 64 645
1900 263 566
1900 352 830
1900 405 833
1900 383 864
1900 387 493
1900 62 781
1900 242 536
1900 345 518
1900 461 829
1900 406 826
1900 285 529
1900 441 386
1900 299 569
1900 217 628
1900 235 731
1920 312 467
1920 295 667
1920 179 607
1920 446 417
1920 458 433
1920 264 503
1920 387 736
1920 412 903
1920 400 348
1920 80 684
1920 264 569
1920 178 622
1920 351 845
1920 304 667
1920 408 903
1920 374 863
1920 456 716
1920 295 441
1920 241 532
1920 158 638
1920 402 829
1920 281 526
1920 426 920
1920 403 341
1920 398 355
1920 27 992
1920 301 570
1920 217 626
1940 101 589
1940 308 664
1940 464 295
1940 362 995
1940 261 504
1940 423 574
1940 360 984
1940 358 296
1940 288 743
1940 265 567
1940 356 832
1940 309 666
1940 403 834
1940 128 524
1940 373 297
1940 349 731
1940 377 865
1940 278 666
1940 476 887
1940 291 740
1940 241 530
1940 350 739
1940 288 739
1940 148 500
1940 463 869
1940 237 429
1940 367 983
1940 35 413
1940 405 828
1940 285 525
1940 404 312
1940 300 571
1940 217 630
1940 415 301
1940 71 594
1940 350 734
1960 161 446
1960 67 514
1960 433 183
1960 435 559
1960 86 505
1960 399 217
1960 107 403
1960 263 504
1960 418 564
1960 371 193
1960 194 748
1960 368 197
1960 423 953
1960 325 1072
1960 265 568
1960 353 831
1960 93 408
1960 392 844
1960 368 205
1960 379 865
1960 338 202
1960 191 755
1960 239 537
1960 91 410
1960 284 529
1960 429 940
1960 300 568
1960 218 626
1960 214 476
1980 364 1034
1980 181 486
1980 103 456
1980 340 1210
1980 251 1154
1980 264 504
1980 240 1333
1980 317 135
1980 370 104
1980 360 490
1980 106 461
1980 265 570
1980 352 838
1980 109 462
1980 401 832
1980 385 864
1980 151 721
1980 383 491
1980 106 261
1980 64 780
1980 240 533
1980 450 885
1980 277 1207
1980 402 828
1980 284 528
1980 299 569
1980 217 625
