1800 304 667
1800 444 596
1800 75 482
1800 259 501
1800 262 568
1800 309 668
1800 395 821
1800 369 760
1800 239 533
1800 315 811
1800 286 1133
1800 443 827
1800 276 1183
1800 280 1218
1800 414 809
1800 284 531
1800 32 902
1800 299 569
1800 217 628
1800 239 59
1820 299 668
1820 426 505
1820 453 639
1820 259 500
1820 230 1243
1820 411 644
1820 274 857
1820 260 573
1820 356 832
1820 304 669
1820 378 791
1820 367 844
1820 218 1225
1820 239 534
1820 422 841
1820 282 532
1820 422 387
1820 33 895
1820 298 569
1820 218 626
1820 356 672
1840 294 652
1840 80 456
1840 259 501
1840 394 654
1840 263 569
1840 392 658
1840 302 659
1840 409 835
1840 367 289
1840 415 647
1840 382 854
1840 240 534
1840 401 832
1840 283 528
1840 298 568
1840 217 627
1860 372 568
1860 293 665
1860 76 464
1860 337 496
1860 258 502
1860 377 698
1860 410 829
1860 279 571
1860 262 567
1860 346 835
1860 309 669
1860 401 832
1860 241 535
1860 406 828
1860 285 528
1860 61 945
1860 300 570
1860 217 629
1860 360 693
1880 63 528
1880 302 665
1880 431 504
1880 463 434
1880 347 518
1880 311 743
1880 266 493
1880 312 734
1880 261 567
1880 347 829
1880 308 671
1880 407 830
1880 365 842
1880 241 533
1880 332 762
1880 403 830
1880 284 529
1880 45 873
1880 60 873
1880 300 569
1880 217 626
1900 301 659
1900 428 430
1900 346 511
1900 262 498
1900 428 426
1900 352 474
1900 442 411
1900 263 568
1900 353 829
1900 404 830
1900 384 858
1900 386 493
1900 242 534
1900 345 521
1900 462 828
1900 284 528
1900 299 568
1900 216 626
1920 294 673
1920 420 397
1920 263 503
1920 381 734
1920 413 901
1920 398 366
1920 82 686
1920 264 568
1920 178 627
1920 351 842
1920 406 868
1920 379 787
1920 364 861
1920 456 715
1920 296 442
1920 240 529
1920 158 641
1920 402 825
1920 282 526
1920 402 340
1920 26 975
1920 301 570
1920 217 626
1940 102 588
1940 466 302
1940 361 996
1940 462 310
1940 261 504
1940 423 571
1940 359 982
1940 235 429
1940 358 298
1940 289 738
1940 265 566
1940 356 838
1940 308 668
1940 403 831
1940 373 298
1940 346 751
1940 375 866
1940 278 665
1940 289 737
1940 241 530
1940 350 732
1940 286 738
1940 148 499
1940 462 871
1940 364 983
1940 404 830
1940 285 525
1940 413 316
1940 300 570
1940 217 628
1940 415 303
1940 73 594
1940 350 735
1960 159 447
1960 65 511
1960 434 181
1960 435 562
1960 86 506
1960 412 224
1960 103 417
1960 263 504
1960 419 566
1960 371 193
1960 420 937
1960 317 1074
1960 264 568
1960 355 828
1960 95 411
1960 389 831
1960 362 208
1960 379 860
1960 339 201
1960 238 529
1960 283 527
1960 429 935
1960 254 724
1960 300 568
1960 217 625
1960 213 476
1980 373 1042
1980 103 460
1980 255 1154
1980 263 504
1980 239 1309
1980 317 129
1980 370 108
1980 360 490
1980 264 569
1980 354 833
1980 109 462
1980 402 828
1980 383 865
1980 149 719
1980 386 490
1980 106 255
1980 65 774
1980 239 533
1980 448 885
1980 279 1188
1980 284 527
1980 299 569
1980 217 625
