1800 307 666
1800 444 596
1800 76 481
1800 259 501
1800 313 815
1800 263 568
1800 309 668
1800 395 820
1800 369 760
1800 240 534
1800 315 812
1800 286 1133
1800 443 826
1800 276 1181
1800 280 1218
1800 415 809
1800 284 530
1800 32 898
1800 299 569
1800 217 628
1800 239 59
1820 299 668
1820 426 506
1820 453 639
1820 260 500
1820 230 1244
1820 411 643
1820 275 855
1820 260 573
1820 356 832
1820 305 668
1820 385 798
1820 368 843
1820 218 1225
1820 239 534
1820 422 840
1820 283 532
1820 422 387
1820 33 895
1820 298 569
1820 218 626
1820 356 671
1840 295 650
1840 80 456
1840 259 501
1840 395 653
1840 263 569
1840 392 658
1840 303 657
1840 410 833
1840 366 290
1840 420 650
1840 383 854
1840 240 534
1840 401 832
1840 283 528
1840 298 568
1840 217 626
1860 373 567
1860 292 663
1860 76 464
1860 337 495
1860 258 502
1860 377 698
1860 279 569
1860 262 567
1860 347 835
1860 310 669
1860 401 831
1860 241 535
1860 407 827
1860 285 528
1860 57 923
1860 62 944
1860 300 570
1860 217 629
1860 361 693
1880 63 528
1880 303 666
1880 431 503
1880 463 433
1880 347 517
1880 312 743
1880 266 493
1880 313 732
1880 261 567
1880 348 826
1880 309 671
1880 407 828
1880 364 842
1880 241 533
1880 332 758
1880 402 826
1880 284 529
1880 45 871
1880 59 873
1880 300 570
1880 217 626
1900 303 660
1900 428 432
1900 346 512
1900 263 499
1900 428 425
1900 353 474
1900 443 410
1900 263 567
1900 353 828
1900 404 829
1900 443 649
1900 385 857
1900 386 493
1900 59 770
1900 242 534
1900 345 520
1900 462 828
1900 284 528
1900 299 569
1900 216 626
1900 235 738
1920 293 673
1920 179 606
1920 427 411
1920 264 503
1920 386 732
1920 414 901
1920 398 363
1920 80 683
1920 264 568
1920 180 625
1920 351 840
1920 406 870
1920 381 785
1920 364 862
1920 457 715
1920 296 441
1920 240 529
1920 158 640
1920 26 364
1920 400 828
1920 281 526
1920 402 339
1920 397 350
1920 26 980
1920 301 571
1920 217 626
1940 22 577
1940 102 588
1940 466 298
1940 361 994
1940 462 307
1940 261 504
1940 423 571
1940 360 981
1940 235 429
1940 358 297
1940 290 739
1940 265 566
1940 357 835
1940 309 668
1940 403 830
1940 373 297
1940 347 751
1940 375 865
1940 290 738
1940 241 531
1940 287 737
1940 149 498
1940 463 870
1940 363 982
1940 37 410
1940 404 829
1940 285 525
1940 415 316
1940 300 570
1940 217 628
1940 416 304
1940 73 593
1940 349 737
1960 160 446
1960 66 511
1960 433 183
1960 435 560
1960 87 505
1960 410 222
1960 100 418
1960 263 504
1960 419 567
1960 371 194
1960 421 938
1960 317 1072
1960 265 568
1960 354 828
1960 95 411
1960 389 832
1960 364 206
1960 378 857
1960 338 202
1960 190 750
1960 238 528
1960 283 528
1960 429 935
1960 255 724
1960 300 568
1960 217 625
1960 213 476
1980 374 1042
1980 103 459
1980 255 1154
1980 263 504
1980 241 1309
1980 317 130
1980 370 109
1980 359 489
1980 264 568
1980 355 831
1980 109 462
1980 402 829
1980 383 864
1980 149 717
1980 386 492
1980 106 255
1980 64 776
1980 239 533
1980 448 884
1980 280 1190
1980 284 527
1980 299 569
1980 217 625
