1800 444 598
1800 76 483
1800 260 502
1800 315 816
1800 263 569
1800 308 667
1800 396 827
1800 369 762
1800 442 825
1800 240 535
1800 315 814
1800 287 1132
1800 444 827
1800 278 1187
1800 281 1217
1800 422 816
1800 285 531
1800 34 901
1800 299 570
1800 217 630
1800 236 56
1820 303 670
1820 427 506
1820 453 637
1820 274 855
1820 260 501
1820 228 1238
1820 411 640
1820 276 855
1820 261 572
1820 305 669
1820 382 847
1820 368 843
1820 220 1224
1820 239 535
1820 86 423
1820 421 842
1820 283 532
1820 422 388
1820 33 897
1820 298 570
1820 218 627
1820 355 671
1840 289 659
1840 260 503
1840 395 654
1840 323 867
1840 362 496
1840 263 568
1840 392 658
1840 300 660
1840 409 832
1840 366 297
1840 420 654
1840 379 857
1840 420 672
1840 240 536
1840 361 609
1840 404 834
1840 284 529
1840 56 912
1840 298 569
1840 218 627
1840 363 613
1860 373 569
1860 298 664
1860 76 470
1860 338 499
1860 258 503
1860 378 700
1860 280 587
1860 262 569
1860 349 838
1860 310 670
1860 403 828
1860 387 704
1860 373 823
1860 242 534
1860 352 837
1860 405 821
1860 285 529
1860 63 943
1860 300 571
1860 217 631
1860 361 694
1880 64 529
1880 303 670
1880 432 504
1880 462 439
1880 348 519
1880 314 742
1880 268 494
1880 315 731
1880 261 568
1880 349 836
1880 307 671
1880 403 827
1880 373 858
1880 241 535
1880 333 755
1880 402 827
1880 285 529
1880 48 878
1880 60 875
1880 299 570
1880 217 629
1900 232 708
1900 305 662
1900 430 435
1900 346 514
1900 263 501
1900 426 431
1900 353 475
1900 445 403
1900 263 567
1900 60 1167
1900 353 834
1900 313 666
1900 404 830
1900 383 860
1900 387 494
1900 62 780
1900 242 536
1900 347 520
1900 462 828
1900 405 828
1900 285 529
1900 442 387
1900 299 569
1900 217 628
1900 235 736
1920 297 667
1920 179 609
1920 425 404
1920 264 504
1920 385 735
1920 412 899
1920 399 374
1920 80 684
1920 264 568
1920 181 620
1920 355 839
1920 303 668
1920 398 844
1920 385 772
1920 359 856
1920 456 717
1920 295 442
1920 240 532
1920 158 641
1920 403 828
1920 282 527
1920 425 915
1920 403 342
1920 26 992
1920 301 572
1920 217 627
1940 102 590
1940 466 298
1940 360 989
1940 464 308
1940 262 506
1940 422 572
1940 358 984
1940 236 429
1940 357 298
1940 264 566
1940 357 836
1940 311 668
1940 403 829
1940 373 300
1940 350 736
1940 370 866
1940 290 740
1940 242 533
1940 356 735
1940 288 739
1940 149 499
1940 464 868
1940 241 430
1940 365 985
1940 403 830
1940 285 526
1940 414 320
1940 300 571
1940 217 630
1940 414 306
1940 72 594
1940 351 733
1960 160 447
1960 66 513
1960 434 181
1960 436 561
1960 86 507
1960 416 228
1960 98 417
1960 263 504
1960 418 567
1960 371 191
1960 194 753
1960 419 947
1960 320 1075
1960 265 568
1960 356 842
1960 94 411
1960 306 667
1960 388 849
1960 368 206
1960 373 863
1960 340 203
1960 193 752
1960 239 531
1960 284 528
1960 428 938
1960 300 568
1960 217 626
1960 213 476
1980 371 1044
1980 184 486
1980 103 461
1980 257 1150
1980 264 504
1980 317 128
1980 370 108
1980 360 490
1980 265 569
1980 355 833
1980 109 462
1980 401 832
1980 382 866
1980 156 721
1980 378 483
1980 107 258
1980 69 779
1980 240 534
1980 449 886
1980 278 1186
1980 401 824
1980 285 528
1980 299 570
1980 217 626
