1800 446 601
1800 448 603
1800 77 481
1800 261 501
1800 293 1108
1800 282 661
1800 263 570
1800 370 762
1800 218 630
1800 308 669
1800 392 821
1800 411 827
1800 471 923
1800 241 532
1800 76 482
1800 302 1193
1800 291 1109
1800 440 821
1800 257 59
1800 283 532
1800 393 828
1800 35 896
1800 301 569
1820 432 512
1820 284 685
1820 418 512
1820 455 633
1820 276 851
1820 259 503
1820 281 679
1820 429 516
1820 224 1230
1820 277 850
1820 421 383
1820 404 644
1820 259 572
1820 379 844
1820 218 625
1820 305 670
1820 381 849
1820 422 842
1820 228 1249
1820 238 534
1820 362 682
1820 85 418
1820 283 532
1820 421 841
1820 425 387
1820 33 890
1820 300 572
1820 305 674
1840 81 455
1840 367 292
1840 259 503
1840 280 673
1840 362 622
1840 368 292
1840 366 501
1840 362 287
1840 392 659
1840 262 564
1840 360 833
1840 354 842
1840 155 1345
1840 218 625
1840 299 669
1840 407 841
1840 370 301
1840 404 846
1840 241 533
1840 315 865
1840 282 676
1840 362 630
1840 81 455
1840 165 1363
1840 423 650
1840 285 530
1840 406 842
1840 51 895
1840 64 909
1840 300 567
1840 362 619
1860 77 464
1860 260 504
1860 283 674
1860 373 565
1860 320 185
1860 343 491
1860 472 514
1860 387 703
1860 374 558
1860 265 563
1860 355 830
1860 220 627
1860 308 668
1860 397 852
1860 357 694
1860 400 846
1860 373 560
1860 240 534
1860 342 498
1860 374 697
1860 75 459
1860 286 531
1860 400 838
1860 341 495
1860 57 916
1860 76 461
1860 73 961
1860 304 578
1880 349 517
1880 65 528
1880 435 503
1880 467 440
1880 349 516
1880 319 744
1880 268 494
1880 281 667
1880 380 513
1880 379 517
1880 260 573
1880 354 826
1880 220 624
1880 305 669
1880 388 856
1880 335 749
1880 401 845
1880 296 649
1880 240 530
1880 344 514
1880 65 528
1880 277 85
1880 275 81
1880 287 529
1880 400 841
1880 348 518
1880 47 869
1880 51 865
1880 300 569
1880 305 669
1900 238 728
1900 443 391
1900 437 457
1900 85 753
1900 355 825
1900 260 500
1900 275 699
1900 435 448
1900 61 780
1900 355 474
1900 473 820
1900 392 499
1900 442 389
1900 265 570
1900 86 742
1900 355 825
1900 219 633
1900 309 663
1900 386 861
1900 402 840
1900 257 695
1900 242 537
1900 355 478
1900 476 750
1900 251 703
1900 477 741
1900 287 530
1900 400 838
1900 444 392
1900 356 474
1900 300 571
1920 299 436
1920 326 487
1920 300 439
1920 183 616
1920 265 507
1920 286 673
1920 394 538
1920 37 748
1920 280 625
1920 420 917
1920 158 639
1920 395 543
1920 391 742
1920 265 558
1920 183 621
1920 105 682
1920 357 827
1920 106 677
1920 220 632
1920 298 678
1920 380 860
1920 444 453
1920 384 870
1920 315 467
1920 79 688
1920 241 531
1920 300 438
1920 457 724
1920 360 848
1920 394 747
1920 283 539
1920 410 897
1920 408 345
1920 27 1004
1920 18 951
1920 304 607
1920 105 676
1940 70 589
1940 127 523
1940 461 288
1940 464 290
1940 379 856
1940 424 577
1940 380 289
1940 266 476
1940 261 507
1940 277 674
1940 358 982
1940 376 289
1940 468 873
1940 359 984
1940 463 293
1940 147 496
1940 270 569
1940 355 732
1940 219 630
1940 309 670
1940 402 833
1940 346 739
1940 402 837
1940 239 531
1940 459 875
1940 102 590
1940 361 850
1940 286 529
1940 401 836
1940 128 522
1940 300 572
1940 389 267
1960 162 442
1960 65 510
1960 434 178
1960 163 440
1960 428 550
1960 439 560
1960 78 513
1960 163 748
1960 364 176
1960 263 504
1960 301 682
1960 428 941
1960 436 557
1960 372 181
1960 428 954
1960 122 385
1960 269 567
1960 356 830
1960 162 445
1960 215 629
1960 304 672
1960 387 864
1960 359 853
1960 370 206
1960 240 533
1960 310 1076
1960 73 505
1960 434 172
1960 216 476
1960 379 869
1960 286 531
1960 387 864
1960 302 567
1960 216 474
1980 175 490
1980 264 508
1980 269 1169
1980 278 666
1980 178 492
1980 314 128
1980 366 88
1980 256 1148
1980 366 492
1980 467 940
1980 105 464
1980 358 1027
1980 263 574
1980 88 757
1980 354 834
1980 218 625
1980 317 633
1980 400 831
1980 145 720
1980 399 835
1980 253 1147
1980 112 249
1980 285 662
1980 439 1080
1980 241 533
1980 288 678
1980 363 489
1980 463 931
1980 79 419
1980 279 1166
1980 374 862
1980 70 425
1980 284 533
1980 377 1107
1980 399 833
1980 27 941
1980 95 431
1980 300 570
1980 304 671
1980 90 293
