1800 61 494
1800 70 484
1800 274 661
1800 371 784
1800 446 603
1800 261 499
1800 287 1129
1800 364 771
1800 412 814
1800 306 660
1800 295 569
1800 454 832
1800 266 561
1800 368 763
1800 418 809
1800 216 626
1800 305 660
1800 317 807
1800 289 1114
1800 239 530
1800 316 809
1800 438 821
1800 76 482
1800 288 1135
1800 184 1331
1800 277 52
1800 282 528
1800 387 815
1800 33 916
1800 38 894
1800 294 560
1800 257 70
1820 274 673
1820 377 841
1820 454 630
1820 261 499
1820 430 513
1820 219 1233
1820 305 665
1820 294 562
1820 408 642
1820 263 562
1820 375 836
1820 421 833
1820 217 623
1820 352 837
1820 273 857
1820 419 837
1820 224 1229
1820 237 533
1820 277 850
1820 82 417
1820 263 17
1820 284 529
1820 378 842
1820 433 400
1820 354 667
1820 28 898
1820 30 884
1820 250 24
1840 365 298
1840 277 671
1840 382 848
1840 385 69
1840 260 499
1840 384 655
1840 365 831
1840 360 622
1840 286 666
1840 395 870
1840 377 63
1840 294 562
1840 373 302
1840 389 657
1840 268 551
1840 380 840
1840 173 1348
1840 217 625
1840 303 661
1840 355 830
1840 401 127
1840 312 867
1840 240 532
1840 29 197
1840 6 117
1840 283 664
1840 76 455
1840 358 830
1840 176 1360
1840 376 44
1840 284 527
1840 383 853
1840 348 835
1840 52 897
1840 58 904
1840 297 562
1840 278 666
1860 370 684
1860 282 671
1860 379 857
1860 356 694
1860 372 558
1860 259 500
1860 370 696
1860 360 828
1860 371 558
1860 307 663
1860 357 693
1860 301 572
1860 382 694
1860 261 557
1860 364 831
1860 217 620
1860 342 657
1860 341 850
1860 349 825
1860 400 828
1860 239 532
1860 74 457
1860 356 690
1860 341 848
1860 286 527
1860 381 858
1860 340 500
1860 45 941
1860 56 921
1860 301 563
1880 61 527
1880 266 699
1880 376 512
1880 377 853
1880 433 504
1880 346 520
1880 266 494
1880 287 649
1880 356 834
1880 435 503
1880 290 668
1880 296 561
1880 470 439
1880 258 565
1880 217 622
1880 304 661
1880 351 851
1880 353 827
1880 405 828
1880 281 649
1880 239 530
1880 342 519
1880 63 534
1880 304 704
1880 308 666
1880 297 95
1880 290 59
1880 282 523
1880 381 858
1880 347 520
1880 343 819
1880 44 867
1880 43 872
1880 297 560
1880 295 658
1900 274 665
1900 393 496
1900 376 849
1900 347 515
1900 434 389
1900 240 725
1900 351 479
1900 260 496
1900 96 776
1900 351 476
1900 275 671
1900 359 838
1900 352 479
1900 447 443
1900 309 661
1900 350 475
1900 468 822
1900 392 498
1900 62 643
1900 375 487
1900 347 512
1900 267 560
1900 361 841
1900 217 629
1900 346 837
1900 350 826
1900 276 665
1900 398 830
1900 236 691
1900 235 673
1900 279 661
1900 82 754
1900 241 534
1900 40 173
1900 346 504
1900 470 814
1900 234 720
1900 28 379
1900 228 646
1900 289 527
1900 379 857
1900 343 477
1900 239 701
1900 346 829
1900 303 557
1900 302 656
1920 325 477
1920 297 439
1920 156 634
1920 17 514
1920 371 846
1920 439 440
1920 104 676
1920 179 617
1920 264 503
1920 363 844
1920 452 433
1920 110 677
1920 351 94
1920 287 676
1920 270 554
1920 175 608
1920 450 917
1920 175 614
1920 395 542
1920 86 692
1920 264 557
1920 180 618
1920 79 688
1920 372 838
1920 419 908
1920 217 626
1920 352 824
1920 379 372
1920 126 152
1920 178 618
1920 457 708
1920 238 529
1920 324 480
1920 156 639
1920 238 531
1920 464 711
1920 155 636
1920 394 740
1920 278 526
1920 374 849
1920 409 352
1920 20 1027
1920 301 561
1920 157 638
1920 402 343
1920 180 616
1940 24 424
1940 102 584
1940 277 684
1940 468 283
1940 124 520
1940 462 283
1940 257 517
1940 358 834
1940 126 516
1940 127 525
1940 241 440
1940 365 38
1940 124 522
1940 308 659
1940 424 320
1940 358 731
1940 352 992
1940 294 567
1940 376 287
1940 468 872
1940 127 522
1940 461 285
1940 131 498
1940 261 559
1940 67 606
1940 400 826
1940 366 980
1940 125 525
1940 216 620
1940 307 660
1940 348 825
1940 463 165
1940 144 496
1940 449 873
1940 471 877
1940 147 513
1940 238 529
1940 422 321
1940 286 657
1940 453 869
1940 59 608
1940 358 731
1940 358 828
1940 286 523
1940 386 860
1940 458 285
1940 137 505
1940 461 285
1940 21 912
1940 299 567
1940 243 527
1960 244 716
1960 375 199
1960 59 507
1960 270 729
1960 423 206
1960 386 867
1960 441 566
1960 184 745
1960 368 194
1960 189 743
1960 264 502
1960 374 824
1960 310 1082
1960 159 446
1960 439 560
1960 371 179
1960 303 669
1960 421 948
1960 298 560
1960 372 179
1960 421 951
1960 215 475
1960 215 476
1960 267 557
1960 376 830
1960 371 846
1960 213 618
1960 352 845
1960 351 829
1960 334 204
1960 159 442
1960 299 1067
1960 222 476
1960 124 375
1960 63 515
1960 61 505
1960 368 178
1960 331 201
1960 365 842
1960 286 527
1960 384 860
1960 266 506
1960 296 559
1960 293 662
1980 89 429
1980 335 85
1980 382 853
1980 177 491
1980 413 60
1980 265 503
1980 83 756
1980 261 1163
1980 363 491
1980 284 653
1980 350 839
1980 351 84
1980 320 121
1980 360 103
1980 306 660
1980 365 496
1980 403 1048
1980 156 716
1980 312 125
1980 298 559
1980 452 895
1980 97 445
1980 365 491
1980 262 563
1980 397 823
1980 374 103
1980 217 616
1980 350 833
1980 178 490
1980 399 81
1980 410 50
1980 397 832
1980 250 1149
1980 454 914
1980 70 794
1980 237 533
1980 389 96
1980 111 248
1980 278 669
1980 465 925
1980 67 429
1980 282 1159
1980 356 103
1980 397 42
1980 376 862
1980 47 370
1980 284 527
1980 384 856
1980 350 832
1980 27 946
1980 99 449
1980 296 558
1980 295 656
