1800 303 668
1800 444 595
1800 76 481
1800 259 501
1800 314 815
1800 262 567
1800 308 668
1800 395 820
1800 368 760
1800 240 533
1800 315 812
1800 287 1132
1800 443 827
1800 276 1183
1800 280 1215
1800 415 809
1800 284 530
1800 32 898
1800 299 568
1800 217 628
1800 240 60
1820 301 667
1820 426 506
1820 453 637
1820 260 500
1820 231 1243
1820 411 644
1820 276 853
1820 260 572
1820 356 832
1820 305 668
1820 383 791
1820 367 843
1820 218 1223
1820 239 533
1820 422 840
1820 282 532
1820 422 387
1820 33 895
1820 298 569
1820 217 626
1820 356 671
1840 295 649
1840 81 456
1840 259 501
1840 394 653
1840 263 568
1840 392 658
1840 302 658
1840 410 833
1840 367 289
1840 417 650
1840 382 854
1840 240 534
1840 402 832
1840 283 528
1840 298 568
1840 217 626
1860 372 568
1860 292 663
1860 76 464
1860 337 495
1860 258 502
1860 378 700
1860 278 571
1860 262 567
1860 347 835
1860 310 669
1860 401 831
1860 241 534
1860 407 827
1860 285 527
1860 62 945
1860 300 570
1860 217 629
1860 361 693
1880 63 528
1880 302 667
1880 431 503
1880 462 435
1880 347 517
1880 312 742
1880 266 492
1880 313 731
1880 261 567
1880 348 827
1880 308 671
1880 406 828
1880 362 843
1880 241 532
1880 332 759
1880 402 827
1880 284 529
1880 45 872
1880 60 873
1880 300 569
1880 217 625
1900 302 661
1900 428 432
1900 346 511
1900 263 499
1900 425 433
1900 353 474
1900 442 407
1900 263 567
1900 55 1180
1900 353 828
1900 404 829
1900 385 856
1900 386 493
1900 242 534
1900 345 520
1900 462 828
1900 284 527
1900 441 383
1900 299 568
1900 216 626
1900 235 735
1920 293 672
1920 179 606
1920 419 398
1920 263 503
1920 387 732
1920 413 901
1920 398 365
1920 80 683
1920 264 568
1920 180 626
1920 351 840
1920 406 865
1920 382 784
1920 365 861
1920 456 715
1920 296 441
1920 240 529
1920 158 640
1920 26 363
1920 401 826
1920 282 526
1920 402 339
1920 397 351
1920 26 975
1920 301 570
1920 217 626
1940 103 587
1940 466 300
1940 361 995
1940 462 314
1940 261 504
1940 423 569
1940 360 981
1940 235 429
1940 358 297
1940 290 738
1940 264 566
1940 357 836
1940 308 668
1940 403 830
1940 373 298
1940 347 752
1940 375 866
1940 278 666
1940 289 738
1940 241 530
1940 287 737
1940 149 498
1940 463 870
1940 362 981
1940 404 828
1940 285 525
1940 415 316
1940 300 570
1940 217 628
1940 412 301
1940 73 593
1940 349 736
1960 160 446
1960 65 510
1960 433 182
1960 435 562
1960 87 505
1960 410 222
1960 98 417
1960 263 504
1960 419 566
1960 371 193
1960 420 939
1960 317 1073
1960 264 568
1960 355 828
1960 96 411
1960 389 833
1960 363 206
1960 377 857
1960 338 201
1960 191 749
1960 238 528
1960 283 527
1960 429 938
1960 255 723
1960 300 568
1960 217 625
1960 213 476
1980 374 1042
1980 183 486
1980 103 460
1980 255 1150
1980 263 504
1980 242 1307
1980 317 131
1980 370 108
1980 360 490
1980 264 568
1980 354 831
1980 109 462
1980 402 829
1980 383 864
1980 150 717
1980 386 491
1980 106 255
1980 67 773
1980 239 532
1980 448 885
1980 279 1187
1980 284 527
1980 299 568
1980 217 624
