1800 308 666
1800 446 602
1800 77 481
1800 316 812
1800 259 501
1800 445 603
1800 263 570
1800 309 666
1800 397 830
1800 369 766
1800 473 656
1800 240 532
1800 315 813
1800 288 1122
1800 288 1119
1800 443 826
1800 289 1152
1800 282 1216
1800 433 818
1800 286 529
1800 299 569
1800 216 627
1800 237 63
1820 305 667
1820 419 507
1820 453 636
1820 275 851
1820 259 500
1820 232 1279
1820 410 646
1820 407 640
1820 275 856
1820 261 572
1820 359 835
1820 306 667
1820 382 848
1820 380 847
1820 224 1230
1820 239 537
1820 86 419
1820 420 840
1820 283 529
1820 423 390
1820 34 892
1820 297 568
1820 218 624
1820 355 671
1840 299 658
1840 80 455
1840 258 501
1840 391 658
1840 365 291
1840 338 869
1840 262 565
1840 393 657
1840 379 853
1840 300 653
1840 410 832
1840 366 294
1840 425 647
1840 385 852
1840 419 652
1840 364 497
1840 243 535
1840 283 529
1840 41 895
1840 61 911
1840 297 567
1840 217 625
1840 364 618
1860 374 560
1860 306 669
1860 77 464
1860 339 494
1860 258 502
1860 385 704
1860 261 565
1860 371 687
1860 352 833
1860 307 669
1860 405 837
1860 386 856
1860 242 535
1860 283 529
1860 56 925
1860 61 927
1860 298 571
1860 217 630
1860 366 690
1880 64 530
1880 64 531
1880 304 668
1880 432 502
1880 465 438
1880 348 512
1880 267 493
1880 319 706
1880 261 565
1880 354 828
1880 304 664
1880 404 835
1880 367 854
1880 379 510
1880 279 512
1880 241 532
1880 331 754
1880 276 667
1880 285 528
1880 47 868
1880 47 877
1880 297 570
1880 217 624
1880 333 756
1900 229 709
1900 308 667
1900 435 443
1900 353 492
1900 263 501
1900 443 450
1900 354 477
1900 438 452
1900 264 563
1900 355 831
1900 309 669
1900 403 832
1900 385 859
1900 387 491
1900 242 534
1900 346 508
1900 462 826
1900 25 370
1900 224 642
1900 403 833
1900 285 528
1900 440 382
1900 297 568
1900 217 626
1900 235 700
1900 64 646
1920 298 439
1920 14 510
1920 304 667
1920 178 605
1920 433 433
1920 264 502
1920 107 679
1920 394 546
1920 388 739
1920 413 898
1920 398 369
1920 108 679
1920 270 574
1920 156 641
1920 265 566
1920 184 614
1920 356 845
1920 306 668
1920 394 868
1920 361 845
1920 376 863
1920 242 532
1920 310 460
1920 156 635
1920 44 362
1920 281 527
1920 423 915
1920 403 344
1920 23 980
1920 107 680
1920 298 571
1920 217 625
1940 100 591
1940 306 667
1940 466 304
1940 466 302
1940 125 519
1940 259 502
1940 421 578
1940 357 981
1940 357 295
1940 265 564
1940 357 830
1940 281 739
1940 309 663
1940 402 831
1940 127 520
1940 369 296
1940 263 477
1940 351 735
1940 381 861
1940 288 744
1940 270 477
1940 240 532
1940 358 731
1940 291 736
1940 148 501
1940 464 870
1940 236 429
1940 367 988
1940 30 414
1940 285 525
1940 396 281
1940 300 572
1940 47 259
1940 217 629
1940 439 314
1940 70 595
1940 353 735
1960 161 443
1960 63 511
1960 86 505
1960 437 188
1960 434 557
1960 86 503
1960 396 219
1960 123 380
1960 263 503
1960 419 564
1960 370 180
1960 428 944
1960 254 716
1960 89 408
1960 327 1068
1960 265 569
1960 360 834
1960 306 668
1960 390 862
1960 368 203
1960 376 865
1960 336 213
1960 192 749
1960 91 408
1960 284 529
1960 427 944
1960 300 566
1960 217 626
1980 365 1030
1980 180 485
1980 105 462
1980 253 1151
1980 263 504
1980 253 1211
1980 316 133
1980 377 104
1980 362 492
1980 92 424
1980 264 568
1980 355 828
1980 105 460
1980 402 829
1980 179 484
1980 386 860
1980 372 484
1980 108 251
1980 241 532
1980 355 829
1980 453 883
1980 289 1193
1980 279 1171
1980 87 287
1980 285 527
1980 299 567
1980 217 625
