1800 306 665
1800 444 596
1800 76 480
1800 259 501
1800 314 815
1800 262 567
1800 308 667
1800 395 824
1800 368 760
1800 239 533
1800 314 813
1800 285 1137
1800 442 827
1800 276 1185
1800 280 1214
1800 416 808
1800 284 530
1800 33 894
1800 299 569
1800 216 628
1800 241 61
1820 302 668
1820 427 506
1820 453 638
1820 259 500
1820 229 1240
1820 411 642
1820 275 855
1820 260 571
1820 356 833
1820 304 667
1820 377 807
1820 366 843
1820 220 1224
1820 238 534
1820 421 841
1820 282 531
1820 422 388
1820 33 893
1820 297 569
1820 217 626
1820 355 670
1840 289 658
1840 258 501
1840 393 656
1840 324 867
1840 362 495
1840 262 567
1840 392 657
1840 301 655
1840 406 838
1840 368 293
1840 419 651
1840 381 853
1840 420 659
1840 240 533
1840 401 832
1840 283 528
1840 59 907
1840 297 568
1840 217 626
1860 372 566
1860 300 661
1860 75 465
1860 338 493
1860 257 502
1860 377 699
1860 337 501
1860 279 572
1860 262 565
1860 363 685
1860 346 836
1860 309 668
1860 401 834
1860 241 534
1860 406 825
1860 284 528
1860 60 942
1860 299 570
1860 216 629
1860 357 694
1880 63 528
1880 302 667
1880 431 504
1880 461 436
1880 346 517
1880 310 742
1880 265 493
1880 312 732
1880 261 567
1880 347 829
1880 307 670
1880 407 829
1880 365 846
1880 240 532
1880 332 754
1880 402 825
1880 284 528
1880 45 869
1880 59 869
1880 299 570
1880 217 627
1900 301 661
1900 428 432
1900 346 512
1900 260 496
1900 427 432
1900 352 473
1900 443 397
1900 262 565
1900 57 1178
1900 352 829
1900 403 830
1900 384 857
1900 387 494
1900 60 774
1900 241 534
1900 344 520
1900 460 827
1900 404 831
1900 284 528
1900 299 568
1900 216 627
1920 293 672
1920 178 605
1920 418 398
1920 263 502
1920 387 735
1920 412 902
1920 397 373
1920 79 683
1920 263 567
1920 181 617
1920 350 842
1920 303 666
1920 405 870
1920 377 789
1920 362 858
1920 457 712
1920 296 441
1920 239 530
1920 158 639
1920 401 827
1920 281 526
1920 402 341
1920 393 364
1920 24 972
1920 301 570
1920 217 625
1940 101 588
1940 306 675
1940 466 300
1940 360 996
1940 462 307
1940 260 504
1940 422 570
1940 359 983
1940 234 428
1940 358 297
1940 289 739
1940 264 565
1940 356 831
1940 310 664
1940 403 832
1940 372 298
1940 348 737
1940 373 866
1940 289 739
1940 240 531
1940 354 732
1940 286 738
1940 147 499
1940 463 870
1940 362 981
1940 32 414
1940 403 829
1940 285 524
1940 410 331
1940 299 570
1940 217 627
1940 413 304
1940 71 592
1940 349 732
1960 160 446
1960 64 509
1960 431 182
1960 436 562
1960 85 505
1960 413 226
1960 99 416
1960 262 504
1960 418 566
1960 370 191
1960 419 943
1960 318 1076
1960 264 568
1960 352 829
1960 91 406
1960 390 840
1960 350 214
1960 371 858
1960 338 202
1960 193 746
1960 239 526
1960 283 527
1960 428 938
1960 254 724
1960 299 568
1960 217 624
1960 213 476
1980 295 659
1980 372 1041
1980 180 485
1980 102 450
1980 253 1149
1980 263 504
1980 232 1326
1980 315 127
1980 369 105
1980 358 489
1980 264 568
1980 353 831
1980 108 462
1980 401 829
1980 383 863
1980 149 718
1980 379 484
1980 107 255
1980 62 781
1980 238 532
1980 448 884
1980 277 1185
1980 403 828
1980 283 527
1980 299 568
1980 217 625
