1800 308 666
1800 444 597
1800 76 482
1800 259 501
1800 313 815
1800 263 568
1800 308 667
1800 398 829
1800 369 761
1800 240 533
1800 315 812
1800 288 1118
1800 443 826
1800 281 1187
1800 281 1212
1800 432 818
1800 285 531
1800 34 899
1800 300 569
1800 217 629
1800 243 61
1820 303 672
1820 427 507
1820 453 636
1820 275 853
1820 259 501
1820 229 1238
1820 412 643
1820 275 853
1820 261 571
1820 358 832
1820 305 668
1820 367 832
1820 369 842
1820 221 1226
1820 239 535
1820 88 420
1820 422 842
1820 283 531
1820 422 388
1820 34 894
1820 298 569
1820 218 627
1820 355 671
1840 284 669
1840 258 502
1840 393 655
1840 324 866
1840 263 568
1840 392 658
1840 303 655
1840 409 834
1840 393 657
1840 381 852
1840 241 534
1840 360 610
1840 403 832
1840 284 529
1840 55 911
1840 297 568
1840 218 627
1860 373 564
1860 304 665
1860 338 495
1860 257 503
1860 380 705
1860 262 567
1860 348 832
1860 309 669
1860 402 837
1860 241 534
1860 405 822
1860 283 529
1860 299 570
1860 217 629
1860 364 696
1880 64 529
1880 303 669
1880 432 503
1880 463 436
1880 347 517
1880 314 741
1880 266 494
1880 314 732
1880 262 568
1880 351 825
1880 306 670
1880 406 834
1880 376 860
1880 241 531
1880 332 752
1880 403 827
1880 285 529
1880 46 872
1880 60 871
1880 299 569
1880 217 627
1900 236 702
1900 307 666
1900 429 436
1900 345 512
1900 261 498
1900 427 432
1900 354 477
1900 441 421
1900 263 567
1900 354 827
1900 406 831
1900 384 864
1900 386 492
1900 61 779
1900 242 536
1900 346 517
1900 461 828
1900 406 831
1900 284 529
1900 299 568
1900 217 628
1920 301 663
1920 264 503
1920 387 736
1920 413 903
1920 399 366
1920 82 687
1920 264 568
1920 180 617
1920 351 844
1920 407 904
1920 375 819
1920 374 862
1920 456 716
1920 297 441
1920 241 531
1920 157 641
1920 403 827
1920 280 524
1920 425 917
1920 401 344
1920 31 976
1920 301 570
1920 217 627
1940 102 589
1940 309 663
1940 362 994
1940 261 503
1940 423 573
1940 358 984
1940 357 294
1940 264 566
1940 356 832
1940 309 665
1940 404 832
1940 373 298
1940 347 737
1940 377 868
1940 289 738
1940 241 530
1940 354 732
1940 289 737
1940 147 501
1940 463 869
1940 362 982
1940 405 827
1940 285 526
1940 408 313
1940 300 571
1940 217 629
1940 414 300
1940 72 595
1960 161 446
1960 65 513
1960 435 177
1960 435 558
1960 84 508
1960 398 207
1960 113 389
1960 263 504
1960 418 565
1960 370 184
1960 423 943
1960 319 1075
1960 265 568
1960 353 829
1960 393 840
1960 378 864
1960 338 203
1960 239 531
1960 283 529
1960 429 943
1960 301 567
1960 217 625
1960 213 477
1980 369 1041
1980 183 487
1980 105 460
1980 263 505
1980 238 1312
1980 316 127
1980 371 103
1980 366 498
1980 106 461
1980 264 569
1980 354 830
1980 108 463
1980 401 831
1980 384 864
1980 154 719
1980 382 490
1980 108 255
1980 240 533
1980 449 885
1980 275 1176
1980 402 828
1980 283 528
1980 299 568
1980 217 626
