1800 446 601
1800 79 471
1800 316 813
1800 260 500
1800 261 567
1800 372 751
1800 308 665
1800 393 824
1800 318 810
1800 317 812
1800 372 763
1800 414 810
1800 240 532
1800 292 1110
1800 291 1111
1800 441 821
1800 298 1190
1800 290 1193
1800 186 1320
1800 440 821
1800 257 62
1800 285 530
1800 36 887
1800 39 908
1800 300 571
1800 216 626
1800 237 53
1800 307 663
1820 420 387
1820 455 628
1820 284 852
1820 259 498
1820 224 1227
1820 415 631
1820 429 504
1820 259 569
1820 353 664
1820 307 665
1820 382 846
1820 421 841
1820 223 1229
1820 239 537
1820 88 417
1820 284 530
1820 37 896
1820 39 905
1820 296 562
1820 217 627
1820 354 667
1820 306 663
1840 82 456
1840 260 499
1840 391 655
1840 363 499
1840 283 670
1840 260 562
1840 389 655
1840 349 872
1840 304 639
1840 404 850
1840 405 836
1840 361 495
1840 240 535
1840 188 1357
1840 285 525
1840 47 889
1840 61 904
1840 298 566
1840 217 627
1840 298 670
1860 340 497
1860 285 598
1860 474 492
1860 472 471
1860 76 460
1860 260 498
1860 389 689
1860 342 494
1860 284 651
1860 474 517
1860 261 561
1860 381 694
1860 314 666
1860 381 853
1860 401 830
1860 241 533
1860 315 184
1860 285 529
1860 370 689
1860 56 917
1860 58 930
1860 300 571
1860 217 626
1860 357 695
1860 371 562
1860 306 667
1880 346 511
1880 66 527
1880 434 489
1880 471 437
1880 268 491
1880 433 485
1880 346 513
1880 360 838
1880 284 658
1880 378 511
1880 259 564
1880 307 670
1880 396 852
1880 323 761
1880 403 840
1880 379 506
1880 240 531
1880 333 749
1880 285 523
1880 47 869
1880 48 871
1880 299 568
1880 217 626
1880 303 662
1900 343 500
1900 436 438
1900 465 436
1900 259 493
1900 90 745
1900 443 437
1900 61 769
1900 349 474
1900 356 837
1900 278 660
1900 470 829
1900 388 489
1900 262 562
1900 70 1113
1900 315 664
1900 382 853
1900 403 830
1900 241 533
1900 339 500
1900 464 824
1900 476 753
1900 287 527
1900 298 563
1900 217 628
1900 234 722
1900 301 663
1920 369 379
1920 423 386
1920 457 424
1920 157 639
1920 298 438
1920 267 502
1920 183 608
1920 32 767
1920 323 475
1920 379 861
1920 279 664
1920 422 918
1920 158 640
1920 394 539
1920 108 673
1920 265 559
1920 106 675
1920 385 734
1920 107 673
1920 380 862
1920 402 339
1920 385 764
1920 408 838
1920 299 440
1920 80 679
1920 240 530
1920 315 465
1920 458 732
1920 400 757
1920 281 524
1920 421 909
1920 403 339
1920 376 374
1920 28 1001
1920 300 572
1920 218 627
1920 294 667
1940 71 589
1940 467 287
1940 147 484
1940 359 977
1940 463 297
1940 259 499
1940 421 567
1940 27 739
1940 366 978
1940 282 662
1940 464 874
1940 435 318
1940 127 511
1940 263 560
1940 103 578
1940 308 665
1940 404 825
1940 129 521
1940 372 292
1940 333 863
1940 359 728
1940 103 578
1940 404 826
1940 288 745
1940 232 427
1940 240 531
1940 464 871
1940 363 978
1940 45 443
1940 286 527
1940 424 314
1940 102 580
1940 300 574
1940 216 627
1940 358 730
1940 309 666
1960 161 440
1960 65 507
1960 434 188
1960 436 556
1960 88 500
1960 181 751
1960 402 224
1960 123 379
1960 264 502
1960 309 1051
1960 428 549
1960 367 204
1960 366 177
1960 363 860
1960 282 671
1960 364 204
1960 424 945
1960 120 391
1960 434 552
1960 263 564
1960 387 860
1960 432 186
1960 165 745
1960 369 205
1960 341 221
1960 214 474
1960 329 1074
1960 314 1070
1960 162 441
1960 92 500
1960 88 505
1960 92 407
1960 287 530
1960 329 1079
1960 426 943
1960 302 565
1960 218 625
1960 424 228
1960 302 667
1980 360 1023
1980 178 483
1980 407 1045
1980 251 1145
1980 265 501
1980 247 1158
1980 304 121
1980 365 91
1980 360 486
1980 375 865
1980 453 908
1980 96 440
1980 263 566
1980 401 832
1980 106 450
1980 157 716
1980 316 121
1980 160 714
1980 402 828
1980 360 486
1980 104 284
1980 448 1036
1980 239 532
1980 261 1157
1980 253 1146
1980 450 882
1980 274 1169
1980 280 1156
1980 72 417
1980 286 529
1980 363 1021
1980 29 1044
1980 302 565
1980 58 267
1980 216 618
1980 110 251
1980 293 640
