1800 307 667
1800 445 601
1800 75 477
1800 259 501
1800 76 484
1800 262 570
1800 390 825
1800 368 760
1800 382 793
1800 441 830
1800 240 534
1800 281 663
1800 289 1112
1800 441 826
1800 291 1186
1800 284 1192
1800 185 1334
1800 428 816
1800 286 534
1800 30 905
1800 297 574
1800 217 627
1800 237 67
1820 290 672
1820 422 384
1820 36 906
1820 454 635
1820 259 499
1820 231 1261
1820 414 638
1820 273 857
1820 85 419
1820 417 524
1820 418 390
1820 260 573
1820 383 847
1820 383 849
1820 223 1231
1820 239 536
1820 283 678
1820 280 673
1820 286 859
1820 86 418
1820 422 843
1820 283 534
1820 420 388
1820 34 895
1820 295 573
1820 217 626
1820 351 675
1840 287 672
1840 81 455
1840 321 865
1840 258 500
1840 395 657
1840 365 293
1840 363 499
1840 262 570
1840 390 656
1840 352 838
1840 400 856
1840 382 857
1840 240 536
1840 285 674
1840 290 675
1840 281 672
1840 184 1347
1840 404 832
1840 285 532
1840 364 621
1840 52 902
1840 61 920
1840 297 567
1840 218 628
1860 373 561
1860 292 671
1860 77 465
1860 258 500
1860 374 559
1860 381 708
1860 372 566
1860 341 500
1860 289 603
1860 261 568
1860 384 695
1860 350 849
1860 390 856
1860 386 862
1860 240 537
1860 405 825
1860 284 531
1860 60 931
1860 58 937
1860 300 574
1860 218 630
1860 370 692
1880 347 512
1880 66 533
1880 292 673
1880 465 440
1880 345 514
1880 270 499
1880 433 500
1880 379 514
1880 467 443
1880 345 517
1880 261 571
1880 389 855
1880 385 854
1880 378 889
1880 241 533
1880 286 665
1880 332 754
1880 279 665
1880 279 664
1880 405 821
1880 285 530
1880 48 873
1880 58 872
1880 297 573
1880 218 625
1880 346 508
1900 353 501
1900 289 681
1900 433 457
1900 352 480
1900 262 500
1900 355 491
1900 233 708
1900 63 776
1900 356 483
1900 439 423
1900 439 390
1900 347 514
1900 263 567
1900 388 856
1900 353 833
1900 384 866
1900 479 750
1900 389 494
1900 242 714
1900 61 782
1900 243 538
1900 280 675
1900 274 671
1900 352 487
1900 233 730
1900 463 830
1900 60 784
1900 228 714
1900 405 829
1900 286 532
1900 437 386
1900 300 573
1900 218 627
1900 233 728
1920 298 439
1920 285 678
1920 426 394
1920 106 678
1920 264 503
1920 184 616
1920 105 679
1920 394 543
1920 414 905
1920 107 677
1920 410 364
1920 284 619
1920 157 646
1920 263 573
1920 159 640
1920 106 678
1920 405 905
1920 370 824
1920 364 848
1920 296 440
1920 87 691
1920 242 529
1920 275 668
1920 331 477
1920 157 640
1920 404 904
1920 391 866
1920 282 526
1920 424 918
1920 412 354
1920 303 579
1920 217 628
1940 77 592
1940 103 590
1940 304 668
1940 465 299
1940 357 991
1940 463 301
1940 466 291
1940 448 869
1940 290 737
1940 262 506
1940 358 984
1940 234 429
1940 371 298
1940 358 732
1940 292 737
1940 127 515
1940 262 569
1940 127 524
1940 351 847
1940 283 742
1940 388 862
1940 374 293
1940 359 732
1940 359 846
1940 151 503
1940 240 530
1940 283 676
1940 281 671
1940 281 668
1940 153 497
1940 463 872
1940 107 593
1940 355 987
1940 406 824
1940 284 529
1940 398 295
1940 26 952
1940 300 578
1940 217 626
1940 413 301
1940 104 591
1940 360 732
1960 160 444
1960 67 515
1960 300 673
1960 433 186
1960 437 557
1960 84 505
1960 403 214
1960 125 378
1960 262 503
1960 254 731
1960 422 567
1960 255 732
1960 340 209
1960 423 956
1960 93 412
1960 305 1051
1960 263 570
1960 101 417
1960 388 862
1960 370 210
1960 352 841
1960 383 865
1960 334 204
1960 194 748
1960 242 527
1960 292 675
1960 313 1089
1960 91 414
1960 406 827
1960 286 530
1960 428 943
1960 254 728
1960 298 569
1960 215 628
1980 296 669
1980 358 1032
1980 178 487
1980 79 425
1980 109 461
1980 346 1191
1980 252 1155
1980 263 504
1980 304 122
1980 374 96
1980 362 490
1980 105 457
1980 90 757
1980 263 572
1980 111 463
1980 397 851
1980 96 425
1980 161 725
1980 336 115
1980 387 860
1980 162 730
1980 363 487
1980 253 1161
1980 239 533
1980 281 657
1980 255 1148
1980 452 890
1980 89 420
1980 283 1174
1980 277 1166
1980 401 832
1980 286 529
1980 28 1023
1980 299 569
1980 180 487
1980 217 622
