1800 308 666
1800 446 601
1800 78 481
1800 258 502
1800 262 569
1800 308 667
1800 393 819
1800 369 767
1800 395 831
1800 441 835
1800 240 534
1800 315 813
1800 288 1118
1800 442 827
1800 290 1190
1800 282 1196
1800 426 816
1800 285 531
1800 300 569
1800 217 630
1800 246 61
1820 305 669
1820 421 385
1820 453 633
1820 274 860
1820 258 501
1820 225 1252
1820 416 510
1820 409 643
1820 257 572
1820 378 843
1820 380 849
1820 239 535
1820 77 434
1820 422 841
1820 284 532
1820 33 893
1820 298 570
1820 218 626
1820 353 669
1840 280 676
1840 82 454
1840 258 501
1840 393 658
1840 321 867
1840 363 497
1840 260 567
1840 359 620
1840 364 829
1840 407 831
1840 384 853
1840 361 497
1840 240 533
1840 284 526
1840 60 905
1840 299 568
1840 218 627
1840 359 618
1860 305 668
1860 75 460
1860 257 503
1860 386 698
1860 374 563
1860 342 492
1860 285 534
1860 263 564
1860 371 684
1860 353 832
1860 307 670
1860 402 831
1860 385 702
1860 387 856
1860 478 532
1860 241 535
1860 403 829
1860 318 193
1860 285 528
1860 300 569
1860 218 631
1860 355 695
1880 345 518
1880 66 532
1880 65 530
1880 303 668
1880 433 500
1880 470 439
1880 266 492
1880 466 447
1880 260 571
1880 352 825
1880 304 668
1880 402 831
1880 384 861
1880 379 510
1880 241 532
1880 333 753
1880 285 528
1880 48 876
1880 57 877
1880 298 569
1880 218 626
1900 229 716
1900 307 668
1900 434 457
1900 238 727
1900 261 496
1900 63 645
1900 428 447
1900 353 476
1900 230 718
1900 66 648
1900 263 565
1900 354 836
1900 403 835
1900 386 860
1900 390 494
1900 64 777
1900 243 535
1900 462 827
1900 233 690
1900 401 836
1900 286 528
1900 298 569
1900 217 629
1900 62 643
1920 297 440
1920 12 513
1920 178 607
1920 403 380
1920 104 680
1920 264 502
1920 106 678
1920 394 544
1920 412 901
1920 106 678
1920 280 551
1920 264 566
1920 182 617
1920 356 837
1920 379 865
1920 385 789
1920 367 856
1920 78 685
1920 240 530
1920 313 462
1920 106 677
1920 155 639
1920 406 898
1920 39 356
1920 411 901
1920 280 528
1920 404 345
1920 24 974
1920 298 569
1920 218 628
1920 402 348
1940 102 589
1940 310 666
1940 465 292
1940 359 984
1940 452 301
1940 261 505
1940 421 577
1940 358 985
1940 286 738
1940 263 563
1940 356 824
1940 286 726
1940 310 670
1940 403 828
1940 126 517
1940 373 292
1940 351 733
1940 382 865
1940 239 533
1940 147 496
1940 465 874
1940 232 429
1940 357 986
1940 36 421
1940 402 831
1940 284 526
1940 392 275
1940 300 570
1940 218 630
1940 408 289
1940 70 592
1940 352 735
1960 159 443
1960 64 504
1960 65 509
1960 303 668
1960 433 195
1960 65 506
1960 425 217
1960 120 382
1960 253 726
1960 264 503
1960 420 565
1960 428 553
1960 369 205
1960 368 204
1960 428 950
1960 91 411
1960 314 1079
1960 265 568
1960 354 831
1960 340 215
1960 385 868
1960 338 216
1960 243 528
1960 91 412
1960 285 529
1960 428 947
1960 254 730
1960 301 568
1960 218 626
1960 212 477
1980 368 1037
1980 182 485
1980 84 416
1980 254 1154
1980 264 505
1980 236 1213
1980 354 1033
1980 304 121
1980 373 100
1980 360 489
1980 106 463
1980 403 1043
1980 263 569
1980 353 836
1980 106 464
1980 399 834
1980 108 464
1980 157 722
1980 386 859
1980 157 721
1980 362 492
1980 104 268
1980 239 533
1980 453 894
1980 90 423
1980 272 1173
1980 275 1164
1980 81 293
1980 285 528
1980 299 568
1980 218 627
