1800 307 665
1800 443 599
1800 76 482
1800 260 502
1800 262 568
1800 308 666
1800 397 826
1800 369 766
1800 377 775
1800 443 827
1800 239 534
1800 315 814
1800 288 1121
1800 442 827
1800 287 1179
1800 281 1211
1800 413 816
1800 286 530
1800 32 905
1800 299 570
1800 217 628
1800 237 59
1820 304 668
1820 421 508
1820 452 635
1820 259 501
1820 231 1247
1820 411 644
1820 276 856
1820 261 572
1820 412 646
1820 358 833
1820 305 668
1820 370 851
1820 222 1222
1820 238 536
1820 87 420
1820 421 840
1820 283 531
1820 421 386
1820 35 890
1820 296 570
1820 218 626
1820 355 670
1840 292 669
1840 318 869
1840 259 502
1840 394 656
1840 321 867
1840 361 495
1840 259 566
1840 392 657
1840 364 841
1840 301 650
1840 409 833
1840 382 857
1840 421 660
1840 362 497
1840 241 534
1840 363 618
1840 409 831
1840 283 529
1840 54 914
1840 62 910
1840 297 568
1840 218 627
1840 365 620
1860 373 560
1860 307 668
1860 336 496
1860 258 502
1860 384 704
1860 341 502
1860 281 576
1860 262 566
1860 368 684
1860 352 832
1860 309 669
1860 401 841
1860 385 703
1860 357 845
1860 241 535
1860 387 855
1860 404 836
1860 284 528
1860 56 926
1860 62 932
1860 298 569
1860 217 629
1860 361 696
1880 378 513
1880 64 531
1880 67 534
1880 301 725
1880 432 502
1880 462 437
1880 345 511
1880 266 493
1880 321 742
1880 260 569
1880 351 823
1880 305 668
1880 403 833
1880 357 843
1880 379 514
1880 241 532
1880 331 757
1880 403 831
1880 284 529
1880 46 877
1880 62 875
1880 298 570
1880 218 626
1900 230 709
1900 305 666
1900 436 410
1900 89 776
1900 345 506
1900 231 723
1900 262 499
1900 437 435
1900 353 475
1900 232 704
1900 441 437
1900 260 565
1900 354 835
1900 314 668
1900 404 829
1900 376 868
1900 478 747
1900 389 494
1900 279 677
1900 65 779
1900 242 534
1900 347 511
1900 344 510
1900 461 827
1900 404 829
1900 285 528
1900 437 384
1900 298 568
1900 216 627
1900 235 729
1900 64 649
1920 298 438
1920 303 656
1920 182 608
1920 412 388
1920 447 424
1920 264 503
1920 107 678
1920 394 544
1920 386 735
1920 410 904
1920 399 366
1920 104 678
1920 276 615
1920 264 567
1920 181 612
1920 352 842
1920 405 900
1920 389 746
1920 364 847
1920 456 714
1920 313 459
1920 240 529
1920 313 462
1920 155 640
1920 40 354
1920 402 830
1920 281 527
1920 426 916
1920 402 349
1920 381 376
1920 300 570
1920 217 626
1940 52 601
1940 103 593
1940 287 739
1940 464 295
1940 363 977
1940 446 315
1940 260 504
1940 420 572
1940 360 981
1940 232 429
1940 290 747
1940 264 568
1940 357 830
1940 283 742
1940 308 665
1940 404 827
1940 126 519
1940 372 294
1940 352 735
1940 356 848
1940 290 742
1940 240 534
1940 354 733
1940 290 741
1940 148 499
1940 461 873
1940 236 427
1940 362 981
1940 405 825
1940 284 526
1940 392 291
1940 300 570
1940 47 260
1940 218 629
1940 409 306
1940 70 595
1960 160 443
1960 66 512
1960 432 187
1960 432 557
1960 87 505
1960 399 220
1960 253 723
1960 263 504
1960 418 564
1960 342 210
1960 369 179
1960 425 947
1960 90 408
1960 316 1068
1960 264 570
1960 360 833
1960 91 407
1960 305 667
1960 393 851
1960 371 205
1960 384 866
1960 338 216
1960 196 749
1960 240 528
1960 116 396
1960 92 411
1960 284 529
1960 428 941
1960 300 567
1960 218 626
1980 371 1029
1980 178 486
1980 76 419
1980 93 758
1980 92 424
1980 344 1186
1980 252 1148
1980 264 505
1980 237 1213
1980 314 125
1980 370 100
1980 359 489
1980 94 426
1980 263 569
1980 353 831
1980 96 428
1980 400 831
1980 384 862
1980 380 490
1980 109 252
1980 239 532
1980 353 829
1980 448 885
1980 284 1206
1980 273 1172
1980 285 527
1980 29 950
1980 299 567
1980 217 625
