1800 307 664
1800 445 597
1800 78 481
1800 259 501
1800 446 598
1800 315 814
1800 263 566
1800 308 665
1800 398 826
1800 369 765
1800 397 830
1800 239 533
1800 315 811
1800 290 1114
1800 442 826
1800 284 1180
1800 280 1218
1800 413 811
1800 285 529
1800 31 899
1800 300 570
1800 217 628
1800 240 58
1820 304 667
1820 426 510
1820 452 633
1820 274 852
1820 259 500
1820 229 1249
1820 418 644
1820 412 643
1820 276 853
1820 261 568
1820 359 831
1820 306 667
1820 362 836
1820 381 847
1820 221 1227
1820 239 535
1820 88 419
1820 421 839
1820 284 531
1820 423 387
1820 36 890
1820 299 569
1820 217 625
1820 355 670
1840 304 657
1840 81 455
1840 259 501
1840 391 656
1840 370 294
1840 330 868
1840 362 496
1840 263 564
1840 392 656
1840 376 848
1840 304 660
1840 398 854
1840 422 644
1840 385 854
1840 361 496
1840 242 533
1840 400 833
1840 285 527
1840 60 906
1840 63 909
1840 298 567
1840 217 625
1840 360 611
1860 374 559
1860 307 669
1860 77 466
1860 338 495
1860 258 502
1860 386 705
1860 343 500
1860 264 565
1860 369 686
1860 351 833
1860 308 668
1860 395 849
1860 387 857
1860 243 532
1860 404 824
1860 284 528
1860 55 920
1860 60 936
1860 299 571
1860 217 629
1860 368 702
1880 379 512
1880 64 529
1880 67 531
1880 306 673
1880 432 503
1880 466 436
1880 347 516
1880 265 493
1880 309 729
1880 379 513
1880 262 568
1880 352 818
1880 305 667
1880 403 838
1880 385 857
1880 280 664
1880 379 512
1880 242 531
1880 332 752
1880 286 526
1880 47 866
1880 59 869
1880 300 568
1880 217 626
1900 307 664
1900 437 438
1900 345 505
1900 241 733
1900 260 496
1900 442 430
1900 352 475
1900 440 441
1900 65 648
1900 263 563
1900 63 1152
1900 355 823
1900 403 834
1900 385 860
1900 479 746
1900 389 495
1900 63 777
1900 243 532
1900 345 512
1900 462 829
1900 405 826
1900 285 527
1900 437 383
1900 303 575
1900 216 626
1900 235 730
1900 64 646
1920 307 453
1920 305 668
1920 180 607
1920 440 416
1920 264 502
1920 105 676
1920 394 544
1920 387 738
1920 413 898
1920 401 349
1920 79 680
1920 265 566
1920 180 608
1920 356 839
1920 305 667
1920 407 892
1920 372 818
1920 373 861
1920 456 716
1920 313 460
1920 241 529
1920 312 461
1920 156 636
1920 30 363
1920 395 856
1920 281 527
1920 425 915
1920 402 341
1920 390 375
1920 28 977
1920 107 678
1920 302 582
1920 217 625
1940 102 588
1940 304 669
1940 466 293
1940 466 295
1940 262 501
1940 422 572
1940 359 984
1940 231 428
1940 366 298
1940 287 740
1940 266 563
1940 355 825
1940 282 740
1940 309 665
1940 402 831
1940 127 518
1940 374 293
1940 352 734
1940 383 856
1940 279 665
1940 476 874
1940 287 739
1940 241 530
1940 351 733
1940 291 735
1940 148 500
1940 464 868
1940 234 427
1940 369 985
1940 35 414
1940 403 829
1940 286 523
1940 402 302
1940 300 570
1940 217 627
1940 411 297
1940 72 594
1960 160 442
1960 66 510
1960 436 183
1960 429 557
1960 85 502
1960 396 215
1960 263 503
1960 418 563
1960 344 212
1960 369 178
1960 367 196
1960 423 944
1960 90 408
1960 325 1071
1960 266 568
1960 360 838
1960 90 407
1960 387 861
1960 369 200
1960 429 583
1960 384 863
1960 337 208
1960 195 751
1960 242 528
1960 119 383
1960 91 408
1960 401 842
1960 285 528
1960 428 940
1960 300 567
1960 218 625
1960 213 475
1980 303 665
1980 376 1027
1980 179 485
1980 71 419
1980 89 423
1980 263 503
1980 236 1327
1980 310 125
1980 370 104
1980 359 487
1980 93 424
1980 264 569
1980 353 830
1980 104 427
1980 399 830
1980 386 859
1980 162 722
1980 378 481
1980 104 260
1980 240 532
1980 451 885
1980 275 1186
1980 82 291
1980 400 824
1980 285 527
1980 299 566
1980 216 625
