1800 456 628
1800 76 482
1800 288 1113
1800 259 501
1800 308 669
1800 441 827
1800 369 764
1800 261 574
1800 369 764
1800 217 638
1800 306 670
1800 392 823
1800 314 814
1800 370 763
1800 416 831
1800 217 636
1800 239 533
1800 77 483
1800 294 1170
1800 288 1112
1800 185 1323
1800 284 533
1800 33 906
1800 300 570
1800 308 668
1820 421 523
1820 279 679
1820 273 861
1820 260 502
1820 233 1271
1820 296 686
1820 362 696
1820 271 859
1820 419 386
1820 256 581
1820 216 626
1820 303 672
1820 421 842
1820 357 843
1820 422 851
1820 229 1256
1820 218 629
1820 236 534
1820 359 842
1820 224 1231
1820 413 645
1820 284 534
1820 419 840
1820 420 386
1820 36 915
1820 299 573
1820 303 676
1840 80 457
1840 279 678
1840 259 502
1840 280 683
1840 361 620
1840 362 501
1840 362 287
1840 256 571
1840 217 627
1840 295 672
1840 400 856
1840 352 842
1840 275 671
1840 278 680
1840 218 629
1840 241 535
1840 316 866
1840 15 178
1840 278 678
1840 81 456
1840 372 857
1840 398 663
1840 285 530
1840 395 858
1840 54 908
1840 60 908
1840 300 569
1840 284 678
1860 371 557
1860 76 468
1860 341 500
1860 260 503
1860 366 692
1860 342 496
1860 385 710
1860 262 569
1860 217 630
1860 306 672
1860 341 849
1860 391 860
1860 340 853
1860 396 851
1860 217 634
1860 239 533
1860 341 499
1860 76 462
1860 286 532
1860 388 861
1860 371 697
1860 60 953
1860 301 580
1860 303 670
1880 345 520
1880 64 528
1880 432 504
1880 465 444
1880 332 753
1880 346 519
1880 304 764
1880 284 674
1880 268 493
1880 281 672
1880 378 512
1880 379 515
1880 254 578
1880 353 828
1880 217 626
1880 306 671
1880 385 860
1880 331 753
1880 351 848
1880 281 659
1880 283 660
1880 218 628
1880 239 531
1880 311 742
1880 345 520
1880 333 751
1880 64 527
1880 332 751
1880 352 853
1880 285 531
1880 389 851
1880 44 860
1880 47 864
1880 299 574
1880 298 668
1900 347 521
1900 236 734
1900 429 449
1900 353 521
1900 262 500
1900 354 477
1900 471 821
1900 391 502
1900 253 569
1900 218 632
1900 307 670
1900 382 861
1900 350 833
1900 396 851
1900 244 712
1900 281 679
1900 74 777
1900 216 633
1900 241 539
1900 232 680
1900 346 499
1900 353 844
1900 241 715
1900 287 531
1900 397 846
1900 349 476
1900 302 573
1900 35 261
1900 298 661
1920 312 471
1920 299 438
1920 378 378
1920 423 463
1920 158 644
1920 106 679
1920 265 507
1920 277 681
1920 29 741
1920 157 642
1920 212 634
1920 410 901
1920 158 644
1920 394 546
1920 363 830
1920 107 682
1920 265 578
1920 98 686
1920 219 634
1920 292 682
1920 378 862
1920 351 839
1920 391 867
1920 311 465
1920 219 635
1920 241 535
1920 312 462
1920 358 842
1920 283 534
1920 407 901
1920 411 368
1920 23 1037
1920 22 1001
1920 297 597
1920 35 252
1920 105 677
1940 71 593
1940 102 593
1940 464 296
1940 352 990
1940 282 740
1940 241 533
1940 301 685
1940 231 429
1940 31 745
1940 366 997
1940 363 297
1940 473 904
1940 354 988
1940 461 297
1940 125 521
1940 260 573
1940 346 738
1940 71 591
1940 217 632
1940 308 671
1940 389 857
1940 388 268
1940 352 838
1940 457 880
1940 229 428
1940 274 677
1940 281 682
1940 217 633
1940 238 535
1940 393 289
1940 342 737
1940 102 592
1940 353 845
1940 285 530
1940 127 525
1940 300 572
1940 45 284
1940 388 267
1940 306 670
1960 161 442
1960 58 509
1960 423 227
1960 438 563
1960 74 520
1960 366 200
1960 300 1066
1960 263 503
1960 301 679
1960 367 178
1960 371 857
1960 426 959
1960 122 385
1960 257 577
1960 212 634
1960 249 732
1960 302 674
1960 383 861
1960 215 477
1960 349 844
1960 339 213
1960 215 633
1960 226 528
1960 123 385
1960 299 1072
1960 77 518
1960 77 516
1960 362 848
1960 92 412
1960 285 532
1960 301 566
1960 45 263
1960 302 675
1980 300 672
1980 178 487
1980 67 434
1980 278 674
1980 264 507
1980 263 1165
1980 278 677
1980 275 663
1980 317 129
1980 366 90
1980 361 491
1980 461 929
1980 109 464
1980 357 1028
1980 369 487
1980 258 579
1980 353 835
1980 215 629
1980 307 601
1980 399 834
1980 154 727
1980 350 840
1980 160 725
1980 279 660
1980 248 1149
1980 278 667
1980 216 632
1980 238 535
1980 249 1150
1980 268 1170
1980 272 1154
1980 356 844
1980 64 452
1980 285 532
1980 366 1117
1980 394 848
1980 361 491
1980 69 423
1980 300 568
1980 50 258
1980 295 659
