1800 446 604
1800 75 476
1800 260 501
1800 262 569
1800 309 668
1800 392 824
1800 317 815
1800 372 763
1800 442 826
1800 240 532
1800 292 1188
1800 441 827
1800 291 1136
1800 289 1198
1800 188 1330
1800 402 828
1800 285 531
1800 31 902
1800 34 899
1800 300 568
1800 217 628
1800 246 69
1800 309 664
1820 218 626
1820 429 394
1820 455 634
1820 275 854
1820 275 852
1820 259 499
1820 231 1266
1820 410 640
1820 428 508
1820 261 572
1820 408 644
1820 307 669
1820 383 848
1820 357 831
1820 224 1230
1820 238 535
1820 426 847
1820 87 418
1820 420 839
1820 283 530
1820 34 905
1820 296 563
1820 217 627
1820 355 670
1820 307 664
1840 81 456
1840 259 500
1840 391 657
1840 365 501
1840 384 855
1840 261 565
1840 391 656
1840 351 835
1840 303 662
1840 381 852
1840 381 850
1840 360 492
1840 240 533
1840 363 620
1840 281 669
1840 408 834
1840 407 831
1840 285 528
1840 44 890
1840 57 894
1840 297 565
1840 217 625
1860 474 514
1860 477 520
1860 75 460
1860 259 499
1860 391 692
1860 343 500
1860 388 855
1860 474 523
1860 263 564
1860 386 692
1860 310 666
1860 387 855
1860 355 834
1860 382 701
1860 477 516
1860 241 532
1860 390 855
1860 403 827
1860 320 185
1860 284 528
1860 58 925
1860 62 927
1860 301 574
1860 217 626
1860 361 694
1880 348 512
1880 65 528
1880 434 499
1880 469 437
1880 267 493
1880 68 864
1880 465 448
1880 348 516
1880 387 855
1880 434 500
1880 465 457
1880 259 569
1880 306 668
1880 386 854
1880 351 842
1880 382 515
1880 240 534
1880 333 750
1880 280 662
1880 403 828
1880 284 525
1880 47 864
1880 47 870
1880 297 570
1880 218 625
1880 332 750
1900 348 501
1900 226 651
1900 435 455
1900 261 497
1900 82 775
1900 447 413
1900 62 773
1900 352 478
1900 387 859
1900 470 830
1900 390 495
1900 62 643
1900 442 441
1900 264 564
1900 312 622
1900 387 857
1900 355 831
1900 478 755
1900 390 489
1900 62 642
1900 241 535
1900 276 688
1900 462 827
1900 380 867
1900 401 830
1900 286 527
1900 59 780
1900 300 566
1900 217 627
1900 231 721
1920 392 383
1920 425 389
1920 454 898
1920 157 640
1920 299 441
1920 265 502
1920 184 612
1920 30 772
1920 331 481
1920 379 861
1920 425 919
1920 159 638
1920 395 542
1920 108 672
1920 264 566
1920 184 615
1920 105 675
1920 107 677
1920 305 673
1920 379 861
1920 350 843
1920 381 771
1920 458 712
1920 301 444
1920 79 675
1920 241 530
1920 314 464
1920 438 906
1920 402 910
1920 396 849
1920 282 525
1920 423 915
1920 404 343
1920 380 375
1920 29 1016
1920 305 580
1920 217 629
1940 72 588
1940 371 307
1940 467 293
1940 467 297
1940 288 738
1940 265 503
1940 359 983
1940 382 863
1940 382 862
1940 462 878
1940 424 579
1940 126 513
1940 266 563
1940 356 733
1940 309 667
1940 403 830
1940 127 512
1940 383 292
1940 354 840
1940 359 730
1940 476 879
1940 235 429
1940 150 491
1940 72 588
1940 241 529
1940 153 493
1940 461 875
1940 104 588
1940 368 987
1940 403 828
1940 287 529
1940 420 319
1940 301 577
1940 218 627
1940 357 731
1940 310 666
1960 161 441
1960 65 508
1960 433 194
1960 438 560
1960 87 498
1960 185 753
1960 401 222
1960 123 382
1960 216 620
1960 263 502
1960 304 1059
1960 430 550
1960 382 865
1960 349 212
1960 425 951
1960 103 414
1960 302 1062
1960 422 566
1960 265 565
1960 304 668
1960 390 863
1960 445 192
1960 173 747
1960 371 207
1960 358 840
1960 343 218
1960 219 475
1960 85 503
1960 375 866
1960 91 409
1960 392 858
1960 342 209
1960 175 751
1960 287 528
1960 428 953
1960 302 565
1960 218 624
1960 426 234
1960 218 476
1960 302 669
1980 360 1011
1980 74 420
1980 433 1073
1980 343 1191
1980 250 1147
1980 263 505
1980 251 1159
1980 313 129
1980 378 89
1980 387 858
1980 362 490
1980 387 859
1980 467 907
1980 92 438
1980 390 1049
1980 263 571
1980 401 845
1980 89 427
1980 162 721
1980 353 835
1980 476 909
1980 362 490
1980 104 282
1980 451 940
1980 240 533
1980 277 1154
1980 248 1148
1980 282 655
1980 452 895
1980 273 1165
1980 267 1170
1980 363 1033
1980 75 411
1980 401 831
1980 286 528
1980 301 566
1980 50 258
1980 218 623
1980 109 255
