1800 297 669
1800 444 596
1800 76 482
1800 259 501
1800 314 815
1800 262 567
1800 308 667
1800 394 821
1800 369 760
1800 444 819
1800 240 534
1800 315 812
1800 286 1132
1800 442 827
1800 276 1182
1800 280 1217
1800 415 809
1800 284 530
1800 299 568
1800 217 628
1800 241 62
1820 302 667
1820 426 506
1820 453 637
1820 259 500
1820 230 1243
1820 411 644
1820 275 855
1820 260 572
1820 356 832
1820 305 667
1820 377 798
1820 367 843
1820 218 1225
1820 239 533
1820 86 422
1820 422 840
1820 282 532
1820 422 387
1820 33 895
1820 298 569
1820 218 626
1820 355 671
1840 294 647
1840 80 455
1840 259 501
1840 394 653
1840 326 866
1840 263 569
1840 392 657
1840 302 657
1840 407 838
1840 368 291
1840 415 647
1840 382 853
1840 241 534
1840 401 832
1840 283 528
1840 298 568
1840 217 626
1860 373 567
1860 293 662
1860 75 465
1860 337 495
1860 258 502
1860 378 698
1860 278 578
1860 262 567
1860 364 681
1860 347 836
1860 310 669
1860 401 833
1860 241 534
1860 406 828
1860 284 528
1860 57 923
1860 62 941
1860 299 570
1860 217 629
1860 361 693
1880 63 528
1880 302 666
1880 431 502
1880 461 437
1880 347 518
1880 311 744
1880 266 493
1880 312 732
1880 261 567
1880 347 830
1880 308 670
1880 406 829
1880 362 840
1880 241 533
1880 332 754
1880 402 827
1880 284 529
1880 45 872
1880 58 869
1880 299 569
1880 217 625
1900 302 660
1900 428 433
1900 347 512
1900 263 499
1900 352 474
1900 442 409
1900 263 567
1900 353 830
1900 313 663
1900 404 829
1900 385 856
1900 478 733
1900 386 494
1900 242 535
1900 345 520
1900 462 828
1900 284 528
1900 440 383
1900 299 569
1900 216 626
1900 235 734
1920 293 673
1920 178 605
1920 415 390
1920 455 429
1920 263 502
1920 386 732
1920 413 899
1920 398 368
1920 82 685
1920 264 567
1920 179 626
1920 351 842
1920 303 664
1920 405 870
1920 379 785
1920 364 861
1920 457 716
1920 296 441
1920 240 529
1920 158 640
1920 32 363
1920 402 824
1920 281 526
1920 402 341
1920 395 359
1920 25 975
1920 300 570
1920 217 626
1940 103 587
1940 465 295
1940 361 992
1940 462 305
1940 261 504
1940 423 569
1940 360 981
1940 236 428
1940 358 297
1940 290 739
1940 264 567
1940 356 837
1940 308 667
1940 403 830
1940 373 297
1940 346 746
1940 376 866
1940 290 737
1940 241 531
1940 287 737
1940 149 499
1940 462 870
1940 364 983
1940 41 412
1940 403 829
1940 284 525
1940 413 319
1940 300 570
1940 217 628
1940 412 301
1940 72 592
1940 348 736
1960 160 447
1960 65 511
1960 432 183
1960 435 563
1960 87 504
1960 409 221
1960 98 418
1960 263 504
1960 419 566
1960 370 195
1960 192 750
1960 420 940
1960 317 1073
1960 264 567
1960 354 830
1960 95 409
1960 389 835
1960 363 208
1960 377 857
1960 337 201
1960 192 745
1960 239 527
1960 92 410
1960 283 528
1960 428 938
1960 255 724
1960 300 568
1960 217 625
1960 213 476
1980 374 1038
1980 182 486
1980 103 459
1980 253 1150
1980 263 504
1980 238 1314
1980 317 131
1980 370 107
1980 359 490
1980 264 567
1980 355 832
1980 109 462
1980 402 828
1980 384 863
1980 149 718
1980 386 491
1980 106 255
1980 239 532
1980 448 882
1980 279 1186
1980 404 830
1980 284 527
1980 26 1014
1980 299 569
1980 217 624
