1800 463 637
1800 399 835
1800 456 608
1800 261 500
1800 49 1003
1800 464 635
1800 305 659
1800 246 67
1800 255 66
1800 294 1119
1800 444 805
1800 373 774
1800 463 639
1800 266 570
1800 368 764
1800 411 823
1800 220 626
1800 314 668
1800 324 815
1800 438 826
1800 241 532
1800 312 666
1800 323 810
1800 442 831
1800 85 480
1800 296 1127
1800 260 67
1800 289 1118
1800 413 812
1800 289 65
1800 233 61
1800 287 531
1800 406 825
1800 302 570
1820 432 515
1820 422 843
1820 431 517
1820 454 631
1820 260 499
1820 421 632
1820 290 849
1820 418 520
1820 281 707
1820 241 71
1820 440 409
1820 339 693
1820 236 1297
1820 404 642
1820 435 535
1820 263 569
1820 390 845
1820 219 617
1820 310 671
1820 379 847
1820 363 847
1820 227 1264
1820 245 540
1820 419 393
1820 311 667
1820 70 427
1820 363 840
1820 223 1229
1820 426 841
1820 287 534
1820 437 846
1820 431 397
1820 32 899
1840 422 651
1840 405 823
1840 362 291
1840 433 648
1840 460 1093
1840 260 499
1840 390 658
1840 358 638
1840 362 622
1840 285 679
1840 171 1342
1840 383 64
1840 366 506
1840 375 303
1840 311 868
1840 392 656
1840 415 650
1840 265 563
1840 370 839
1840 152 1343
1840 219 624
1840 303 659
1840 379 852
1840 190 1396
1840 472 1109
1840 242 532
1840 288 667
1840 359 622
1840 351 836
1840 83 453
1840 319 865
1840 367 854
1840 34 390
1840 170 1339
1840 174 1366
1840 287 527
1840 407 838
1840 307 591
1860 374 557
1860 340 495
1860 259 502
1860 388 693
1860 370 560
1860 365 698
1860 281 698
1860 323 183
1860 385 569
1860 356 706
1860 263 564
1860 367 840
1860 219 623
1860 310 667
1860 385 859
1860 376 855
1860 379 560
1860 241 535
1860 370 556
1860 82 456
1860 319 185
1860 361 839
1860 404 838
1860 287 528
1860 402 834
1860 375 557
1860 313 605
1880 63 525
1880 401 837
1880 439 498
1880 463 442
1880 344 522
1880 269 510
1880 353 544
1880 286 671
1880 280 84
1880 357 537
1880 342 766
1880 427 496
1880 448 518
1880 264 571
1880 368 858
1880 219 622
1880 311 666
1880 393 851
1880 331 752
1880 243 532
1880 426 504
1880 393 528
1880 335 745
1880 69 528
1880 364 852
1880 28 389
1880 288 526
1880 401 832
1880 371 534
1880 313 591
1880 299 672
1900 391 493
1900 399 824
1900 463 429
1900 341 520
1900 264 499
1900 392 493
1900 354 473
1900 465 841
1900 427 390
1900 383 498
1900 348 498
1900 263 563
1900 75 653
1900 357 815
1900 221 627
1900 312 668
1900 379 855
1900 455 826
1900 104 789
1900 245 535
1900 378 501
1900 458 827
1900 358 827
1900 406 833
1900 291 536
1900 402 830
1900 422 450
1900 316 627
1900 299 666
1920 331 472
1920 18 524
1920 393 545
1920 397 850
1920 111 681
1920 263 504
1920 394 751
1920 393 541
1920 399 371
1920 420 911
1920 420 918
1920 433 444
1920 261 571
1920 79 681
1920 366 825
1920 103 684
1920 223 629
1920 302 672
1920 385 852
1920 400 344
1920 297 440
1920 413 846
1920 248 542
1920 325 477
1920 394 539
1920 462 716
1920 351 833
1920 160 642
1920 366 852
1920 410 770
1920 288 532
1920 400 848
1920 418 351
1920 409 353
1920 355 829
1920 401 340
1940 69 595
1940 361 293
1940 286 746
1940 423 607
1940 101 591
1940 251 485
1940 293 741
1940 292 686
1940 392 264
1940 383 984
1940 351 741
1940 356 989
1940 376 288
1940 460 883
1940 292 742
1940 421 586
1940 458 285
1940 261 561
1940 355 735
1940 258 511
1940 372 977
1940 219 623
1940 310 668
1940 277 472
1940 385 868
1940 342 852
1940 290 733
1940 445 875
1940 287 740
1940 245 472
1940 471 887
1940 241 530
1940 362 295
1940 449 875
1940 112 593
1940 357 842
1940 26 402
1940 454 871
1940 287 526
1940 403 834
1940 457 290
1940 446 334
1940 131 522
1940 305 591
1940 245 536
1940 300 572
1960 416 956
1960 64 516
1960 454 580
1960 415 228
1960 418 555
1960 452 574
1960 361 209
1960 207 759
1960 263 503
1960 442 554
1960 310 1079
1960 129 380
1960 427 554
1960 332 201
1960 382 181
1960 376 187
1960 371 173
1960 421 952
1960 439 560
1960 265 565
1960 369 859
1960 389 856
1960 219 626
1960 304 672
1960 384 857
1960 438 180
1960 349 213
1960 469 1123
1960 220 473
1960 314 1083
1960 373 196
1960 306 664
1960 416 565
1960 86 518
1960 306 1061
1960 372 864
1960 93 407
1960 290 528
1960 402 852
1960 94 410
1960 305 573
1960 436 181
1980 383 1101
1980 178 496
1980 397 503
1980 396 828
1980 180 493
1980 466 1120
1980 156 726
1980 265 508
1980 367 505
1980 287 671
1980 311 125
1980 381 77
1980 276 1183
1980 355 485
1980 166 729
1980 359 1035
1980 253 1153
1980 461 898
1980 374 1106
1980 379 502
1980 263 568
1980 361 846
1980 221 624
1980 309 670
1980 351 844
1980 386 856
1980 338 87
1980 356 118
1980 446 881
1980 252 1148
1980 459 1118
1980 240 535
1980 310 656
1980 356 1060
1980 459 880
1980 352 834
1980 76 429
1980 364 507
1980 363 852
1980 173 744
1980 81 411
1980 406 829
1980 290 531
1980 402 831
1980 368 501
1980 352 835
1980 308 586
1980 302 666
