1800 304 667
1800 444 596
1800 76 481
1800 259 501
1800 262 568
1800 309 668
1800 395 821
1800 369 760
1800 240 533
1800 316 811
1800 286 1133
1800 443 827
1800 276 1183
1800 280 1218
1800 414 809
1800 284 530
1800 32 900
1800 299 569
1800 217 628
1800 239 59
1820 299 668
1820 426 504
1820 453 639
1820 260 500
1820 230 1244
1820 411 643
1820 274 856
1820 260 573
1820 356 832
1820 304 669
1820 381 804
1820 368 844
1820 218 1225
1820 239 534
1820 422 841
1820 282 532
1820 422 387
1820 33 895
1820 298 569
1820 218 626
1820 356 672
1840 294 651
1840 80 456
1840 259 501
1840 394 653
1840 263 569
1840 392 658
1840 303 658
1840 410 833
1840 367 288
1840 416 649
1840 382 854
1840 241 534
1840 401 832
1840 283 528
1840 298 568
1840 217 626
1860 373 568
1860 294 664
1860 75 465
1860 338 496
1860 258 502
1860 377 698
1860 279 570
1860 262 568
1860 346 835
1860 310 669
1860 401 832
1860 241 535
1860 407 827
1860 284 528
1860 57 925
1860 62 945
1860 300 570
1860 217 629
1860 360 693
1880 63 528
1880 302 666
1880 431 504
1880 463 434
1880 347 518
1880 311 743
1880 266 493
1880 312 734
1880 261 567
1880 347 828
1880 308 671
1880 407 829
1880 366 843
1880 241 533
1880 331 762
1880 403 830
1880 284 529
1880 45 873
1880 60 873
1880 300 569
1880 217 626
1900 302 660
1900 428 430
1900 346 513
1900 263 498
1900 428 427
1900 352 474
1900 442 408
1900 263 567
1900 353 829
1900 404 830
1900 384 858
1900 386 493
1900 242 535
1900 345 521
1900 462 828
1900 284 528
1900 299 569
1900 216 627
1920 294 673
1920 425 413
1920 263 503
1920 378 736
1920 413 901
1920 398 365
1920 81 686
1920 264 568
1920 179 626
1920 351 841
1920 405 863
1920 380 785
1920 365 861
1920 456 715
1920 296 441
1920 240 529
1920 158 640
1920 401 826
1920 281 525
1920 402 340
1920 25 977
1920 301 571
1920 217 626
1940 102 588
1940 466 301
1940 361 996
1940 462 309
1940 261 504
1940 423 570
1940 360 981
1940 235 429
1940 359 298
1940 290 738
1940 264 566
1940 356 837
1940 308 669
1940 403 831
1940 373 297
1940 346 751
1940 375 865
1940 278 666
1940 289 737
1940 241 530
1940 350 733
1940 287 737
1940 149 498
1940 462 870
1940 364 983
1940 39 412
1940 404 830
1940 285 525
1940 414 315
1940 300 570
1940 217 628
1940 415 303
1940 73 593
1940 349 735
1960 160 447
1960 66 511
1960 433 181
1960 435 562
1960 86 505
1960 412 223
1960 102 418
1960 263 503
1960 419 566
1960 371 193
1960 420 937
1960 318 1074
1960 264 568
1960 354 829
1960 95 411
1960 389 831
1960 363 207
1960 379 859
1960 338 201
1960 238 528
1960 283 528
1960 429 935
1960 255 724
1960 300 568
1960 217 625
1960 213 476
1980 374 1042
1980 182 487
1980 103 460
1980 255 1154
1980 263 504
1980 239 1310
1980 317 129
1980 370 109
1980 360 490
1980 264 568
1980 355 832
1980 109 462
1980 402 829
1980 383 864
1980 149 719
1980 386 491
1980 106 255
1980 65 774
1980 239 533
1980 448 885
1980 279 1188
1980 284 527
1980 299 569
1980 217 625
