1800 307 664
1800 444 596
1800 76 482
1800 260 501
1800 314 815
1800 263 568
1800 309 667
1800 395 820
1800 369 761
1800 444 817
1800 240 534
1800 316 811
1800 286 1132
1800 443 826
1800 276 1181
1800 280 1215
1800 415 809
1800 284 530
1800 32 899
1800 299 569
1800 217 628
1800 238 57
1820 301 669
1820 426 507
1820 453 637
1820 260 500
1820 230 1243
1820 411 642
1820 275 855
1820 260 573
1820 357 831
1820 305 668
1820 378 802
1820 368 841
1820 218 1224
1820 239 534
1820 422 840
1820 282 532
1820 422 387
1820 33 896
1820 298 569
1820 218 626
1820 356 672
1840 259 501
1840 395 653
1840 362 496
1840 263 569
1840 392 657
1840 302 657
1840 410 833
1840 368 291
1840 420 649
1840 382 854
1840 240 534
1840 401 832
1840 283 528
1840 57 908
1840 298 568
1840 217 627
1860 373 567
1860 291 667
1860 76 466
1860 337 496
1860 258 502
1860 377 698
1860 279 582
1860 262 567
1860 363 685
1860 347 835
1860 310 669
1860 401 831
1860 241 534
1860 406 828
1860 284 529
1860 57 922
1860 62 942
1860 299 570
1860 217 629
1860 360 693
1880 63 529
1880 305 669
1880 431 504
1880 463 434
1880 346 518
1880 312 743
1880 266 493
1880 313 731
1880 261 568
1880 347 827
1880 309 670
1880 406 829
1880 363 845
1880 241 533
1880 331 763
1880 402 826
1880 284 528
1880 46 874
1880 58 870
1880 299 569
1880 217 626
1900 300 662
1900 428 431
1900 346 514
1900 262 499
1900 429 423
1900 352 474
1900 443 401
1900 263 566
1900 353 827
1900 404 828
1900 385 856
1900 479 734
1900 386 493
1900 60 772
1900 242 535
1900 346 523
1900 461 828
1900 405 830
1900 285 528
1900 441 383
1900 299 569
1900 216 627
1900 235 739
1920 294 669
1920 178 605
1920 419 398
1920 263 503
1920 381 735
1920 413 900
1920 399 363
1920 82 686
1920 263 568
1920 179 623
1920 351 840
1920 304 665
1920 407 879
1920 383 785
1920 372 863
1920 456 714
1920 296 441
1920 241 530
1920 158 641
1920 34 363
1920 400 826
1920 281 526
1920 403 341
1920 394 354
1920 25 981
1920 302 570
1920 217 626
1940 102 588
1940 465 301
1940 362 992
1940 463 309
1940 261 505
1940 422 570
1940 360 981
1940 235 429
1940 357 297
1940 290 738
1940 264 565
1940 357 833
1940 309 666
1940 403 828
1940 373 299
1940 348 745
1940 376 866
1940 278 666
1940 290 738
1940 241 531
1940 350 734
1940 286 738
1940 148 498
1940 464 869
1940 363 983
1940 34 412
1940 403 829
1940 285 525
1940 411 317
1940 300 570
1940 217 628
1940 413 303
1940 72 593
1940 349 733
1960 160 446
1960 65 511
1960 432 182
1960 434 559
1960 86 505
1960 408 224
1960 100 417
1960 263 504
1960 418 566
1960 370 196
1960 193 751
1960 420 940
1960 318 1072
1960 265 568
1960 354 829
1960 95 410
1960 389 838
1960 355 213
1960 380 862
1960 338 204
1960 239 527
1960 283 528
1960 428 936
1960 256 725
1960 300 568
1960 217 625
1960 213 477
1980 374 1041
1980 183 486
1980 103 462
1980 253 1153
1980 263 504
1980 238 1328
1980 316 128
1980 370 108
1980 359 489
1980 264 569
1980 353 831
1980 109 463
1980 401 827
1980 384 863
1980 149 718
1980 377 482
1980 106 255
1980 65 776
1980 239 532
1980 447 882
1980 279 1186
1980 403 829
1980 284 527
1980 299 568
1980 217 625
