1800 278 664
1800 445 597
1800 77 478
1800 259 500
1800 433 611
1800 263 567
1800 308 665
1800 397 825
1800 369 761
1800 240 532
1800 315 812
1800 287 1134
1800 442 826
1800 281 1171
1800 280 1209
1800 427 813
1800 285 529
1800 28 904
1800 300 571
1800 217 628
1800 238 62
1820 290 671
1820 426 508
1820 452 634
1820 259 499
1820 232 1261
1820 277 852
1820 260 571
1820 358 830
1820 372 769
1820 376 840
1820 220 1226
1820 239 534
1820 87 422
1820 423 840
1820 283 531
1820 422 387
1820 33 893
1820 298 568
1820 217 626
1820 354 670
1840 283 669
1840 80 453
1840 259 501
1840 391 655
1840 361 496
1840 262 569
1840 392 655
1840 297 656
1840 410 832
1840 367 296
1840 424 644
1840 380 853
1840 367 507
1840 240 532
1840 361 610
1840 404 834
1840 284 529
1840 61 903
1840 61 915
1840 297 567
1840 217 627
1860 374 564
1860 296 666
1860 77 468
1860 337 497
1860 257 502
1860 385 701
1860 262 565
1860 370 684
1860 349 828
1860 308 667
1860 401 839
1860 384 699
1860 241 534
1860 403 828
1860 283 529
1860 58 918
1860 64 935
1860 299 570
1860 217 629
1860 379 702
1880 63 528
1880 66 531
1880 302 674
1880 432 502
1880 464 434
1880 346 517
1880 269 494
1880 309 737
1880 260 566
1880 352 820
1880 307 667
1880 409 833
1880 380 831
1880 379 512
1880 240 531
1880 332 751
1880 403 828
1880 285 528
1880 47 869
1880 58 870
1880 299 570
1880 217 625
1900 237 700
1900 441 408
1900 345 512
1900 260 496
1900 426 437
1900 354 476
1900 441 389
1900 63 645
1900 262 567
1900 356 823
1900 406 830
1900 383 857
1900 478 732
1900 387 493
1900 66 775
1900 243 535
1900 343 511
1900 462 826
1900 404 827
1900 284 527
1900 298 568
1900 217 626
1920 302 662
1920 178 606
1920 436 441
1920 264 502
1920 105 675
1920 388 739
1920 32 733
1920 413 902
1920 389 374
1920 77 679
1920 264 565
1920 181 612
1920 352 839
1920 407 902
1920 391 750
1920 373 861
1920 456 713
1920 295 445
1920 241 529
1920 311 462
1920 156 635
1920 31 365
1920 403 827
1920 279 523
1920 425 914
1920 402 343
1920 27 971
1920 300 569
1920 217 625
1940 27 587
1940 101 587
1940 465 293
1940 362 981
1940 465 312
1940 265 506
1940 422 571
1940 358 984
1940 234 429
1940 358 296
1940 264 566
1940 355 827
1940 310 663
1940 405 829
1940 127 520
1940 374 301
1940 349 734
1940 379 862
1940 289 738
1940 243 529
1940 289 737
1940 147 497
1940 464 866
1940 241 426
1940 365 981
1940 403 827
1940 285 524
1940 399 302
1940 300 569
1940 217 629
1940 415 299
1940 72 591
1960 161 444
1960 67 510
1960 433 182
1960 430 555
1960 85 503
1960 400 220
1960 95 415
1960 263 503
1960 418 562
1960 372 185
1960 194 745
1960 369 189
1960 424 949
1960 90 407
1960 320 1075
1960 264 568
1960 354 828
1960 91 408
1960 390 848
1960 345 214
1960 381 861
1960 340 212
1960 241 526
1960 92 410
1960 283 527
1960 427 941
1960 300 566
1960 218 625
1960 213 475
1980 375 1041
1980 181 485
1980 71 419
1980 91 421
1980 263 503
1980 244 1257
1980 316 128
1980 372 105
1980 360 491
1980 100 441
1980 263 567
1980 354 827
1980 105 460
1980 403 829
1980 384 863
1980 378 490
1980 104 269
1980 239 531
1980 449 883
1980 278 1191
1980 401 825
1980 284 527
1980 299 567
1980 216 627
