1800 308 665
1800 445 603
1800 77 474
1800 314 812
1800 261 500
1800 446 602
1800 265 565
1800 309 669
1800 395 825
1800 369 759
1800 376 764
1800 444 832
1800 310 668
1800 241 534
1800 317 814
1800 292 1110
1800 442 819
1800 292 1195
1800 286 1191
1800 186 1331
1800 420 808
1800 265 51
1800 287 529
1800 31 903
1800 299 569
1800 216 626
1800 246 65
1820 277 848
1820 294 671
1820 419 387
1820 454 630
1820 259 499
1820 224 1229
1820 411 643
1820 86 418
1820 425 509
1820 420 387
1820 263 567
1820 306 669
1820 384 847
1820 365 831
1820 383 848
1820 459 639
1820 307 668
1820 224 1229
1820 239 535
1820 285 854
1820 354 667
1820 87 417
1820 422 837
1820 283 532
1820 417 387
1820 34 894
1820 296 567
1820 217 623
1820 354 671
1840 296 664
1840 81 456
1840 320 864
1840 259 501
1840 394 657
1840 263 565
1840 391 655
1840 342 865
1840 308 658
1840 389 861
1840 366 839
1840 405 834
1840 361 497
1840 311 664
1840 241 533
1840 48 429
1840 166 1332
1840 407 827
1840 286 528
1840 363 622
1840 58 903
1840 56 923
1840 298 564
1840 217 624
1840 296 564
1860 374 557
1860 298 666
1860 76 461
1860 259 499
1860 387 696
1860 292 592
1860 263 564
1860 386 699
1860 308 669
1860 386 850
1860 359 834
1860 310 667
1860 242 535
1860 363 693
1860 406 823
1860 285 531
1860 57 958
1860 300 570
1860 218 627
1860 368 690
1880 349 510
1880 65 530
1880 298 669
1880 433 499
1880 470 439
1880 274 499
1880 470 437
1880 378 512
1880 347 513
1880 261 570
1880 306 671
1880 384 849
1880 310 732
1880 354 829
1880 382 854
1880 307 668
1880 242 533
1880 335 749
1880 407 821
1880 286 525
1880 45 882
1880 47 880
1880 298 570
1880 218 625
1880 334 747
1880 295 577
1900 354 485
1900 287 685
1900 433 453
1900 465 1104
1900 264 502
1900 234 702
1900 60 769
1900 353 480
1900 390 494
1900 89 776
1900 437 404
1900 353 499
1900 265 563
1900 310 670
1900 386 853
1900 357 823
1900 378 822
1900 478 754
1900 389 492
1900 311 668
1900 239 727
1900 64 774
1900 242 537
1900 277 670
1900 273 668
1900 233 720
1900 463 828
1900 29 399
1900 233 701
1900 407 826
1900 285 529
1900 433 385
1900 237 725
1900 299 566
1900 218 626
1900 231 709
1900 64 649
1900 299 569
1920 9 504
1920 283 674
1920 382 375
1920 414 349
1920 30 1018
1920 458 691
1920 265 502
1920 394 545
1920 183 611
1920 413 899
1920 395 544
1920 101 680
1920 403 385
1920 285 615
1920 263 567
1920 182 610
1920 389 736
1920 305 670
1920 395 861
1920 402 342
1920 363 833
1920 388 783
1920 455 713
1920 298 438
1920 35 748
1920 183 612
1920 242 530
1920 317 465
1920 456 715
1920 156 640
1920 407 897
1920 405 832
1920 283 525
1920 430 913
1920 409 345
1920 18 1024
1920 300 568
1920 32 266
1920 217 626
1920 82 685
1920 299 577
1940 73 593
1940 103 592
1940 304 669
1940 466 294
1940 148 498
1940 360 986
1940 444 325
1940 128 521
1940 263 506
1940 360 981
1940 235 429
1940 386 266
1940 425 577
1940 264 563
1940 309 667
1940 404 829
1940 147 492
1940 373 297
1940 349 822
1940 360 729
1940 291 739
1940 474 867
1940 293 733
1940 29 757
1940 241 529
1940 457 875
1940 104 591
1940 237 428
1940 360 980
1940 406 823
1940 286 526
1940 396 294
1940 301 569
1940 54 236
1940 217 627
1940 413 305
1940 360 730
1960 163 445
1960 66 513
1960 301 672
1960 429 208
1960 339 1060
1960 163 442
1960 437 558
1960 85 507
1960 177 747
1960 425 218
1960 123 380
1960 263 502
1960 256 721
1960 438 559
1960 366 237
1960 368 180
1960 419 948
1960 303 1057
1960 425 565
1960 264 566
1960 304 671
1960 389 861
1960 342 210
1960 372 833
1960 303 670
1960 243 529
1960 126 371
1960 327 1071
1960 162 444
1960 93 417
1960 374 864
1960 91 406
1960 409 831
1960 287 530
1960 430 941
1960 300 562
1960 219 623
1960 214 477
1980 287 667
1980 361 1036
1980 179 486
1980 78 419
1980 342 1191
1980 252 1146
1980 263 504
1980 312 135
1980 372 93
1980 95 431
1980 379 1050
1980 375 490
1980 88 754
1980 264 566
1980 105 451
1980 401 833
1980 156 721
1980 327 120
1980 352 828
1980 161 721
1980 376 478
1980 306 663
1980 109 247
1980 433 1058
1980 273 1165
1980 39 768
1980 239 535
1980 112 253
1980 451 888
1980 92 422
1980 281 1178
1980 273 1167
1980 71 421
1980 401 827
1980 286 527
1980 451 889
1980 300 563
1980 219 621
1980 110 254
1980 302 571
