1800 308 666
1800 444 596
1800 76 481
1800 259 501
1800 313 815
1800 262 567
1800 308 668
1800 394 820
1800 368 761
1800 239 533
1800 314 813
1800 286 1134
1800 443 827
1800 276 1183
1800 281 1217
1800 413 810
1800 284 530
1800 32 900
1800 299 568
1800 217 628
1800 239 59
1820 302 667
1820 426 506
1820 453 638
1820 259 500
1820 230 1243
1820 411 643
1820 274 856
1820 259 573
1820 355 833
1820 305 669
1820 378 795
1820 366 843
1820 218 1226
1820 239 534
1820 422 841
1820 282 531
1820 422 387
1820 33 895
1820 298 569
1820 217 626
1820 355 671
1840 292 660
1840 81 456
1840 259 501
1840 394 653
1840 262 568
1840 392 658
1840 302 660
1840 409 835
1840 368 291
1840 416 650
1840 382 854
1840 240 534
1840 402 832
1840 283 528
1840 298 568
1840 217 626
1860 372 569
1860 293 663
1860 76 465
1860 337 496
1860 258 502
1860 378 700
1860 278 574
1860 262 567
1860 363 681
1860 347 835
1860 309 670
1860 401 833
1860 241 534
1860 406 829
1860 284 528
1860 61 944
1860 299 570
1860 217 629
1860 361 693
1880 63 528
1880 304 670
1880 431 504
1880 463 434
1880 347 518
1880 311 744
1880 266 493
1880 312 732
1880 261 567
1880 347 828
1880 308 670
1880 406 830
1880 363 842
1880 241 533
1880 332 755
1880 402 828
1880 284 529
1880 45 873
1880 58 874
1880 299 569
1880 217 625
1900 299 663
1900 428 431
1900 346 512
1900 262 497
1900 429 427
1900 352 474
1900 442 413
1900 262 567
1900 353 829
1900 404 829
1900 385 857
1900 386 493
1900 242 534
1900 344 519
1900 462 828
1900 406 830
1900 284 527
1900 439 382
1900 299 569
1900 216 626
1900 235 736
1920 294 673
1920 415 392
1920 263 502
1920 384 734
1920 413 902
1920 398 367
1920 81 686
1920 263 567
1920 177 628
1920 351 841
1920 405 866
1920 380 786
1920 363 861
1920 457 716
1920 295 441
1920 240 530
1920 158 641
1920 27 363
1920 400 828
1920 281 526
1920 402 339
1920 25 978
1920 301 570
1920 217 626
1940 102 587
1940 466 298
1940 361 993
1940 463 313
1940 260 503
1940 422 570
1940 359 981
1940 235 429
1940 358 297
1940 289 739
1940 264 567
1940 356 838
1940 308 668
1940 403 830
1940 373 297
1940 346 752
1940 374 866
1940 278 666
1940 289 738
1940 240 531
1940 286 738
1940 148 499
1940 463 870
1940 363 982
1940 36 410
1940 404 829
1940 284 525
1940 414 318
1940 299 570
1940 217 628
1940 413 304
1940 72 594
1940 348 732
1960 161 447
1960 65 511
1960 433 182
1960 434 560
1960 86 505
1960 409 220
1960 98 418
1960 262 504
1960 418 567
1960 371 195
1960 192 751
1960 420 940
1960 317 1072
1960 264 567
1960 354 829
1960 95 409
1960 388 836
1960 364 206
1960 375 857
1960 338 201
1960 193 748
1960 238 529
1960 283 528
1960 429 939
1960 255 724
1960 299 568
1960 217 625
1960 213 476
1980 373 1042
1980 103 460
1980 255 1153
1980 263 504
1980 240 1318
1980 317 131
1980 370 108
1980 360 490
1980 264 568
1980 353 833
1980 109 462
1980 402 828
1980 383 864
1980 149 719
1980 385 490
1980 106 255
1980 67 773
1980 239 532
1980 448 885
1980 280 1189
1980 283 527
1980 299 568
1980 217 625
