1800 307 667
1800 445 596
1800 76 483
1800 259 501
1800 314 814
1800 262 568
1800 308 667
1800 395 823
1800 369 761
1800 443 825
1800 239 533
1800 316 812
1800 286 1137
1800 442 824
1800 279 1179
1800 280 1216
1800 416 808
1800 285 530
1800 31 899
1800 300 570
1800 217 628
1800 237 56
1820 304 669
1820 430 432
1820 453 636
1820 277 855
1820 259 501
1820 226 1238
1820 411 642
1820 276 853
1820 261 572
1820 358 833
1820 305 667
1820 380 845
1820 379 833
1820 371 847
1820 221 1231
1820 239 534
1820 422 841
1820 283 533
1820 422 387
1820 33 896
1820 298 569
1820 218 625
1820 355 670
1840 286 670
1840 80 455
1840 259 502
1840 393 656
1840 373 302
1840 326 867
1840 361 497
1840 262 569
1840 392 656
1840 375 848
1840 302 656
1840 399 854
1840 368 301
1840 423 644
1840 382 851
1840 367 506
1840 240 533
1840 359 609
1840 407 834
1840 284 529
1840 57 910
1840 57 914
1840 298 569
1840 217 626
1860 372 566
1860 293 673
1860 77 470
1860 338 495
1860 257 503
1860 384 701
1860 284 584
1860 261 566
1860 366 691
1860 350 830
1860 309 669
1860 398 841
1860 365 703
1860 385 855
1860 278 660
1860 241 534
1860 406 825
1860 285 529
1860 56 922
1860 62 938
1860 300 571
1860 217 630
1860 363 694
1880 64 528
1880 68 535
1880 302 669
1880 432 501
1880 462 434
1880 347 517
1880 312 743
1880 266 494
1880 311 735
1880 277 663
1880 260 567
1880 350 824
1880 306 670
1880 400 840
1880 380 860
1880 278 663
1880 379 513
1880 277 660
1880 241 532
1880 332 758
1880 274 664
1880 347 510
1880 403 821
1880 285 528
1880 46 873
1880 60 874
1880 300 570
1880 217 627
1900 238 701
1900 298 665
1900 428 424
1900 345 515
1900 263 499
1900 426 443
1900 353 474
1900 443 417
1900 64 646
1900 261 565
1900 353 826
1900 318 665
1900 403 835
1900 384 864
1900 388 493
1900 62 779
1900 242 535
1900 344 516
1900 461 828
1900 404 824
1900 286 528
1900 433 384
1900 300 569
1900 217 627
1900 231 722
1920 314 461
1920 299 662
1920 179 607
1920 263 503
1920 107 680
1920 387 735
1920 411 904
1920 391 376
1920 78 679
1920 157 639
1920 264 567
1920 179 620
1920 350 843
1920 306 669
1920 407 875
1920 373 819
1920 376 863
1920 456 714
1920 294 442
1920 241 531
1920 311 468
1920 158 638
1920 403 820
1920 281 527
1920 426 916
1920 403 341
1920 26 980
1920 300 570
1920 217 625
1940 102 588
1940 306 666
1940 464 295
1940 360 991
1940 451 313
1940 261 505
1940 424 574
1940 359 983
1940 361 297
1940 288 737
1940 264 566
1940 356 830
1940 309 666
1940 402 831
1940 128 522
1940 373 298
1940 348 732
1940 377 862
1940 289 739
1940 240 530
1940 350 735
1940 288 737
1940 149 500
1940 463 869
1940 238 433
1940 368 982
1940 406 826
1940 285 524
1940 409 313
1940 301 570
1940 217 628
1940 416 306
1940 72 594
1940 352 733
1960 161 445
1960 67 512
1960 302 666
1960 430 183
1960 433 558
1960 86 505
1960 398 214
1960 118 387
1960 263 504
1960 265 718
1960 418 566
1960 370 188
1960 194 744
1960 369 194
1960 422 949
1960 91 409
1960 319 1077
1960 264 568
1960 353 830
1960 93 410
1960 306 667
1960 392 843
1960 369 204
1960 378 864
1960 338 203
1960 194 748
1960 239 528
1960 133 472
1960 89 407
1960 284 528
1960 429 940
1960 300 567
1960 218 625
1960 213 475
1980 374 1044
1980 180 484
1980 75 424
1980 104 453
1980 254 1153
1980 263 504
1980 237 1340
1980 317 128
1980 371 105
1980 360 491
1980 105 462
1980 262 569
1980 353 830
1980 108 462
1980 400 834
1980 384 864
1980 383 491
1980 107 256
1980 239 532
1980 450 884
1980 276 1185
1980 402 826
1980 284 528
1980 299 569
1980 217 626
