1800 308 665
1800 445 600
1800 76 481
1800 260 501
1800 285 669
1800 445 598
1800 265 568
1800 275 665
1800 308 662
1800 390 821
1800 368 763
1800 466 626
1800 239 533
1800 288 1117
1800 443 830
1800 296 1169
1800 285 1201
1800 412 821
1800 237 66
1800 284 531
1800 34 895
1800 41 908
1800 297 566
1800 218 631
1800 368 761
1800 237 62
1820 305 673
1820 417 505
1820 453 634
1820 85 420
1820 258 500
1820 224 1262
1820 275 670
1820 405 638
1820 416 508
1820 261 576
1820 402 644
1820 305 670
1820 381 845
1820 359 835
1820 417 631
1820 221 1233
1820 239 536
1820 353 671
1820 86 416
1820 421 843
1820 282 531
1820 420 385
1820 35 891
1820 295 563
1820 218 628
1840 288 677
1840 82 453
1840 260 501
1840 278 675
1840 391 657
1840 362 498
1840 418 662
1840 262 568
1840 390 657
1840 301 663
1840 393 875
1840 374 856
1840 364 293
1840 423 645
1840 361 499
1840 239 534
1840 355 625
1840 378 850
1840 404 837
1840 285 530
1840 51 892
1840 296 566
1840 217 626
1840 389 658
1860 304 669
1860 473 516
1860 75 463
1860 258 500
1860 293 633
1860 389 694
1860 341 498
1860 262 568
1860 386 698
1860 346 849
1860 309 669
1860 389 850
1860 355 831
1860 363 695
1860 475 499
1860 239 535
1860 356 697
1860 401 832
1860 319 191
1860 283 528
1860 57 925
1860 298 566
1860 216 627
1860 357 698
1880 345 510
1880 65 530
1880 304 670
1880 433 500
1880 464 443
1880 268 493
1880 277 669
1880 432 499
1880 345 514
1880 378 513
1880 343 516
1880 260 570
1880 307 709
1880 306 668
1880 396 858
1880 302 676
1880 354 830
1880 469 433
1880 379 512
1880 240 530
1880 324 750
1880 402 826
1880 285 527
1880 48 869
1880 55 870
1880 297 566
1880 217 628
1880 337 747
1900 342 512
1900 307 669
1900 434 449
1900 259 494
1900 268 575
1900 71 768
1900 346 498
1900 386 490
1900 88 763
1900 440 407
1900 353 478
1900 263 567
1900 353 848
1900 313 670
1900 384 859
1900 354 830
1900 354 479
1900 62 643
1900 241 533
1900 354 482
1900 460 827
1900 400 833
1900 286 528
1900 438 386
1900 298 565
1900 216 628
1900 230 716
1920 299 661
1920 376 372
1920 179 613
1920 295 441
1920 409 343
1920 12 952
1920 416 922
1920 263 502
1920 33 776
1920 329 481
1920 415 899
1920 394 542
1920 399 347
1920 262 570
1920 182 614
1920 302 664
1920 383 865
1920 412 349
1920 356 834
1920 294 440
1920 80 685
1920 239 530
1920 312 461
1920 455 711
1920 154 641
1920 377 861
1920 401 839
1920 281 526
1920 423 918
1920 406 340
1920 23 1020
1920 301 571
1920 216 627
1940 75 591
1940 305 666
1940 466 301
1940 146 495
1940 459 318
1940 261 501
1940 359 983
1940 30 741
1940 421 580
1940 127 514
1940 263 563
1940 310 665
1940 401 831
1940 385 284
1940 356 830
1940 359 729
1940 348 286
1940 474 894
1940 239 529
1940 461 875
1940 362 977
1940 404 828
1940 285 526
1940 392 281
1940 303 572
1940 215 627
1940 413 305
1940 352 736
1960 161 443
1960 65 512
1960 301 669
1960 434 185
1960 161 442
1960 433 552
1960 88 498
1960 191 749
1960 405 222
1960 262 503
1960 433 556
1960 367 196
1960 426 954
1960 97 415
1960 302 1059
1960 420 564
1960 263 565
1960 303 668
1960 388 864
1960 426 230
1960 361 841
1960 343 216
1960 245 527
1960 161 444
1960 384 855
1960 92 409
1960 396 812
1960 335 204
1960 178 750
1960 286 529
1960 318 1079
1960 300 561
1960 218 626
1960 426 231
1960 213 477
1960 387 861
1980 304 661
1980 354 1017
1980 181 485
1980 72 422
1980 262 505
1980 241 1178
1980 281 661
1980 357 1033
1980 379 94
1980 360 489
1980 106 465
1980 260 571
1980 302 567
1980 397 843
1980 92 424
1980 156 720
1980 352 829
1980 361 491
1980 109 249
1980 456 923
1980 238 533
1980 262 1146
1980 251 1152
1980 451 886
1980 92 420
1980 279 1150
1980 275 1170
1980 388 858
1980 97 417
1980 400 832
1980 284 527
1980 18 949
1980 299 561
1980 46 263
1980 218 623
1980 356 832
