1800 287 661
1800 445 602
1800 262 501
1800 290 1186
1800 233 54
1800 412 815
1800 265 570
1800 368 760
1800 218 633
1800 308 662
1800 411 815
1800 186 1318
1800 468 952
1800 290 1118
1800 241 531
1800 445 828
1800 85 482
1800 285 1121
1800 230 53
1800 287 527
1800 299 573
1820 285 691
1820 432 398
1820 426 515
1820 454 629
1820 260 500
1820 276 851
1820 428 513
1820 416 627
1820 264 592
1820 219 625
1820 308 669
1820 420 843
1820 232 1284
1820 240 534
1820 287 532
1820 433 402
1820 300 570
1840 283 680
1840 361 287
1840 260 500
1840 385 657
1840 358 645
1840 358 620
1840 372 298
1840 388 654
1840 260 568
1840 152 1340
1840 217 626
1840 299 673
1840 321 864
1840 163 1339
1840 242 531
1840 82 455
1840 380 855
1840 218 629
1840 160 1336
1840 289 525
1840 397 850
1840 62 905
1840 300 567
1860 372 553
1860 260 502
1860 370 566
1860 315 181
1860 313 178
1860 385 702
1860 261 567
1860 219 625
1860 307 669
1860 241 532
1860 76 455
1860 352 712
1860 384 856
1860 290 526
1860 395 840
1860 371 554
1860 40 918
1860 301 572
1880 64 527
1880 290 673
1880 430 498
1880 465 431
1880 337 741
1880 269 495
1880 463 448
1880 466 437
1880 260 576
1880 36 1272
1880 220 624
1880 306 666
1880 242 532
1880 335 746
1880 385 860
1880 290 524
1880 298 566
1900 434 431
1900 444 463
1900 264 504
1900 391 495
1900 381 494
1900 462 829
1900 261 573
1900 218 629
1900 309 668
1900 458 824
1900 92 758
1900 241 534
1900 461 819
1900 290 530
1900 304 568
1920 297 440
1920 297 436
1920 354 825
1920 446 480
1920 266 503
1920 393 539
1920 406 895
1920 396 543
1920 392 750
1920 263 581
1920 182 623
1920 367 847
1920 221 630
1920 403 345
1920 298 435
1920 241 530
1920 315 466
1920 157 641
1920 464 709
1920 379 859
1920 394 751
1920 311 463
1920 290 531
1920 410 893
1920 405 348
1920 305 578
1920 158 641
1920 383 375
1940 74 597
1940 282 663
1940 440 326
1940 415 303
1940 373 289
1940 349 734
1940 251 505
1940 359 983
1940 136 501
1940 382 266
1940 377 289
1940 462 879
1940 126 524
1940 263 567
1940 360 728
1940 362 981
1940 218 628
1940 308 668
1940 451 872
1940 468 869
1940 241 529
1940 456 867
1940 346 737
1940 289 524
1940 152 505
1940 424 312
1940 301 570
1940 291 525
1960 61 510
1960 298 683
1960 358 829
1960 427 550
1960 441 564
1960 365 188
1960 265 505
1960 425 548
1960 366 178
1960 305 672
1960 407 968
1960 426 547
1960 432 554
1960 266 568
1960 216 625
1960 260 730
1960 339 207
1960 214 475
1960 361 212
1960 289 529
1960 302 564
1960 122 384
1980 177 493
1980 286 682
1980 386 486
1980 351 828
1980 446 1048
1980 265 507
1980 279 1164
1980 367 1047
1980 302 119
1980 346 106
1980 361 491
1980 411 1050
1980 464 923
1980 221 623
1980 347 843
1980 262 1160
1980 456 1113
1980 256 1148
1980 55 847
1980 241 532
1980 112 249
1980 454 888
1980 77 423
1980 274 1167
1980 358 490
1980 60 415
1980 289 528
1980 396 829
1980 302 563
