1800 307 663
1800 445 598
1800 76 481
1800 259 500
1800 446 595
1800 264 565
1800 308 664
1800 395 821
1800 370 758
1800 395 826
1800 281 661
1800 446 826
1800 239 531
1800 315 811
1800 290 1112
1800 442 825
1800 282 1184
1800 279 1210
1800 427 812
1800 285 528
1800 32 896
1800 300 566
1800 217 625
1800 235 66
1820 302 666
1820 421 407
1820 452 631
1820 259 499
1820 226 1250
1820 427 502
1820 411 643
1820 279 855
1820 262 570
1820 410 640
1820 356 831
1820 305 666
1820 379 844
1820 369 696
1820 381 843
1820 220 1226
1820 240 534
1820 89 418
1820 424 839
1820 283 528
1820 422 385
1820 35 889
1820 297 566
1820 217 624
1820 356 671
1840 302 669
1840 81 455
1840 318 864
1840 260 501
1840 393 655
1840 374 301
1840 341 884
1840 361 493
1840 263 566
1840 392 655
1840 360 835
1840 308 662
1840 409 829
1840 365 290
1840 382 848
1840 241 531
1840 181 1336
1840 405 826
1840 284 526
1840 72 912
1840 298 565
1840 217 624
1840 360 606
1860 374 557
1860 304 666
1860 75 465
1860 340 491
1860 258 501
1860 384 699
1860 342 503
1860 262 564
1860 369 683
1860 350 833
1860 309 666
1860 401 833
1860 379 696
1860 387 854
1860 276 662
1860 241 532
1860 409 822
1860 283 527
1860 58 920
1860 59 927
1860 300 568
1860 217 626
1880 379 507
1880 64 528
1880 66 530
1880 302 683
1880 432 502
1880 464 435
1880 345 511
1880 266 492
1880 310 727
1880 348 509
1880 261 566
1880 351 821
1880 308 668
1880 405 828
1880 386 854
1880 280 664
1880 278 659
1880 241 530
1880 331 751
1880 345 511
1880 347 507
1880 391 827
1880 285 526
1880 48 868
1880 61 862
1880 299 565
1880 217 624
1900 303 663
1900 437 415
1900 344 509
1900 262 498
1900 431 425
1900 353 473
1900 230 699
1900 263 562
1900 59 1151
1900 354 826
1900 312 665
1900 402 831
1900 386 858
1900 478 732
1900 387 493
1900 66 776
1900 241 530
1900 345 511
1900 462 827
1900 404 825
1900 284 526
1900 438 379
1900 299 567
1900 217 625
1900 234 728
1900 63 645
1920 297 437
1920 304 666
1920 177 603
1920 264 501
1920 106 675
1920 394 542
1920 387 735
1920 413 902
1920 402 353
1920 105 677
1920 264 566
1920 179 608
1920 353 835
1920 304 666
1920 397 844
1920 402 342
1920 386 733
1920 374 860
1920 456 713
1920 314 458
1920 241 528
1920 312 461
1920 157 635
1920 415 896
1920 283 525
1920 427 913
1920 401 344
1920 400 357
1920 300 569
1920 217 623
1940 102 589
1940 464 290
1940 361 988
1940 444 318
1940 262 502
1940 419 573
1940 360 982
1940 232 428
1940 367 298
1940 267 561
1940 356 826
1940 281 738
1940 311 660
1940 404 829
1940 126 515
1940 372 292
1940 356 729
1940 381 861
1940 279 663
1940 242 528
1940 291 734
1940 147 496
1940 465 856
1940 238 425
1940 364 984
1940 40 414
1940 405 828
1940 287 523
1940 402 292
1940 301 569
1940 217 625
1940 416 302
1940 71 591
1960 162 440
1960 64 508
1960 72 520
1960 305 663
1960 433 186
1960 430 554
1960 85 500
1960 407 216
1960 263 502
1960 420 563
1960 368 179
1960 367 179
1960 425 943
1960 91 407
1960 327 1067
1960 265 565
1960 359 833
1960 93 408
1960 305 663
1960 392 857
1960 369 194
1960 381 863
1960 334 206
1960 241 528
1960 117 382
1960 91 406
1960 398 817
1960 284 527
1960 429 942
1960 254 720
1960 300 566
1960 218 623
1960 213 475
1980 301 658
1980 368 1033
1980 178 484
1980 73 419
1980 91 418
1980 344 1191
1980 87 413
1980 249 1144
1980 263 502
1980 240 1310
1980 306 122
1980 369 109
1980 359 488
1980 86 425
1980 263 567
1980 353 828
1980 93 423
1980 403 827
1980 384 859
1980 155 720
1980 375 480
1980 109 253
1980 239 530
1980 451 882
1980 284 1223
1980 276 1170
1980 80 296
1980 401 824
1980 286 526
1980 451 885
1980 300 566
1980 82 293
1980 217 622
