1800 295 670
1800 445 598
1800 76 480
1800 260 501
1800 313 815
1800 263 569
1800 307 666
1800 396 825
1800 369 761
1800 240 534
1800 315 814
1800 289 1140
1800 444 826
1800 281 1198
1800 280 1214
1800 431 817
1800 284 531
1800 33 900
1800 299 569
1800 218 629
1800 238 53
1820 302 670
1820 425 506
1820 453 635
1820 275 857
1820 259 500
1820 228 1242
1820 412 644
1820 274 858
1820 261 573
1820 357 834
1820 304 668
1820 378 824
1820 373 849
1820 221 1225
1820 239 535
1820 423 840
1820 283 532
1820 422 387
1820 32 898
1820 298 569
1820 218 626
1820 355 671
1840 287 663
1840 80 456
1840 258 501
1840 393 655
1840 372 300
1840 326 867
1840 362 497
1840 263 569
1840 392 657
1840 303 651
1840 410 832
1840 364 292
1840 420 651
1840 383 854
1840 240 536
1840 347 844
1840 360 609
1840 402 834
1840 283 528
1840 55 913
1840 297 567
1840 217 627
1840 363 614
1860 373 568
1860 302 663
1860 338 497
1860 258 502
1860 379 701
1860 341 502
1860 283 588
1860 263 568
1860 350 836
1860 309 667
1860 402 832
1860 383 854
1860 241 534
1860 351 834
1860 406 822
1860 317 186
1860 284 528
1860 63 946
1860 300 569
1860 217 629
1860 361 695
1880 64 529
1880 302 668
1880 431 505
1880 462 441
1880 347 517
1880 313 741
1880 266 493
1880 315 731
1880 261 568
1880 347 844
1880 308 669
1880 404 830
1880 382 855
1880 278 660
1880 240 533
1880 333 753
1880 403 827
1880 284 529
1880 45 878
1880 59 877
1880 299 570
1880 217 627
1880 334 757
1900 231 707
1900 299 662
1900 429 434
1900 339 1189
1900 345 512
1900 261 498
1900 352 475
1900 233 716
1900 445 426
1900 263 569
1900 56 1197
1900 352 835
1900 404 830
1900 385 858
1900 387 494
1900 61 780
1900 242 535
1900 346 518
1900 462 828
1900 405 830
1900 285 527
1900 440 384
1900 298 568
1900 216 627
1900 235 733
1920 294 673
1920 425 410
1920 264 503
1920 388 736
1920 412 899
1920 398 371
1920 78 682
1920 264 568
1920 182 619
1920 355 841
1920 403 857
1920 378 799
1920 375 863
1920 456 715
1920 296 441
1920 240 531
1920 158 640
1920 402 827
1920 280 524
1920 424 919
1920 402 342
1920 396 363
1920 28 985
1920 300 572
1920 217 626
1940 99 592
1940 305 685
1940 465 297
1940 362 992
1940 464 305
1940 260 505
1940 423 571
1940 358 984
1940 236 430
1940 361 298
1940 289 741
1940 264 566
1940 356 830
1940 308 665
1940 404 832
1940 373 298
1940 349 739
1940 378 863
1940 278 667
1940 289 740
1940 241 531
1940 349 741
1940 288 737
1940 149 499
1940 464 869
1940 242 433
1940 362 982
1940 34 412
1940 404 829
1940 285 525
1940 411 317
1940 300 571
1940 217 628
1940 415 305
1940 72 594
1940 351 734
1960 160 446
1960 66 512
1960 304 669
1960 432 181
1960 433 556
1960 85 506
1960 417 227
1960 107 412
1960 263 504
1960 418 565
1960 371 186
1960 194 750
1960 421 939
1960 321 1075
1960 264 568
1960 353 845
1960 92 406
1960 390 850
1960 367 207
1960 379 867
1960 337 210
1960 193 749
1960 238 529
1960 132 477
1960 284 528
1960 429 938
1960 255 726
1960 300 568
1960 218 626
1960 214 476
1980 373 1039
1980 180 485
1980 95 428
1980 339 1219
1980 253 1150
1980 263 504
1980 231 1310
1980 317 130
1980 370 107
1980 359 490
1980 104 459
1980 264 570
1980 355 838
1980 109 462
1980 402 830
1980 384 866
1980 150 722
1980 376 482
1980 108 256
1980 68 777
1980 238 534
1980 449 885
1980 277 1188
1980 403 828
1980 284 527
1980 299 569
1980 217 625
