1800 445 601
1800 75 484
1800 258 502
1800 279 665
1800 445 828
1800 258 568
1800 368 761
1800 307 670
1800 390 821
1800 314 815
1800 440 822
1800 240 533
1800 290 1111
1800 290 1112
1800 308 669
1800 442 824
1800 76 484
1800 294 1134
1800 289 1199
1800 439 823
1800 282 531
1800 297 574
1800 215 628
1820 429 513
1820 454 634
1820 274 857
1820 259 500
1820 230 1256
1820 278 658
1820 417 633
1820 275 852
1820 444 640
1820 405 642
1820 258 573
1820 304 670
1820 381 847
1820 359 838
1820 419 841
1820 223 1231
1820 237 534
1820 304 663
1820 84 413
1820 456 636
1820 283 529
1820 421 385
1820 357 674
1820 31 897
1820 31 897
1820 296 574
1820 217 626
1820 354 669
1840 81 458
1840 259 501
1840 362 623
1840 364 498
1840 362 287
1840 391 659
1840 256 569
1840 336 862
1840 301 663
1840 399 854
1840 361 835
1840 240 533
1840 284 673
1840 43 439
1840 425 651
1840 284 528
1840 361 620
1840 54 903
1840 297 571
1840 218 626
1840 362 624
1860 342 490
1860 77 466
1860 259 500
1860 372 560
1860 342 491
1860 474 518
1860 382 691
1860 260 568
1860 362 689
1860 344 851
1860 306 669
1860 392 852
1860 357 832
1860 401 835
1860 239 534
1860 338 501
1860 279 667
1860 285 529
1860 361 691
1860 53 931
1860 299 574
1860 217 627
1860 358 695
1880 347 517
1880 65 527
1880 434 501
1880 466 437
1880 266 492
1880 437 502
1880 347 518
1880 436 502
1880 347 516
1880 256 576
1880 304 668
1880 396 849
1880 332 752
1880 355 839
1880 239 534
1880 343 515
1880 289 676
1880 285 96
1880 284 530
1880 47 869
1880 65 529
1880 55 872
1880 297 571
1880 217 626
1880 333 749
1900 347 517
1900 429 454
1900 259 495
1900 434 455
1900 68 769
1900 354 484
1900 470 823
1900 390 496
1900 434 458
1900 261 560
1900 305 667
1900 396 857
1900 355 835
1900 403 838
1900 64 641
1900 240 537
1900 341 506
1900 468 820
1900 287 529
1900 442 390
1900 298 568
1900 216 629
1900 230 725
1920 297 439
1920 447 453
1920 157 641
1920 103 677
1920 183 614
1920 264 502
1920 394 545
1920 430 459
1920 26 746
1920 415 900
1920 157 639
1920 394 545
1920 383 732
1920 107 677
1920 399 376
1920 262 562
1920 182 616
1920 104 677
1920 366 825
1920 303 667
1920 383 864
1920 401 342
1920 362 834
1920 456 714
1920 299 441
1920 76 680
1920 241 534
1920 298 439
1920 282 673
1920 457 715
1920 280 527
1920 414 900
1920 412 360
1920 300 575
1920 217 629
1920 401 342
1920 104 676
1940 70 592
1940 105 589
1940 462 289
1940 358 984
1940 385 266
1940 256 504
1940 275 678
1940 375 994
1940 354 292
1940 467 875
1940 126 521
1940 261 565
1940 354 733
1940 102 586
1940 287 740
1940 307 670
1940 402 832
1940 126 520
1940 375 295
1940 354 836
1940 284 738
1940 453 873
1940 231 428
1940 240 531
1940 307 670
1940 464 873
1940 284 528
1940 102 587
1940 297 574
1940 42 274
1940 217 629
1940 388 266
1940 354 736
1960 159 443
1960 65 517
1960 433 192
1960 423 563
1960 438 560
1960 67 510
1960 193 748
1960 262 502
1960 253 726
1960 425 557
1960 368 179
1960 366 179
1960 388 861
1960 426 953
1960 123 387
1960 421 565
1960 259 566
1960 65 513
1960 303 672
1960 385 861
1960 444 191
1960 348 218
1960 214 477
1960 364 849
1960 238 527
1960 307 1078
1960 303 672
1960 122 386
1960 93 498
1960 85 500
1960 366 179
1960 92 410
1960 174 747
1960 286 529
1960 425 948
1960 65 515
1960 301 564
1960 55 259
1960 216 625
1980 356 1037
1980 177 490
1980 254 1142
1980 263 506
1980 260 1169
1980 371 92
1980 360 489
1980 458 923
1980 105 465
1980 401 1048
1980 109 465
1980 260 572
1980 303 667
1980 398 834
1980 330 139
1980 357 837
1980 158 719
1980 456 900
1980 105 283
1980 453 900
1980 238 535
1980 284 677
1980 462 922
1980 68 431
1980 269 1168
1980 85 407
1980 284 528
1980 358 1038
1980 297 570
1980 57 266
1980 217 624
