1800 446 600
1800 76 476
1800 260 501
1800 275 661
1800 440 820
1800 259 567
1800 368 756
1800 76 482
1800 308 663
1800 388 814
1800 315 811
1800 371 762
1800 417 809
1800 240 533
1800 291 1110
1800 289 1112
1800 292 663
1800 441 819
1800 76 481
1800 314 815
1800 293 1188
1800 288 1206
1800 187 1322
1800 442 823
1800 246 68
1800 282 528
1800 27 870
1800 37 908
1800 298 576
1800 216 624
1800 242 67
1800 307 662
1820 430 506
1820 454 630
1820 275 849
1820 259 499
1820 227 1251
1820 298 671
1820 419 630
1820 278 667
1820 258 568
1820 404 639
1820 306 665
1820 379 844
1820 419 837
1820 220 1232
1820 355 837
1820 236 536
1820 283 664
1820 365 844
1820 88 412
1820 36 879
1820 221 1229
1820 416 633
1820 283 528
1820 422 385
1820 357 673
1820 31 905
1820 32 884
1820 295 566
1820 216 623
1820 354 668
1820 300 668
1840 80 456
1840 259 500
1840 293 668
1840 321 862
1840 378 648
1840 361 618
1840 316 862
1840 285 669
1840 363 497
1840 278 667
1840 362 286
1840 252 564
1840 339 873
1840 303 639
1840 381 849
1840 338 884
1840 401 828
1840 354 828
1840 240 535
1840 382 850
1840 30 411
1840 188 1367
1840 416 650
1840 284 526
1840 56 907
1840 54 908
1840 296 566
1840 217 622
1840 361 615
1840 301 670
1860 341 493
1860 285 600
1860 75 463
1860 259 501
1860 372 557
1860 342 494
1860 279 666
1860 340 494
1860 259 565
1860 385 698
1860 324 666
1860 383 851
1860 339 836
1860 376 695
1860 401 829
1860 351 830
1860 240 537
1860 280 597
1860 312 181
1860 355 835
1860 314 180
1860 284 527
1860 368 688
1860 54 931
1860 32 934
1860 297 575
1860 217 623
1860 363 691
1860 373 564
1860 304 666
1880 346 516
1880 64 527
1880 434 493
1880 465 442
1880 266 491
1880 435 482
1880 281 89
1880 239 533
1880 291 663
1880 347 517
1880 273 661
1880 287 652
1880 434 496
1880 346 516
1880 255 566
1880 304 663
1880 382 852
1880 400 829
1880 379 511
1880 241 531
1880 308 732
1880 341 509
1880 283 665
1880 354 842
1880 285 526
1880 49 874
1880 69 532
1880 47 873
1880 296 574
1880 215 621
1880 300 659
1900 345 501
1900 431 433
1900 353 477
1900 260 495
1900 86 741
1900 439 394
1900 58 776
1900 350 476
1900 271 666
1900 465 826
1900 390 495
1900 443 394
1900 354 477
1900 256 559
1900 62 1101
1900 313 590
1900 383 852
1900 405 825
1900 275 662
1900 61 640
1900 240 536
1900 339 504
1900 276 659
1900 471 818
1900 354 835
1900 26 394
1900 286 528
1900 440 384
1900 57 781
1900 297 560
1900 216 627
1900 232 720
1900 303 662
1920 280 606
1920 417 358
1920 439 908
1920 104 678
1920 265 501
1920 394 539
1920 29 759
1920 317 472
1920 390 860
1920 182 616
1920 416 899
1920 156 639
1920 395 539
1920 106 676
1920 396 373
1920 262 562
1920 104 678
1920 385 740
1920 376 857
1920 405 342
1920 375 802
1920 396 842
1920 297 438
1920 356 824
1920 78 682
1920 240 530
1920 304 446
1920 329 476
1920 277 594
1920 461 710
1920 364 839
1920 392 734
1920 280 523
1920 422 913
1920 381 370
1920 28 960
1920 302 572
1920 218 625
1920 404 338
1920 104 676
1920 299 660
1940 13 417
1940 100 580
1940 463 285
1940 358 978
1940 461 877
1940 369 989
1940 256 498
1940 460 304
1940 358 981
1940 272 654
1940 364 294
1940 464 876
1940 424 572
1940 124 512
1940 263 559
1940 126 519
1940 352 847
1940 101 579
1940 284 725
1940 306 665
1940 381 860
1940 125 515
1940 375 289
1940 358 730
1940 403 826
1940 282 744
1940 231 427
1940 276 662
1940 147 503
1940 241 527
1940 465 869
1940 358 841
1940 284 737
1940 286 527
1940 358 981
1940 419 317
1940 101 584
1940 299 570
1940 216 624
1940 389 265
1940 301 664
1960 159 441
1960 62 508
1960 220 617
1960 432 186
1960 159 445
1960 160 440
1960 438 555
1960 76 503
1960 187 747
1960 401 217
1960 186 746
1960 262 502
1960 253 721
1960 258 721
1960 422 563
1960 365 202
1960 435 175
1960 301 673
1960 350 216
1960 427 955
1960 423 566
1960 51 262
1960 261 563
1960 62 504
1960 302 663
1960 384 855
1960 443 176
1960 365 212
1960 400 836
1960 94 499
1960 225 485
1960 323 1072
1960 122 384
1960 83 500
1960 85 497
1960 371 862
1960 92 407
1960 171 744
1960 285 528
1960 427 945
1960 252 720
1960 64 509
1960 301 565
1960 213 615
1960 299 668
1980 354 1030
1980 176 484
1980 66 421
1980 442 1028
1980 248 1147
1980 263 503
1980 188 493
1980 303 120
1980 324 108
1980 368 93
1980 283 666
1980 360 486
1980 273 664
1980 289 666
1980 454 927
1980 104 463
1980 359 489
1980 260 568
1980 384 854
1980 155 717
1980 167 722
1980 399 831
1980 359 490
1980 102 249
1980 275 660
1980 454 898
1980 352 830
1980 237 531
1980 334 1149
1980 283 611
1980 463 914
1980 89 430
1980 270 1168
1980 300 118
1980 267 1165
1980 374 862
1980 86 405
1980 284 528
1980 352 1034
1980 299 564
1980 86 291
1980 217 613
1980 298 654
