1800 307 665
1800 444 596
1800 78 481
1800 259 501
1800 441 603
1800 316 812
1800 264 568
1800 308 665
1800 396 823
1800 369 762
1800 239 533
1800 315 812
1800 288 1121
1800 443 827
1800 283 1199
1800 281 1217
1800 425 813
1800 285 529
1800 28 903
1800 300 569
1800 216 626
1800 240 68
1820 305 668
1820 425 509
1820 452 636
1820 276 852
1820 259 500
1820 226 1246
1820 417 634
1820 411 641
1820 276 853
1820 261 571
1820 414 644
1820 359 832
1820 306 667
1820 381 845
1820 376 761
1820 376 843
1820 220 1231
1820 239 534
1820 422 839
1820 284 530
1820 422 386
1820 33 893
1820 298 568
1820 217 625
1820 355 669
1840 296 653
1840 81 454
1840 259 500
1840 392 654
1840 362 496
1840 262 566
1840 393 657
1840 373 838
1840 302 646
1840 398 852
1840 421 643
1840 381 853
1840 421 670
1840 241 532
1840 361 609
1840 361 613
1840 405 837
1840 284 527
1840 59 903
1840 58 908
1840 298 568
1840 217 625
1840 360 608
1860 305 666
1860 77 466
1860 339 494
1860 258 502
1860 386 704
1860 262 566
1860 351 828
1860 309 668
1860 401 838
1860 386 702
1860 381 854
1860 241 533
1860 404 828
1860 283 528
1860 57 919
1860 62 938
1860 299 570
1860 216 628
1860 373 697
1880 378 507
1880 63 529
1880 67 533
1880 305 667
1880 432 503
1880 465 433
1880 346 515
1880 325 722
1880 267 493
1880 309 732
1880 261 566
1880 351 822
1880 306 669
1880 406 835
1880 382 858
1880 241 532
1880 333 752
1880 402 828
1880 286 527
1880 47 872
1880 60 869
1880 299 569
1880 216 624
1900 238 700
1900 433 425
1900 345 512
1900 261 495
1900 431 454
1900 353 474
1900 434 383
1900 63 643
1900 263 564
1900 355 831
1900 402 835
1900 383 861
1900 387 493
1900 61 775
1900 243 532
1900 343 515
1900 462 828
1900 405 829
1900 285 528
1900 438 383
1900 299 569
1900 216 626
1900 235 729
1920 297 441
1920 305 666
1920 179 605
1920 436 423
1920 263 502
1920 107 676
1920 387 735
1920 412 897
1920 384 373
1920 80 678
1920 157 635
1920 264 566
1920 180 616
1920 355 848
1920 404 865
1920 391 748
1920 374 862
1920 457 715
1920 296 441
1920 241 529
1920 313 462
1920 157 635
1920 400 828
1920 278 522
1920 426 916
1920 402 342
1920 388 370
1920 25 958
1920 107 677
1920 300 568
1920 217 624
1940 102 588
1940 259 503
1940 422 571
1940 359 982
1940 234 428
1940 360 297
1940 290 737
1940 267 564
1940 355 840
1940 309 667
1940 404 831
1940 127 517
1940 374 299
1940 350 734
1940 379 863
1940 291 738
1940 241 530
1940 291 736
1940 146 498
1940 465 867
1940 234 427
1940 363 984
1940 403 830
1940 285 524
1940 407 313
1940 301 570
1940 217 626
1940 412 303
1940 73 589
1960 160 442
1960 65 507
1960 304 667
1960 435 184
1960 432 561
1960 85 502
1960 427 217
1960 99 413
1960 263 503
1960 418 563
1960 343 213
1960 368 181
1960 192 744
1960 370 194
1960 425 951
1960 91 408
1960 323 1073
1960 265 568
1960 356 838
1960 93 408
1960 393 840
1960 371 204
1960 382 866
1960 242 527
1960 284 527
1960 427 942
1960 257 729
1960 300 567
1960 217 624
1960 214 475
1980 360 488
1980 371 1031
1980 183 484
1980 71 419
1980 93 424
1980 253 1151
1980 264 504
1980 258 1159
1980 314 126
1980 372 104
1980 361 490
1980 104 451
1980 265 568
1980 355 836
1980 107 462
1980 399 832
1980 385 863
1980 377 481
1980 106 256
1980 239 531
1980 450 884
1980 279 1189
1980 401 826
1980 284 527
1980 300 567
1980 217 625
