1800 309 668
1800 447 599
1800 78 482
1800 259 502
1800 448 597
1800 315 815
1800 405 1005
1800 264 569
1800 309 668
1800 423 811
1800 369 765
1800 394 826
1800 475 650
1800 241 534
1800 291 1192
1800 319 813
1800 442 827
1800 290 1179
1800 283 1215
1800 443 821
1800 260 56
1800 286 531
1800 33 897
1800 31 906
1800 301 568
1800 217 629
1800 237 67
1820 305 670
1820 420 435
1820 454 630
1820 275 854
1820 259 501
1820 226 1244
1820 457 628
1820 418 629
1820 277 851
1820 85 419
1820 262 570
1820 368 837
1820 306 669
1820 380 842
1820 352 670
1820 385 849
1820 454 630
1820 224 1229
1820 366 837
1820 238 535
1820 428 840
1820 285 531
1820 432 395
1820 36 887
1820 299 570
1820 217 625
1820 353 668
1840 282 676
1840 81 456
1840 322 865
1840 258 502
1840 398 657
1840 368 295
1840 324 867
1840 363 497
1840 264 566
1840 363 622
1840 377 849
1840 303 655
1840 420 650
1840 394 656
1840 395 865
1840 422 649
1840 373 846
1840 242 533
1840 156 1339
1840 401 833
1840 286 527
1840 36 894
1840 64 910
1840 299 570
1840 220 626
1860 374 562
1860 308 671
1860 76 462
1860 258 503
1860 374 560
1860 386 698
1860 375 568
1860 339 496
1860 291 602
1860 265 563
1860 368 690
1860 354 829
1860 309 671
1860 403 824
1860 387 698
1860 391 856
1860 324 188
1860 242 535
1860 361 696
1860 404 822
1860 321 190
1860 286 528
1860 55 935
1860 300 568
1860 218 632
1860 355 695
1880 346 516
1880 66 532
1880 65 530
1880 293 671
1880 436 502
1880 472 442
1880 271 495
1880 437 496
1880 378 513
1880 334 755
1880 260 568
1880 354 826
1880 304 667
1880 387 836
1880 383 797
1880 388 856
1880 474 463
1880 242 534
1880 334 754
1880 286 528
1880 48 871
1880 60 877
1880 299 569
1880 218 626
1880 334 756
1880 348 511
1900 344 519
1900 235 702
1900 301 664
1900 439 449
1900 77 753
1900 262 497
1900 236 700
1900 461 414
1900 352 477
1900 441 410
1900 439 441
1900 354 479
1900 267 564
1900 355 836
1900 400 830
1900 388 859
1900 67 776
1900 242 538
1900 345 519
1900 464 828
1900 234 691
1900 403 826
1900 286 529
1900 440 387
1900 299 570
1900 220 626
1920 296 440
1920 293 665
1920 182 608
1920 441 427
1920 107 678
1920 265 503
1920 107 678
1920 397 546
1920 420 901
1920 401 350
1920 108 677
1920 402 342
1920 157 640
1920 267 569
1920 183 616
1920 361 851
1920 305 667
1920 406 806
1920 403 343
1920 392 749
1920 383 864
1920 360 834
1920 39 741
1920 242 531
1920 313 463
1920 457 712
1920 108 676
1920 157 641
1920 405 830
1920 282 527
1920 430 917
1920 409 345
1920 16 981
1920 301 569
1920 219 628
1920 295 443
1940 71 590
1940 103 592
1940 310 668
1940 469 292
1940 124 509
1940 289 738
1940 365 958
1940 462 307
1940 127 520
1940 267 508
1940 423 574
1940 374 291
1940 354 735
1940 266 564
1940 356 829
1940 311 665
1940 405 826
1940 130 517
1940 373 288
1940 350 735
1940 388 862
1940 294 740
1940 240 532
1940 356 734
1940 145 497
1940 466 869
1940 238 428
1940 366 985
1940 28 410
1940 403 827
1940 286 526
1940 414 318
1940 21 953
1940 103 588
1940 301 570
1940 219 628
1940 443 327
1940 103 594
1940 352 735
1960 159 443
1960 64 504
1960 87 502
1960 305 670
1960 438 181
1960 431 549
1960 86 503
1960 429 224
1960 120 383
1960 254 728
1960 264 503
1960 426 562
1960 254 726
1960 369 204
1960 371 181
1960 368 200
1960 427 945
1960 90 413
1960 313 1027
1960 267 568
1960 363 845
1960 170 741
1960 338 214
1960 381 753
1960 389 863
1960 337 211
1960 374 830
1960 197 732
1960 243 528
1960 324 1029
1960 308 1044
1960 91 411
1960 47 260
1960 90 406
1960 403 828
1960 286 529
1960 428 941
1960 255 729
1960 301 568
1960 220 625
1960 72 512
1960 213 478
1980 366 1022
1980 179 486
1980 69 419
1980 343 1212
1980 254 1149
1980 264 505
1980 313 123
1980 369 100
1980 359 490
1980 108 458
1980 266 569
1980 353 830
1980 90 424
1980 399 825
1980 109 461
1980 335 115
1980 388 856
1980 102 281
1980 451 884
1980 272 1159
1980 61 795
1980 241 534
1980 452 889
1980 88 426
1980 282 1155
1980 269 1159
1980 382 1060
1980 81 295
1980 399 823
1980 286 529
1980 23 983
1980 300 568
1980 81 282
1980 221 627
