1800 309 667
1800 445 598
1800 74 477
1800 313 810
1800 259 502
1800 240 80
1800 264 570
1800 308 665
1800 398 831
1800 368 763
1800 239 533
1800 315 813
1800 283 1142
1800 284 1123
1800 445 828
1800 283 1188
1800 279 1220
1800 185 1338
1800 426 815
1800 286 531
1800 33 895
1800 299 570
1800 216 628
1800 236 69
1820 293 672
1820 423 504
1820 453 633
1820 274 852
1820 259 500
1820 229 1255
1820 429 495
1820 411 641
1820 272 852
1820 260 574
1820 356 835
1820 304 669
1820 361 837
1820 221 1231
1820 238 535
1820 87 420
1820 421 840
1820 283 533
1820 421 386
1820 35 889
1820 297 571
1820 218 625
1820 354 672
1840 292 667
1840 80 455
1840 313 868
1840 259 501
1840 396 655
1840 323 865
1840 362 496
1840 262 573
1840 391 657
1840 363 839
1840 300 659
1840 408 834
1840 362 305
1840 385 852
1840 423 666
1840 241 535
1840 166 1328
1840 285 531
1840 60 914
1840 297 567
1840 218 626
1860 373 561
1860 298 668
1860 76 468
1860 258 502
1860 385 696
1860 373 563
1860 338 499
1860 261 568
1860 372 687
1860 350 846
1860 307 667
1860 402 840
1860 241 535
1860 340 503
1860 403 828
1860 316 190
1860 285 529
1860 54 922
1860 58 941
1860 299 569
1860 217 628
1860 358 691
1880 64 530
1880 297 672
1880 433 500
1880 465 441
1880 65 531
1880 266 495
1880 312 737
1880 346 519
1880 260 569
1880 351 838
1880 303 668
1880 405 837
1880 351 828
1880 280 512
1880 240 532
1880 331 755
1880 281 666
1880 285 530
1880 44 877
1880 53 872
1880 298 568
1880 216 628
1880 338 751
1900 286 677
1900 434 453
1900 262 499
1900 428 456
1900 353 475
1900 228 709
1900 444 428
1900 63 646
1900 263 569
1900 352 844
1900 306 657
1900 403 835
1900 383 863
1900 476 741
1900 388 492
1900 62 778
1900 242 536
1900 351 481
1900 345 506
1900 461 829
1900 23 367
1900 232 686
1900 402 828
1900 286 529
1900 439 380
1900 298 572
1900 217 628
1900 63 648
1920 298 439
1920 14 502
1920 295 662
1920 176 604
1920 430 440
1920 449 419
1920 263 503
1920 106 680
1920 395 545
1920 34 749
1920 180 609
1920 415 919
1920 403 394
1920 105 681
1920 275 604
1920 262 573
1920 182 613
1920 352 847
1920 237 538
1920 398 850
1920 369 829
1920 374 866
1920 456 712
1920 240 530
1920 313 462
1920 107 680
1920 153 642
1920 36 362
1920 400 836
1920 282 526
1920 423 916
1920 403 365
1920 26 1011
1920 106 683
1920 296 575
1920 217 626
1920 75 684
1940 72 591
1940 101 590
1940 307 676
1940 465 292
1940 361 997
1940 464 312
1940 260 505
1940 421 578
1940 231 431
1940 366 302
1940 264 569
1940 355 845
1940 281 748
1940 308 671
1940 402 833
1940 129 526
1940 373 297
1940 344 735
1940 379 864
1940 473 862
1940 268 479
1940 243 532
1940 352 731
1940 291 736
1940 149 514
1940 461 873
1940 234 428
1940 368 993
1940 404 826
1940 286 527
1940 402 291
1940 302 574
1940 47 259
1940 217 628
1940 423 311
1940 72 592
1940 352 734
1960 162 444
1960 67 515
1960 70 518
1960 301 666
1960 433 189
1960 437 560
1960 76 504
1960 402 230
1960 125 380
1960 253 721
1960 263 504
1960 418 563
1960 342 208
1960 370 184
1960 425 954
1960 90 407
1960 322 1073
1960 264 571
1960 355 850
1960 92 410
1960 304 670
1960 391 842
1960 367 204
1960 388 789
1960 372 862
1960 338 214
1960 194 749
1960 240 535
1960 90 406
1960 284 528
1960 427 938
1960 300 566
1960 217 625
1960 213 478
1980 292 668
1980 359 1031
1980 177 485
1980 105 460
1980 254 1146
1980 263 505
1980 231 1272
1980 317 126
1980 378 103
1980 359 490
1980 100 445
1980 262 576
1980 354 846
1980 95 424
1980 401 834
1980 154 723
1980 338 118
1980 353 829
1980 385 860
1980 157 721
1980 376 482
1980 109 253
1980 451 1065
1980 78 771
1980 238 532
1980 451 884
1980 286 1199
1980 273 1171
1980 85 294
1980 398 836
1980 287 527
1980 299 568
1980 217 628
