1800 308 664
1800 444 598
1800 75 484
1800 316 808
1800 260 501
1800 439 606
1800 262 566
1800 310 668
1800 396 828
1800 369 762
1800 391 818
1800 474 652
1800 239 532
1800 315 813
1800 287 1131
1800 443 824
1800 284 1186
1800 281 1221
1800 426 815
1800 286 529
1800 301 567
1800 216 628
1800 237 63
1820 305 666
1820 426 507
1820 452 636
1820 259 500
1820 232 1277
1820 411 643
1820 275 854
1820 260 570
1820 360 834
1820 306 665
1820 381 848
1820 384 830
1820 378 843
1820 220 1230
1820 239 536
1820 85 418
1820 421 841
1820 282 531
1820 421 387
1820 35 890
1820 297 569
1820 218 625
1820 354 671
1840 303 665
1840 258 502
1840 416 649
1840 392 655
1840 364 291
1840 322 866
1840 362 497
1840 261 566
1840 391 656
1840 366 841
1840 306 660
1840 402 851
1840 365 299
1840 417 653
1840 381 851
1840 419 651
1840 361 497
1840 242 533
1840 284 530
1840 297 568
1840 217 626
1860 373 562
1860 307 668
1860 338 491
1860 258 502
1860 385 705
1860 341 500
1860 263 563
1860 375 693
1860 348 846
1860 310 669
1860 386 856
1860 387 856
1860 241 534
1860 405 824
1860 283 529
1860 62 936
1860 299 571
1860 218 631
1860 360 693
1880 63 529
1880 303 667
1880 432 501
1880 462 437
1880 346 513
1880 269 494
1880 314 731
1880 378 515
1880 260 569
1880 355 831
1880 305 670
1880 402 842
1880 384 855
1880 379 509
1880 241 531
1880 331 755
1880 277 666
1880 284 528
1880 47 869
1880 56 870
1880 298 569
1880 218 626
1900 232 701
1900 306 665
1900 433 451
1900 345 514
1900 234 726
1900 263 501
1900 439 433
1900 353 476
1900 430 445
1900 262 562
1900 354 843
1900 394 854
1900 384 859
1900 390 495
1900 61 779
1900 242 535
1900 345 515
1900 461 826
1900 405 826
1900 285 529
1900 433 384
1900 298 569
1900 216 626
1900 64 648
1920 297 438
1920 10 503
1920 305 668
1920 177 605
1920 295 445
1920 426 405
1920 324 473
1920 264 503
1920 106 678
1920 394 544
1920 386 734
1920 411 900
1920 380 373
1920 106 680
1920 279 601
1920 265 573
1920 183 613
1920 354 847
1920 406 897
1920 376 861
1920 242 531
1920 314 463
1920 154 639
1920 400 832
1920 282 527
1920 423 916
1920 401 346
1920 108 679
1920 301 570
1920 217 625
1920 74 683
1940 99 593
1940 308 663
1940 464 294
1940 363 985
1940 464 294
1940 147 498
1940 261 503
1940 419 574
1940 355 293
1940 265 567
1940 357 843
1940 282 741
1940 310 662
1940 404 825
1940 128 521
1940 370 298
1940 380 862
1940 290 739
1940 243 531
1940 355 732
1940 291 737
1940 148 499
1940 460 871
1940 237 427
1940 364 983
1940 33 415
1940 404 826
1940 284 526
1940 410 309
1940 301 570
1940 218 629
1940 410 302
1940 70 594
1940 350 735
1960 161 443
1960 63 510
1960 299 664
1960 432 189
1960 429 555
1960 85 503
1960 397 219
1960 263 503
1960 418 563
1960 368 186
1960 425 945
1960 326 1067
1960 264 571
1960 357 847
1960 396 855
1960 368 207
1960 383 863
1960 336 212
1960 193 747
1960 241 527
1960 312 1037
1960 90 404
1960 285 528
1960 427 941
1960 299 567
1960 217 625
1960 213 477
1980 372 1036
1980 177 484
1980 263 504
1980 249 1223
1980 315 134
1980 375 105
1980 360 490
1980 262 568
1980 357 845
1980 103 459
1980 402 828
1980 384 861
1980 371 486
1980 247 1150
1980 108 252
1980 239 532
1980 450 883
1980 288 1204
1980 278 1167
1980 82 282
1980 401 829
1980 285 528
1980 300 567
1980 216 624
