1800 308 667
1800 445 599
1800 76 479
1800 315 812
1800 259 502
1800 420 813
1800 281 550
1800 263 566
1800 309 666
1800 397 827
1800 369 763
1800 239 533
1800 316 813
1800 291 1111
1800 443 824
1800 285 1167
1800 279 1211
1800 441 822
1800 286 529
1800 30 909
1800 299 568
1800 217 627
1800 238 68
1820 306 668
1820 427 509
1820 453 636
1820 258 501
1820 232 1264
1820 427 500
1820 410 640
1820 275 855
1820 421 385
1820 296 565
1820 261 571
1820 360 835
1820 305 667
1820 382 846
1820 362 823
1820 377 846
1820 222 1227
1820 240 534
1820 85 420
1820 422 842
1820 282 532
1820 423 386
1820 35 895
1820 298 570
1820 218 625
1820 355 671
1840 280 674
1840 80 456
1840 258 502
1840 395 657
1840 368 304
1840 328 867
1840 363 497
1840 292 558
1840 262 566
1840 391 657
1840 374 854
1840 304 666
1840 408 829
1840 398 858
1840 241 534
1840 284 528
1840 63 920
1840 298 568
1840 218 626
1840 363 616
1860 373 560
1860 303 663
1860 258 503
1860 385 701
1860 340 492
1860 296 585
1860 262 564
1860 370 685
1860 354 829
1860 308 671
1860 403 833
1860 240 535
1860 324 197
1860 284 529
1860 61 929
1860 61 938
1860 298 570
1860 217 628
1860 366 694
1880 64 532
1880 290 667
1880 433 502
1880 464 438
1880 267 494
1880 317 719
1880 378 514
1880 280 549
1880 261 567
1880 350 837
1880 304 665
1880 403 827
1880 353 830
1880 241 531
1880 333 751
1880 285 527
1880 44 870
1880 54 874
1880 298 570
1880 216 624
1900 308 665
1900 437 454
1900 234 725
1900 261 499
1900 439 438
1900 354 475
1900 437 454
1900 285 576
1900 263 563
1900 355 833
1900 310 667
1900 404 832
1900 376 864
1900 478 750
1900 390 495
1900 62 776
1900 241 533
1900 346 509
1900 461 827
1900 235 687
1900 285 529
1900 439 381
1900 23 950
1900 297 567
1900 217 626
1900 233 712
1900 63 647
1920 299 440
1920 303 660
1920 180 607
1920 438 428
1920 263 503
1920 106 686
1920 264 565
1920 395 544
1920 217 625
1920 415 899
1920 401 382
1920 107 681
1920 294 573
1920 264 566
1920 184 615
1920 354 841
1920 303 667
1920 393 863
1920 383 786
1920 375 863
1920 456 714
1920 34 754
1920 240 529
1920 313 464
1920 156 643
1920 400 833
1920 281 527
1920 426 916
1920 402 345
1920 391 382
1920 18 1032
1920 298 584
1920 216 624
1920 76 682
1940 72 592
1940 100 598
1940 309 665
1940 466 306
1940 147 500
1940 360 977
1940 455 320
1940 261 505
1940 423 576
1940 357 982
1940 358 295
1940 290 563
1940 265 565
1940 354 839
1940 282 742
1940 312 662
1940 404 829
1940 128 519
1940 373 294
1940 353 734
1940 380 861
1940 469 871
1940 291 740
1940 239 533
1940 353 735
1940 291 735
1940 147 504
1940 463 872
1940 234 429
1940 370 986
1940 26 412
1940 285 525
1940 390 273
1940 30 955
1940 300 570
1940 45 261
1940 217 628
1940 421 311
1940 71 596
1960 161 442
1960 65 510
1960 72 521
1960 305 668
1960 439 179
1960 434 558
1960 87 502
1960 426 217
1960 122 382
1960 253 722
1960 263 503
1960 418 562
1960 368 192
1960 425 940
1960 90 412
1960 329 1058
1960 284 540
1960 265 569
1960 358 835
1960 92 411
1960 305 669
1960 388 858
1960 343 216
1960 373 860
1960 339 218
1960 196 746
1960 249 527
1960 306 1047
1960 119 391
1960 90 406
1960 286 528
1960 428 941
1960 301 566
1960 217 625
1960 213 478
1980 301 572
1980 365 1017
1980 181 485
1980 88 423
1980 249 1150
1980 264 505
1980 238 1213
1980 353 1031
1980 312 132
1980 376 102
1980 360 490
1980 94 429
1980 352 1032
1980 302 565
1980 263 567
1980 352 837
1980 105 466
1980 301 568
1980 401 831
1980 156 727
1980 385 860
1980 159 720
1980 376 482
1980 110 252
1980 240 532
1980 451 886
1980 277 1169
1980 87 279
1980 284 526
1980 453 890
1980 300 567
1980 217 626
