1800 62 495
1800 78 480
1800 447 609
1800 262 501
1800 274 56
1800 289 1117
1800 260 565
1800 370 762
1800 220 631
1800 308 664
1800 438 826
1800 241 534
1800 295 1110
1800 439 827
1800 71 490
1800 73 486
1800 320 817
1800 291 1118
1800 76 475
1800 26 376
1800 434 823
1800 258 77
1800 285 530
1800 412 826
1800 25 930
1800 37 910
1800 35 907
1800 299 565
1820 6 667
1820 452 642
1820 351 670
1820 258 501
1820 220 1232
1820 423 387
1820 243 598
1820 273 861
1820 419 636
1820 258 568
1820 84 415
1820 220 625
1820 303 670
1820 431 848
1820 222 1252
1820 241 538
1820 299 674
1820 219 1231
1820 283 531
1820 423 844
1820 438 526
1820 299 571
1840 465 1110
1840 318 866
1840 259 501
1840 11 158
1840 384 663
1840 345 859
1840 362 633
1840 369 501
1840 391 657
1840 4 129
1840 259 562
1840 151 1344
1840 219 628
1840 288 673
1840 325 866
1840 242 534
1840 8 162
1840 294 667
1840 77 456
1840 26 404
1840 400 661
1840 285 531
1840 406 843
1840 49 916
1840 37 894
1840 299 564
1860 467 527
1860 389 856
1860 342 748
1860 341 493
1860 259 505
1860 382 706
1860 366 695
1860 360 701
1860 388 688
1860 258 558
1860 360 706
1860 219 625
1860 307 668
1860 352 826
1860 241 536
1860 372 562
1860 307 667
1860 339 510
1860 342 851
1860 73 458
1860 286 530
1860 400 842
1860 374 568
1860 46 965
1860 39 911
1860 299 565
1880 61 530
1880 378 510
1880 389 857
1880 347 519
1880 268 497
1880 433 498
1880 432 503
1880 428 498
1880 257 564
1880 220 625
1880 298 666
1880 350 851
1880 241 534
1880 300 671
1880 340 524
1880 62 528
1880 54 530
1880 335 748
1880 280 525
1880 400 840
1880 375 524
1880 41 893
1880 42 890
1880 296 570
1900 340 473
1900 8 669
1900 393 498
1900 386 858
1900 467 431
1900 59 647
1900 344 519
1900 261 499
1900 50 818
1900 350 477
1900 393 498
1900 260 558
1900 62 648
1900 219 630
1900 231 678
1900 303 664
1900 348 836
1900 450 842
1900 238 728
1900 237 705
1900 86 755
1900 241 539
1900 253 748
1900 340 523
1900 461 826
1900 353 478
1900 22 439
1900 238 695
1900 287 532
1900 386 861
1900 61 641
1900 388 499
1920 329 477
1920 157 639
1920 13 520
1920 385 860
1920 453 434
1920 105 683
1920 265 505
1920 377 761
1920 25 771
1920 407 345
1920 174 613
1920 420 907
1920 175 610
1920 398 543
1920 101 687
1920 259 571
1920 182 621
1920 78 681
1920 366 823
1920 409 894
1920 14 675
1920 220 632
1920 294 681
1920 388 377
1920 20 957
1920 300 440
1920 363 844
1920 240 534
1920 38 253
1920 329 476
1920 157 646
1920 14 662
1920 155 644
1920 392 746
1920 286 531
1920 395 856
1920 17 1037
1920 16 771
1920 174 610
1920 402 361
1920 297 443
1940 10 623
1940 459 288
1940 139 488
1940 428 584
1940 70 605
1940 356 295
1940 254 490
1940 353 848
1940 126 528
1940 291 727
1940 409 290
1940 360 730
1940 97 596
1940 358 990
1940 375 289
1940 468 867
1940 144 494
1940 465 288
1940 257 561
1940 359 732
1940 371 975
1940 126 527
1940 69 602
1940 218 626
1940 307 665
1940 454 291
1940 342 848
1940 464 877
1940 238 534
1940 450 872
1940 62 613
1940 17 439
1940 344 757
1940 99 594
1940 364 983
1940 287 529
1940 396 836
1940 128 526
1940 296 570
1940 231 430
1960 252 738
1960 59 513
1960 425 212
1960 392 868
1960 424 572
1960 176 749
1960 442 568
1960 90 520
1960 365 206
1960 263 504
1960 163 441
1960 120 386
1960 427 548
1960 373 179
1960 425 949
1960 80 530
1960 260 565
1960 217 625
1960 304 672
1960 340 872
1960 335 204
1960 164 441
1960 91 410
1960 215 477
1960 44 264
1960 218 626
1960 64 511
1960 74 513
1960 377 207
1960 71 518
1960 84 428
1960 286 529
1960 393 869
1960 73 513
1960 300 565
1960 67 509
1960 216 474
1980 392 1052
1980 175 499
1980 12 716
1980 164 729
1980 82 420
1980 264 509
1980 10 767
1980 177 496
1980 108 465
1980 314 128
1980 354 103
1980 39 865
1980 265 1168
1980 362 494
1980 169 744
1980 360 1029
1980 459 910
1980 252 1147
1980 389 497
1980 259 573
1980 84 416
1980 397 829
1980 13 408
1980 221 621
1980 72 422
1980 175 496
1980 351 843
1980 250 1151
1980 95 426
1980 175 495
1980 81 765
1980 239 537
1980 44 263
1980 86 421
1980 218 625
1980 69 416
1980 111 250
1980 455 901
1980 0 678
1980 353 830
1980 33 431
1980 28 354
1980 367 495
1980 72 412
1980 32 420
1980 285 530
1980 397 835
1980 80 413
1980 8 914
1980 26 819
1980 299 565
1980 85 425
