1800 406 831
1800 445 603
1800 75 484
1800 261 504
1800 291 1190
1800 308 663
1800 238 76
1800 413 825
1800 260 571
1800 371 762
1800 216 630
1800 306 662
1800 391 827
1800 315 814
1800 412 823
1800 289 1113
1800 240 533
1800 319 808
1800 286 1124
1800 471 639
1800 76 484
1800 296 1201
1800 187 1325
1800 418 812
1800 243 64
1800 257 75
1800 285 529
1800 35 905
1800 301 570
1800 234 55
1820 416 512
1820 457 641
1820 259 501
1820 302 673
1820 272 856
1820 420 386
1820 275 850
1820 426 515
1820 259 578
1820 218 624
1820 304 668
1820 380 848
1820 424 850
1820 223 1243
1820 277 670
1820 238 536
1820 356 834
1820 453 636
1820 285 531
1820 422 840
1820 33 897
1820 298 568
1840 388 859
1840 80 455
1840 259 501
1840 293 668
1840 320 860
1840 363 627
1840 366 293
1840 362 498
1840 313 868
1840 365 500
1840 258 569
1840 392 659
1840 218 625
1840 308 664
1840 386 858
1840 277 670
1840 310 668
1840 242 532
1840 315 865
1840 80 457
1840 356 838
1840 154 1348
1840 430 647
1840 286 528
1840 404 841
1840 50 898
1840 56 896
1840 299 563
1860 340 496
1860 77 463
1860 258 503
1860 370 568
1860 319 184
1860 301 565
1860 341 491
1860 471 521
1860 385 708
1860 260 563
1860 376 693
1860 218 626
1860 307 671
1860 389 858
1860 320 184
1860 398 840
1860 281 667
1860 240 535
1860 358 696
1860 75 459
1860 350 836
1860 288 527
1860 369 694
1860 55 916
1860 60 931
1860 301 573
1880 346 519
1880 66 528
1880 354 836
1880 432 501
1880 467 439
1880 335 749
1880 269 494
1880 306 641
1880 344 519
1880 346 517
1880 258 575
1880 219 625
1880 317 687
1880 387 858
1880 333 749
1880 401 841
1880 280 659
1880 240 532
1880 333 751
1880 471 443
1880 333 752
1880 352 849
1880 276 86
1880 288 526
1880 346 517
1880 45 868
1880 45 860
1880 299 570
1900 346 517
1900 233 730
1900 350 833
1900 436 458
1900 89 765
1900 262 500
1900 317 669
1900 348 478
1900 461 827
1900 390 500
1900 265 565
1900 217 629
1900 308 667
1900 386 859
1900 399 839
1900 282 676
1900 469 824
1900 77 766
1900 240 534
1900 352 482
1900 61 643
1900 352 828
1900 18 386
1900 474 763
1900 288 529
1900 441 390
1900 302 569
1920 313 469
1920 299 437
1920 397 387
1920 360 846
1920 181 612
1920 265 502
1920 280 621
1920 406 896
1920 412 903
1920 182 615
1920 395 542
1920 390 752
1920 264 561
1920 181 616
1920 87 690
1920 369 829
1920 105 676
1920 217 626
1920 300 670
1920 373 858
1920 380 373
1920 144 128
1920 458 713
1920 277 664
1920 300 437
1920 78 687
1920 241 532
1920 457 713
1920 347 845
1920 407 798
1920 284 526
1920 407 896
1920 406 347
1920 21 963
1920 307 592
1940 72 594
1940 128 524
1940 437 336
1940 463 294
1940 375 859
1940 423 574
1940 390 268
1940 153 516
1940 262 472
1940 305 664
1940 377 289
1940 369 975
1940 376 289
1940 463 882
1940 360 984
1940 264 568
1940 358 732
1940 359 983
1940 123 521
1940 217 627
1940 306 667
1940 383 863
1940 462 230
1940 455 872
1940 283 746
1940 231 428
1940 280 659
1940 465 878
1940 239 532
1940 345 736
1940 232 430
1940 353 824
1940 287 526
1940 128 524
1940 301 573
1940 390 267
1960 160 443
1960 62 506
1960 436 174
1960 362 847
1960 163 441
1960 427 552
1960 441 567
1960 76 518
1960 172 745
1960 370 204
1960 263 502
1960 303 673
1960 371 181
1960 426 966
1960 95 419
1960 426 551
1960 265 566
1960 161 443
1960 217 625
1960 302 671
1960 386 859
1960 453 159
1960 347 219
1960 403 848
1960 220 477
1960 124 386
1960 302 1063
1960 121 385
1960 77 507
1960 336 210
1960 345 849
1960 39 379
1960 287 528
1960 425 948
1960 301 569
1960 214 475
1980 16 417
1980 380 862
1980 176 485
1980 360 488
1980 264 508
1980 86 756
1980 270 1170
1980 307 671
1980 179 494
1980 321 121
1980 362 490
1980 451 895
1980 102 447
1980 358 1028
1980 376 493
1980 261 572
1980 357 1027
1980 219 624
1980 388 857
1980 450 902
1980 249 1159
1980 279 659
1980 451 1081
1980 268 1166
1980 86 755
1980 241 536
1980 74 431
1980 352 835
1980 58 395
1980 450 886
1980 286 527
1980 379 1052
1980 25 946
1980 301 568
1980 47 261
