1800 308 665
1800 444 596
1800 76 482
1800 259 500
1800 314 815
1800 262 567
1800 308 667
1800 394 819
1800 369 761
1800 240 533
1800 316 811
1800 286 1130
1800 443 826
1800 276 1182
1800 280 1217
1800 420 808
1800 284 530
1800 299 569
1800 217 628
1800 240 60
1820 301 669
1820 427 507
1820 453 638
1820 259 500
1820 231 1243
1820 411 643
1820 275 856
1820 260 571
1820 356 832
1820 305 667
1820 380 802
1820 367 841
1820 218 1225
1820 239 533
1820 422 840
1820 282 531
1820 422 387
1820 34 895
1820 298 569
1820 217 626
1820 355 671
1840 293 650
1840 79 455
1840 259 501
1840 395 653
1840 360 497
1840 262 568
1840 392 657
1840 302 656
1840 409 832
1840 368 291
1840 420 648
1840 382 852
1840 240 535
1840 401 832
1840 283 527
1840 58 907
1840 298 568
1840 217 626
1860 372 567
1860 290 668
1860 75 464
1860 338 497
1860 258 502
1860 379 700
1860 279 586
1860 262 566
1860 366 684
1860 347 834
1860 310 669
1860 401 830
1860 241 534
1860 406 826
1860 284 528
1860 57 921
1860 62 941
1860 299 570
1860 217 629
1860 360 693
1880 63 528
1880 302 667
1880 431 504
1880 462 434
1880 346 517
1880 312 743
1880 266 492
1880 313 729
1880 261 568
1880 347 828
1880 308 670
1880 405 829
1880 365 842
1880 241 533
1880 331 762
1880 402 824
1880 284 528
1880 45 873
1880 59 869
1880 299 569
1880 217 626
1900 303 659
1900 428 430
1900 346 512
1900 261 497
1900 352 474
1900 442 401
1900 262 565
1900 353 828
1900 315 661
1900 404 828
1900 385 857
1900 387 494
1900 60 774
1900 242 536
1900 344 520
1900 461 828
1900 405 830
1900 284 527
1900 440 384
1900 299 568
1900 216 627
1900 235 734
1920 294 673
1920 178 605
1920 422 402
1920 263 503
1920 387 734
1920 413 898
1920 399 365
1920 80 684
1920 264 567
1920 179 621
1920 351 839
1920 303 666
1920 404 857
1920 383 779
1920 372 862
1920 456 715
1920 295 441
1920 241 530
1920 158 640
1920 400 828
1920 281 525
1920 403 341
1920 389 363
1920 24 976
1920 301 570
1920 217 626
1940 23 580
1940 102 587
1940 465 295
1940 361 992
1940 463 307
1940 260 504
1940 423 571
1940 359 982
1940 236 427
1940 358 298
1940 289 739
1940 264 566
1940 356 833
1940 309 664
1940 403 828
1940 373 297
1940 349 739
1940 375 866
1940 277 667
1940 289 739
1940 241 530
1940 350 733
1940 287 737
1940 148 499
1940 462 869
1940 363 982
1940 37 411
1940 404 828
1940 285 524
1940 411 315
1940 300 570
1940 217 628
1940 412 302
1940 71 592
1940 349 733
1960 160 446
1960 65 509
1960 432 182
1960 435 560
1960 86 504
1960 411 222
1960 101 415
1960 262 504
1960 418 566
1960 370 194
1960 193 751
1960 420 940
1960 318 1072
1960 264 568
1960 353 829
1960 94 408
1960 389 834
1960 363 209
1960 379 860
1960 337 201
1960 190 748
1960 239 528
1960 283 528
1960 429 938
1960 255 723
1960 299 568
1960 217 625
1960 213 476
1980 374 1040
1980 182 486
1980 103 458
1980 254 1148
1980 263 504
1980 241 1329
1980 317 128
1980 370 106
1980 360 491
1980 264 567
1980 354 831
1980 109 462
1980 402 827
1980 384 863
1980 151 718
1980 385 490
1980 106 254
1980 63 782
1980 239 532
1980 448 884
1980 279 1186
1980 283 527
1980 299 568
1980 217 624
