1800 444 599
1800 75 481
1800 257 503
1800 465 623
1800 262 568
1800 308 663
1800 391 825
1800 368 762
1800 438 826
1800 240 534
1800 289 1111
1800 288 1134
1800 441 823
1800 288 1197
1800 32 403
1800 398 825
1800 264 55
1800 282 533
1800 32 908
1800 296 571
1800 215 630
1800 370 760
1800 258 74
1820 423 383
1820 454 629
1820 272 854
1820 257 500
1820 220 1233
1820 405 639
1820 269 851
1820 428 510
1820 259 577
1820 404 638
1820 304 667
1820 380 846
1820 356 833
1820 224 1238
1820 238 537
1820 352 669
1820 87 412
1820 420 840
1820 280 531
1820 421 388
1820 34 883
1820 292 558
1820 217 626
1840 79 454
1840 257 501
1840 389 656
1840 362 498
1840 259 567
1840 388 657
1840 318 864
1840 297 665
1840 390 868
1840 362 290
1840 380 855
1840 362 493
1840 240 536
1840 359 629
1840 281 528
1840 47 890
1840 69 912
1840 295 563
1840 216 625
1860 74 460
1860 258 501
1860 385 702
1860 339 500
1860 474 512
1860 260 566
1860 382 704
1860 307 670
1860 383 853
1860 353 833
1860 242 537
1860 400 828
1860 317 185
1860 281 530
1860 58 917
1860 295 571
1860 216 627
1880 346 511
1880 64 527
1880 432 492
1880 467 437
1880 266 495
1880 464 443
1880 345 516
1880 377 510
1880 255 568
1880 301 668
1880 381 852
1880 351 832
1880 379 508
1880 240 532
1880 318 739
1880 283 528
1880 47 866
1880 54 870
1880 296 570
1880 216 625
1880 341 754
1900 342 511
1900 431 455
1900 257 497
1900 464 521
1900 341 494
1900 386 492
1900 440 403
1900 261 564
1900 301 570
1900 381 853
1900 352 832
1900 479 747
1900 363 486
1900 61 640
1900 240 533
1900 462 827
1900 20 393
1900 401 832
1900 282 529
1900 436 387
1900 295 564
1900 215 629
1900 231 723
1900 354 829
1920 377 375
1920 421 368
1920 460 420
1920 156 640
1920 296 440
1920 261 502
1920 37 757
1920 318 475
1920 413 899
1920 394 542
1920 105 678
1920 399 346
1920 261 565
1920 181 612
1920 385 734
1920 300 664
1920 376 859
1920 351 841
1920 379 789
1920 76 680
1920 239 531
1920 310 459
1920 397 838
1920 275 524
1920 420 915
1920 407 345
1920 376 371
1920 25 987
1920 295 579
1920 216 628
1920 385 781
1940 72 590
1940 462 291
1940 461 300
1940 257 503
1940 358 982
1940 263 564
1940 305 666
1940 402 830
1940 125 515
1940 372 295
1940 352 835
1940 463 876
1940 240 528
1940 146 497
1940 464 864
1940 101 587
1940 357 983
1940 287 530
1940 390 286
1940 298 573
1940 215 628
1940 442 307
1940 347 732
1960 159 443
1960 63 510
1960 426 217
1960 387 230
1960 432 552
1960 87 497
1960 397 230
1960 118 381
1960 312 1071
1960 213 473
1960 261 504
1960 381 860
1960 426 552
1960 365 210
1960 425 951
1960 422 565
1960 262 568
1960 300 663
1960 388 861
1960 428 189
1960 366 207
1960 359 839
1960 337 224
1960 217 475
1960 90 408
1960 384 861
1960 330 207
1960 283 531
1960 426 945
1960 297 560
1960 217 626
1960 430 199
1960 213 477
1960 356 842
1980 360 1037
1980 68 420
1980 249 1148
1980 261 506
1980 355 1032
1980 308 127
1980 376 90
1980 358 486
1980 402 1037
1980 261 569
1980 400 841
1980 157 719
1980 351 832
1980 360 490
1980 104 283
1980 455 916
1980 238 535
1980 248 1155
1980 450 884
1980 275 1169
1980 355 1039
1980 68 420
1980 281 530
1980 299 570
1980 216 621
1980 352 832
