1800 303 672
1800 443 599
1800 76 484
1800 259 502
1800 443 603
1800 313 816
1800 262 569
1800 309 669
1800 397 835
1800 368 765
1800 240 535
1800 314 815
1800 286 1135
1800 286 1131
1800 442 831
1800 278 1191
1800 280 1213
1800 414 814
1800 286 531
1800 30 908
1800 299 570
1800 216 630
1800 241 69
1820 299 675
1820 426 511
1820 452 636
1820 276 855
1820 259 501
1820 228 1246
1820 410 647
1820 275 854
1820 260 578
1820 356 837
1820 305 670
1820 381 809
1820 374 847
1820 220 1227
1820 238 536
1820 85 422
1820 421 842
1820 283 533
1820 422 386
1820 32 899
1820 297 570
1820 218 627
1820 355 672
1840 284 668
1840 80 456
1840 259 503
1840 390 658
1840 369 302
1840 323 867
1840 362 498
1840 262 569
1840 377 651
1840 381 854
1840 298 665
1840 400 854
1840 370 303
1840 421 647
1840 384 853
1840 240 536
1840 359 612
1840 360 616
1840 392 660
1840 410 838
1840 284 530
1840 54 910
1840 62 918
1840 297 569
1840 217 628
1860 372 566
1860 297 669
1860 76 470
1860 338 499
1860 258 504
1860 381 707
1860 338 496
1860 284 586
1860 261 569
1860 348 833
1860 308 671
1860 403 840
1860 365 703
1860 386 858
1860 241 536
1860 403 833
1860 284 529
1860 56 927
1860 63 942
1860 299 571
1860 217 633
1860 372 701
1880 64 531
1880 67 534
1880 303 672
1880 432 504
1880 463 440
1880 346 519
1880 311 736
1880 268 494
1880 310 738
1880 260 570
1880 348 825
1880 305 672
1880 407 832
1880 375 873
1880 277 665
1880 240 536
1880 332 756
1880 275 667
1880 403 833
1880 284 531
1880 46 878
1880 60 882
1880 299 571
1880 217 628
1900 238 703
1900 305 666
1900 429 447
1900 345 513
1900 262 499
1900 430 433
1900 352 477
1900 443 431
1900 63 648
1900 262 569
1900 353 829
1900 312 668
1900 405 835
1900 379 871
1900 387 493
1900 61 782
1900 241 539
1900 347 516
1900 461 832
1900 403 830
1900 284 529
1900 438 387
1900 298 570
1900 216 629
1900 234 729
1920 301 664
1920 178 609
1920 263 504
1920 386 741
1920 35 750
1920 407 909
1920 382 376
1920 80 688
1920 156 641
1920 263 569
1920 180 618
1920 352 837
1920 404 866
1920 375 863
1920 456 715
1920 296 441
1920 240 532
1920 154 644
1920 402 834
1920 281 529
1920 421 914
1920 401 348
1920 395 367
1920 25 982
1920 299 572
1920 217 627
1940 101 591
1940 465 311
1940 360 983
1940 264 509
1940 421 575
1940 357 987
1940 234 430
1940 359 299
1940 288 746
1940 264 568
1940 356 830
1940 309 666
1940 404 831
1940 128 524
1940 372 300
1940 346 730
1940 378 865
1940 278 666
1940 475 894
1940 289 743
1940 240 534
1940 351 735
1940 289 739
1940 147 502
1940 461 872
1940 232 428
1940 364 982
1940 404 829
1940 284 529
1940 390 293
1940 300 572
1940 217 632
1940 419 311
1940 72 600
1960 161 447
1960 68 520
1960 303 669
1960 432 191
1960 433 564
1960 80 511
1960 398 217
1960 94 419
1960 263 504
1960 418 567
1960 369 191
1960 194 748
1960 369 195
1960 423 950
1960 324 1071
1960 264 570
1960 352 830
1960 387 850
1960 369 206
1960 375 866
1960 338 211
1960 187 755
1960 238 533
1960 350 832
1960 91 411
1960 283 530
1960 428 944
1960 300 568
1960 217 627
1960 213 478
1980 374 1049
1980 182 487
1980 76 423
1980 92 429
1980 251 1153
1980 263 505
1980 233 1316
1980 314 130
1980 371 105
1980 360 491
1980 103 456
1980 263 571
1980 354 831
1980 107 464
1980 404 831
1980 385 864
1980 152 726
1980 367 490
1980 101 277
1980 60 781
1980 239 534
1980 451 885
1980 276 1185
1980 402 830
1980 284 528
1980 299 569
1980 216 629
