1800 309 665
1800 446 602
1800 77 483
1800 259 499
1800 447 599
1800 263 567
1800 309 666
1800 399 827
1800 369 762
1800 394 827
1800 240 530
1800 287 1125
1800 442 825
1800 278 1212
1800 392 821
1800 287 530
1800 301 568
1800 216 628
1800 236 74
1820 307 669
1820 453 636
1820 275 856
1820 259 499
1820 228 1257
1820 410 640
1820 275 855
1820 261 572
1820 358 834
1820 420 840
1820 383 847
1820 221 1230
1820 239 533
1820 276 854
1820 87 418
1820 422 841
1820 285 530
1820 421 385
1820 35 884
1820 298 569
1820 217 625
1820 353 667
1840 297 669
1840 82 455
1840 259 500
1840 394 654
1840 324 866
1840 363 497
1840 262 565
1840 392 655
1840 376 856
1840 305 659
1840 409 833
1840 395 657
1840 385 852
1840 422 647
1840 242 531
1840 365 620
1840 408 829
1840 286 526
1840 40 897
1840 63 906
1840 299 567
1840 217 624
1860 308 668
1860 77 462
1860 259 501
1860 386 695
1860 374 557
1860 374 557
1860 264 563
1860 371 684
1860 353 831
1860 404 826
1860 384 852
1860 241 532
1860 404 828
1860 317 188
1860 286 528
1860 60 940
1860 299 568
1860 217 628
1860 355 696
1880 346 514
1880 65 528
1880 68 532
1880 306 666
1880 434 501
1880 466 442
1880 270 492
1880 348 512
1880 260 566
1880 354 829
1880 325 703
1880 403 824
1880 386 863
1880 241 531
1880 333 750
1880 404 822
1880 286 528
1880 46 851
1880 47 863
1880 299 565
1880 217 625
1880 67 530
1880 334 753
1900 348 512
1900 231 721
1900 305 663
1900 435 446
1900 265 498
1900 354 473
1900 436 441
1900 355 480
1900 266 561
1900 355 833
1900 404 829
1900 386 866
1900 479 752
1900 391 495
1900 63 775
1900 242 533
1900 462 829
1900 240 697
1900 403 830
1900 286 528
1900 438 386
1900 300 569
1900 217 627
1900 235 727
1920 298 439
1920 305 663
1920 412 364
1920 106 675
1920 265 501
1920 107 675
1920 395 541
1920 412 898
1920 401 368
1920 106 674
1920 405 348
1920 264 570
1920 182 612
1920 357 845
1920 402 841
1920 402 345
1920 387 754
1920 378 862
1920 456 712
1920 241 530
1920 313 462
1920 107 674
1920 155 638
1920 417 898
1920 282 525
1920 423 914
1920 414 348
1920 301 569
1920 217 627
1940 103 586
1940 310 666
1940 466 288
1940 445 328
1940 127 519
1940 262 500
1940 424 577
1940 359 982
1940 373 309
1940 264 567
1940 356 843
1940 310 667
1940 404 824
1940 128 520
1940 372 292
1940 353 734
1940 380 862
1940 240 530
1940 147 493
1940 462 870
1940 234 428
1940 365 986
1940 26 409
1940 405 824
1940 286 526
1940 393 271
1940 103 585
1940 300 570
1940 217 627
1940 412 308
1940 71 590
1940 353 735
1960 161 443
1960 64 504
1960 66 511
1960 305 669
1960 434 192
1960 433 557
1960 86 499
1960 408 223
1960 122 382
1960 265 501
1960 422 564
1960 434 554
1960 369 207
1960 416 943
1960 91 408
1960 265 568
1960 357 841
1960 388 862
1960 337 208
1960 385 868
1960 336 205
1960 191 751
1960 215 474
1960 90 403
1960 286 528
1960 425 947
1960 301 567
1960 219 625
1960 213 476
1980 307 667
1980 355 1026
1980 178 483
1980 247 1154
1980 265 503
1980 313 129
1980 374 101
1980 362 491
1980 106 461
1980 377 1055
1980 264 569
1980 355 836
1980 93 421
1980 400 830
1980 108 462
1980 387 863
1980 378 481
1980 108 254
1980 254 1157
1980 240 530
1980 452 888
1980 273 1162
1980 82 280
1980 400 825
1980 286 527
1980 300 568
1980 218 625
