1800 307 662
1800 445 600
1800 73 480
1800 313 815
1800 259 500
1800 264 561
1800 317 810
1800 307 659
1800 390 820
1800 370 758
1800 477 635
1800 240 532
1800 288 1113
1800 442 821
1800 291 1192
1800 394 831
1800 184 1319
1800 412 815
1800 285 530
1800 299 567
1800 215 626
1800 317 812
1800 233 58
1820 273 854
1820 300 675
1820 420 396
1820 452 628
1820 258 499
1820 228 1264
1820 410 644
1820 430 505
1820 263 563
1820 305 665
1820 379 843
1820 419 628
1820 224 1225
1820 239 536
1820 354 667
1820 86 414
1820 364 839
1820 85 415
1820 419 837
1820 282 528
1820 416 390
1820 35 887
1820 296 566
1820 215 622
1840 291 671
1840 80 454
1840 258 500
1840 392 657
1840 361 495
1840 263 551
1840 391 654
1840 316 865
1840 302 656
1840 380 856
1840 356 827
1840 357 834
1840 420 646
1840 361 495
1840 241 533
1840 358 611
1840 378 857
1840 180 1331
1840 404 833
1840 284 527
1840 361 617
1840 52 895
1840 56 898
1840 297 567
1840 216 624
1860 339 495
1860 298 665
1860 75 462
1860 258 499
1860 385 698
1860 372 563
1860 339 497
1860 263 561
1860 385 701
1860 314 670
1860 384 854
1860 353 827
1860 241 537
1860 356 696
1860 400 828
1860 317 186
1860 283 529
1860 61 921
1860 57 930
1860 297 567
1860 215 625
1880 344 510
1880 64 529
1880 297 700
1880 433 496
1880 466 437
1880 266 493
1880 345 512
1880 376 511
1880 260 564
1880 305 669
1880 386 856
1880 353 829
1880 470 435
1880 379 508
1880 240 535
1880 331 752
1880 401 829
1880 284 525
1880 48 864
1880 296 568
1880 216 624
1880 333 751
1900 344 502
1900 296 660
1900 435 445
1900 258 494
1900 63 649
1900 349 475
1900 386 482
1900 86 762
1900 265 559
1900 311 669
1900 383 855
1900 355 825
1900 356 836
1900 382 483
1900 75 772
1900 242 535
1900 462 824
1900 400 829
1900 284 526
1900 297 564
1900 215 626
1900 231 722
1900 355 825
1920 287 669
1920 298 442
1920 415 382
1920 430 912
1920 264 502
1920 180 607
1920 37 747
1920 332 480
1920 412 898
1920 394 539
1920 397 367
1920 261 557
1920 179 608
1920 387 739
1920 304 665
1920 386 862
1920 402 341
1920 355 837
1920 373 809
1920 297 438
1920 84 685
1920 240 528
1920 311 460
1920 435 909
1920 152 642
1920 392 895
1920 397 846
1920 279 521
1920 424 916
1920 403 347
1920 28 989
1920 106 677
1920 299 573
1920 217 625
1940 285 743
1940 461 288
1940 125 523
1940 462 297
1940 257 499
1940 358 982
1940 386 268
1940 416 570
1940 125 516
1940 267 562
1940 98 582
1940 356 730
1940 308 659
1940 403 825
1940 126 517
1940 374 288
1940 352 843
1940 359 727
1940 284 748
1940 467 849
1940 146 501
1940 242 525
1940 465 858
1940 102 584
1940 357 979
1940 401 824
1940 282 526
1940 424 316
1940 302 569
1940 215 625
1940 414 303
1940 354 783
1960 161 442
1960 65 514
1960 301 670
1960 435 184
1960 434 555
1960 88 502
1960 192 743
1960 408 223
1960 428 960
1960 328 1197
1960 262 503
1960 370 209
1960 423 939
1960 90 410
1960 91 412
1960 298 1059
1960 422 559
1960 265 560
1960 304 667
1960 385 852
1960 367 206
1960 122 382
1960 354 831
1960 369 851
1960 336 215
1960 215 473
1960 313 1079
1960 98 479
1960 386 860
1960 91 406
1960 399 821
1960 285 528
1960 428 944
1960 297 557
1960 216 624
1960 214 475
1960 352 828
1980 293 668
1980 362 1019
1980 175 481
1980 79 422
1980 349 1208
1980 261 505
1980 225 1241
1980 354 1029
1980 304 122
1980 371 89
1980 361 490
1980 101 453
1980 401 1031
1980 89 755
1980 263 565
1980 87 428
1980 401 828
1980 155 715
1980 354 828
1980 362 488
1980 102 282
1980 455 908
1980 239 530
1980 451 883
1980 98 430
1980 281 1167
1980 273 1170
1980 78 412
1980 399 830
1980 283 528
1980 450 883
1980 299 567
1980 216 620
1980 352 827
