1800 308 665
1800 445 602
1800 77 473
1800 316 811
1800 259 501
1800 446 600
1800 263 566
1800 308 666
1800 400 831
1800 370 762
1800 393 821
1800 240 532
1800 289 1131
1800 445 823
1800 285 1187
1800 281 1220
1800 22 362
1800 418 810
1800 285 531
1800 28 912
1800 300 570
1800 217 627
1800 237 65
1820 300 669
1820 422 507
1820 453 635
1820 259 500
1820 231 1260
1820 411 640
1820 277 854
1820 259 570
1820 360 835
1820 305 667
1820 382 847
1820 221 1231
1820 240 535
1820 422 841
1820 284 530
1820 422 387
1820 34 891
1820 296 567
1820 217 624
1820 355 669
1840 295 664
1840 81 453
1840 258 501
1840 419 659
1840 394 655
1840 369 302
1840 322 866
1840 363 497
1840 258 567
1840 393 656
1840 375 855
1840 304 651
1840 410 832
1840 370 301
1840 388 855
1840 421 671
1840 365 497
1840 241 532
1840 25 195
1840 21 367
1840 407 835
1840 285 529
1840 57 909
1840 63 911
1840 297 566
1840 217 625
1840 365 618
1860 374 560
1860 298 664
1860 77 464
1860 339 493
1860 258 501
1860 385 701
1860 291 567
1860 263 567
1860 371 687
1860 352 839
1860 309 669
1860 409 834
1860 385 698
1860 387 855
1860 241 532
1860 402 829
1860 318 187
1860 285 527
1860 57 922
1860 61 927
1860 299 571
1860 218 630
1860 367 693
1880 379 516
1880 64 529
1880 67 532
1880 302 673
1880 432 501
1880 463 438
1880 346 513
1880 266 493
1880 307 727
1880 260 569
1880 347 842
1880 306 668
1880 411 829
1880 398 835
1880 387 855
1880 378 511
1880 241 532
1880 332 752
1880 272 667
1880 401 832
1880 285 529
1880 50 871
1880 58 871
1880 298 570
1880 217 625
1900 237 702
1900 302 662
1900 439 455
1900 346 502
1900 232 721
1900 262 498
1900 439 385
1900 355 478
1900 234 701
1900 437 387
1900 63 646
1900 257 570
1900 353 837
1900 307 662
1900 408 825
1900 388 857
1900 477 736
1900 390 494
1900 62 778
1900 242 532
1900 345 512
1900 462 827
1900 224 646
1900 403 827
1900 286 527
1900 438 383
1900 299 568
1900 217 627
1900 63 647
1920 298 438
1920 302 657
1920 178 604
1920 423 386
1920 264 503
1920 107 677
1920 395 543
1920 412 899
1920 381 373
1920 106 677
1920 264 570
1920 182 612
1920 353 845
1920 305 672
1920 409 871
1920 393 747
1920 377 864
1920 456 713
1920 295 440
1920 33 739
1920 241 530
1920 314 463
1920 457 710
1920 157 635
1920 43 361
1920 403 829
1920 283 526
1920 426 916
1920 402 343
1920 381 380
1920 108 678
1920 297 574
1920 217 626
1920 76 681
1940 15 430
1940 100 593
1940 289 735
1940 464 293
1940 361 991
1940 463 290
1940 260 501
1940 419 577
1940 233 429
1940 353 295
1940 266 563
1940 357 840
1940 281 744
1940 310 664
1940 406 825
1940 127 522
1940 372 295
1940 359 728
1940 385 862
1940 243 530
1940 352 733
1940 291 742
1940 148 511
1940 462 871
1940 237 428
1940 372 984
1940 30 414
1940 406 825
1940 286 524
1940 412 305
1940 303 569
1940 217 628
1940 414 306
1940 70 593
1940 359 730
1960 161 443
1960 65 512
1960 66 510
1960 432 195
1960 436 561
1960 89 499
1960 426 220
1960 108 405
1960 253 722
1960 263 504
1960 418 562
1960 347 219
1960 368 185
1960 366 200
1960 428 944
1960 92 411
1960 323 1072
1960 262 566
1960 354 844
1960 96 411
1960 305 665
1960 365 204
1960 385 871
1960 337 211
1960 195 749
1960 242 528
1960 126 387
1960 92 409
1960 285 528
1960 428 941
1960 300 565
1960 218 622
1960 214 475
1980 306 657
1980 383 1040
1980 183 484
1980 70 421
1980 89 421
1980 251 1147
1980 263 504
1980 239 1266
1980 320 129
1980 373 106
1980 361 490
1980 97 427
1980 261 565
1980 353 843
1980 105 461
1980 305 572
1980 404 829
1980 153 722
1980 340 121
1980 387 860
1980 380 490
1980 104 268
1980 239 531
1980 450 883
1980 280 1180
1980 401 826
1980 285 526
1980 300 567
1980 218 624
