1800 307 664
1800 446 602
1800 75 475
1800 259 500
1800 261 568
1800 308 664
1800 392 827
1800 371 762
1800 442 828
1800 241 534
1800 292 1109
1800 441 823
1800 289 1116
1800 183 1331
1800 414 835
1800 263 53
1800 285 527
1800 26 911
1800 301 564
1800 218 628
1800 238 72
1820 285 852
1820 297 670
1820 425 514
1820 454 634
1820 84 415
1820 259 500
1820 227 1247
1820 409 644
1820 260 572
1820 303 667
1820 376 841
1820 223 1230
1820 240 540
1820 356 670
1820 85 416
1820 282 530
1820 33 892
1820 297 566
1820 218 626
1840 296 665
1840 78 451
1840 318 867
1840 258 501
1840 339 860
1840 392 657
1840 390 659
1840 259 568
1840 392 656
1840 301 670
1840 393 861
1840 379 855
1840 417 650
1840 361 498
1840 241 541
1840 52 442
1840 404 832
1840 286 530
1840 54 901
1840 297 567
1840 217 624
1840 295 562
1860 305 666
1860 75 461
1860 259 501
1860 387 698
1860 342 499
1860 263 563
1860 386 692
1860 307 668
1860 396 851
1860 360 836
1860 384 704
1860 242 535
1860 360 696
1860 388 856
1860 401 828
1860 318 185
1860 284 529
1860 58 931
1860 299 570
1860 217 627
1880 349 512
1880 64 530
1880 296 666
1880 434 504
1880 466 436
1880 267 494
1880 380 511
1880 261 566
1880 304 663
1880 389 848
1880 355 833
1880 380 513
1880 241 533
1880 333 751
1880 386 857
1880 285 526
1880 44 866
1880 53 879
1880 298 569
1880 218 625
1880 331 755
1880 296 561
1900 347 507
1900 300 666
1900 434 447
1900 260 495
1900 344 501
1900 387 494
1900 89 770
1900 266 563
1900 310 669
1900 393 858
1900 355 836
1900 478 749
1900 378 490
1900 240 730
1900 63 775
1900 241 536
1900 231 721
1900 463 829
1900 384 864
1900 27 392
1900 233 705
1900 402 829
1900 285 528
1900 299 566
1900 217 627
1900 231 704
1900 353 837
1900 296 650
1920 300 660
1920 299 442
1920 423 396
1920 456 711
1920 264 502
1920 330 477
1920 180 611
1920 412 900
1920 395 546
1920 106 672
1920 404 358
1920 285 619
1920 262 570
1920 181 610
1920 303 664
1920 401 895
1920 401 362
1920 362 844
1920 387 752
1920 456 712
1920 297 445
1920 241 529
1920 315 463
1920 439 910
1920 158 637
1920 407 901
1920 406 831
1920 282 524
1920 426 915
1920 406 339
1920 107 676
1920 300 569
1920 218 628
1920 406 350
1920 97 679
1920 293 623
1940 308 669
1940 465 295
1940 147 499
1940 356 984
1940 465 294
1940 258 502
1940 357 984
1940 236 431
1940 384 289
1940 421 579
1940 262 568
1940 104 586
1940 307 667
1940 400 834
1940 147 494
1940 375 293
1940 362 856
1940 287 739
1940 475 869
1940 146 497
1940 241 528
1940 353 734
1940 465 866
1940 104 584
1940 233 429
1940 357 983
1940 34 451
1940 284 527
1940 444 329
1940 301 571
1940 216 628
1940 419 315
1960 161 444
1960 63 508
1960 300 673
1960 433 194
1960 161 440
1960 434 557
1960 87 496
1960 420 219
1960 124 379
1960 337 1186
1960 263 502
1960 368 233
1960 369 180
1960 171 744
1960 425 951
1960 90 407
1960 302 1061
1960 424 569
1960 264 569
1960 303 670
1960 391 860
1960 366 210
1960 377 832
1960 370 814
1960 242 529
1960 122 382
1960 311 1078
1960 161 445
1960 90 404
1960 285 528
1960 429 941
1960 299 559
1960 215 624
1960 216 474
1960 346 841
1960 303 668
1980 301 572
1980 353 1035
1980 179 488
1980 83 417
1980 339 1225
1980 264 505
1980 319 146
1980 373 95
1980 103 460
1980 397 1044
1980 371 479
1980 262 567
1980 94 425
1980 398 841
1980 156 719
1980 330 124
1980 386 857
1980 362 490
1980 110 257
1980 267 1165
1980 238 534
1980 452 890
1980 97 431
1980 270 1168
1980 268 1169
1980 77 411
1980 400 828
1980 285 528
1980 300 563
1980 218 622
1980 352 832
1980 305 575
