1800 307 666
1800 445 598
1800 76 484
1800 258 501
1800 445 597
1800 262 570
1800 308 667
1800 397 826
1800 368 763
1800 240 533
1800 312 814
1800 287 1117
1800 442 829
1800 287 1192
1800 278 1208
1800 420 813
1800 285 531
1800 300 568
1800 215 629
1800 236 73
1820 305 668
1820 425 509
1820 452 633
1820 272 856
1820 258 501
1820 223 1277
1820 429 506
1820 410 641
1820 259 570
1820 361 835
1820 305 669
1820 421 836
1820 378 848
1820 452 632
1820 220 1229
1820 238 535
1820 421 840
1820 284 530
1820 420 386
1820 37 889
1820 297 568
1820 217 625
1820 353 669
1840 279 673
1840 79 456
1840 258 501
1840 391 657
1840 364 289
1840 361 499
1840 261 566
1840 362 620
1840 296 664
1840 406 838
1840 382 854
1840 419 650
1840 362 497
1840 241 534
1840 317 865
1840 171 1342
1840 406 837
1840 284 527
1840 53 916
1840 298 567
1840 217 626
1860 307 667
1860 76 463
1860 257 502
1860 373 559
1860 384 696
1860 373 564
1860 338 498
1860 262 565
1860 368 686
1860 353 830
1860 307 668
1860 401 830
1860 385 702
1860 384 852
1860 242 534
1860 346 840
1860 340 503
1860 403 826
1860 284 527
1860 299 567
1860 217 632
1860 355 695
1880 345 520
1880 62 529
1880 64 528
1880 303 669
1880 433 498
1880 471 441
1880 271 496
1880 376 519
1880 261 568
1880 350 849
1880 304 667
1880 403 830
1880 351 834
1880 378 510
1880 272 502
1880 242 532
1880 351 826
1880 400 832
1880 285 528
1880 48 876
1880 56 876
1880 298 567
1880 216 626
1880 333 755
1900 229 706
1900 431 455
1900 349 515
1900 238 726
1900 262 500
1900 431 458
1900 352 477
1900 230 724
1900 61 775
1900 263 563
1900 352 839
1900 401 833
1900 382 867
1900 386 488
1900 61 779
1900 242 535
1900 354 829
1900 462 829
1900 233 690
1900 402 832
1900 285 527
1900 296 567
1900 216 627
1900 64 646
1920 296 439
1920 293 670
1920 413 376
1920 263 502
1920 105 680
1920 394 545
1920 182 611
1920 413 903
1920 380 375
1920 107 680
1920 274 600
1920 263 568
1920 181 617
1920 357 847
1920 304 667
1920 378 861
1920 386 751
1920 377 860
1920 240 530
1920 353 831
1920 312 464
1920 455 714
1920 105 675
1920 153 637
1920 381 862
1920 280 528
1920 423 915
1920 402 355
1920 380 374
1920 298 569
1920 217 627
1920 76 680
1940 97 589
1940 294 722
1940 463 294
1940 362 998
1940 453 319
1940 127 525
1940 265 507
1940 421 574
1940 358 984
1940 282 745
1940 365 301
1940 286 741
1940 287 742
1940 266 565
1940 351 841
1940 283 743
1940 311 663
1940 403 830
1940 127 519
1940 371 292
1940 349 735
1940 379 862
1940 267 476
1940 240 531
1940 350 850
1940 285 741
1940 143 504
1940 459 874
1940 235 428
1940 360 985
1940 402 831
1940 284 526
1940 301 571
1940 216 627
1940 423 305
1940 71 593
1940 349 737
1960 160 443
1960 67 511
1960 85 501
1960 437 180
1960 86 503
1960 416 190
1960 121 381
1960 255 727
1960 263 503
1960 418 562
1960 426 554
1960 368 180
1960 424 955
1960 91 413
1960 303 1059
1960 266 568
1960 356 842
1960 305 667
1960 336 210
1960 377 865
1960 337 220
1960 190 748
1960 242 528
1960 350 842
1960 90 407
1960 286 528
1960 427 940
1960 300 566
1960 218 625
1960 212 477
1980 301 667
1980 362 1017
1980 176 484
1980 250 1150
1980 264 505
1980 269 1243
1980 305 122
1980 368 115
1980 359 489
1980 105 461
1980 394 1044
1980 263 567
1980 354 831
1980 97 430
1980 399 830
1980 106 457
1980 385 864
1980 154 722
1980 378 483
1980 108 253
1980 239 533
1980 350 846
1980 451 884
1980 275 1180
1980 277 1178
1980 78 297
1980 398 834
1980 284 527
1980 451 886
1980 299 567
1980 54 261
1980 218 626
