1800 308 665
1800 444 599
1800 76 483
1800 314 812
1800 259 501
1800 262 569
1800 307 666
1800 396 822
1800 369 765
1800 239 533
1800 314 812
1800 289 1113
1800 442 825
1800 287 1180
1800 277 1219
1800 423 813
1800 285 530
1800 28 907
1800 301 566
1800 217 627
1800 236 75
1820 306 667
1820 427 509
1820 453 632
1820 259 500
1820 228 1242
1820 428 512
1820 410 643
1820 275 853
1820 259 571
1820 365 835
1820 422 836
1820 361 821
1820 360 835
1820 222 1229
1820 237 535
1820 85 420
1820 221 1236
1820 424 843
1820 283 531
1820 422 384
1820 35 889
1820 299 567
1820 217 624
1820 354 672
1840 307 652
1840 81 456
1840 258 501
1840 394 656
1840 366 290
1840 364 497
1840 261 567
1840 362 619
1840 362 834
1840 410 832
1840 366 290
1840 419 645
1840 380 858
1840 421 652
1840 241 532
1840 284 528
1840 46 893
1840 58 908
1840 299 566
1840 218 626
1860 373 558
1860 308 668
1860 76 461
1860 258 501
1860 387 694
1860 374 562
1860 342 494
1860 288 597
1860 260 567
1860 370 684
1860 351 834
1860 308 670
1860 401 826
1860 386 696
1860 369 851
1860 241 533
1860 342 495
1860 284 528
1860 56 929
1860 300 568
1860 218 626
1860 356 692
1880 377 511
1880 66 533
1880 64 529
1880 305 668
1880 345 517
1880 433 501
1880 470 436
1880 266 492
1880 377 512
1880 260 567
1880 351 848
1880 303 668
1880 403 828
1880 354 829
1880 241 531
1880 332 753
1880 347 513
1880 284 527
1880 47 870
1880 59 869
1880 299 564
1880 217 625
1900 429 457
1900 237 726
1900 262 500
1900 428 447
1900 353 476
1900 231 726
1900 443 397
1900 81 766
1900 262 564
1900 353 838
1900 401 831
1900 356 833
1900 478 752
1900 390 494
1900 61 780
1900 242 533
1900 352 478
1900 462 826
1900 233 693
1900 285 527
1900 435 384
1900 300 568
1900 217 626
1900 236 722
1900 64 646
1920 298 439
1920 303 666
1920 178 606
1920 414 358
1920 263 502
1920 107 678
1920 395 542
1920 182 609
1920 414 902
1920 402 340
1920 107 676
1920 284 615
1920 262 570
1920 181 622
1920 360 842
1920 397 850
1920 389 761
1920 363 845
1920 456 714
1920 240 528
1920 313 462
1920 107 675
1920 157 639
1920 401 900
1920 280 526
1920 424 913
1920 406 351
1920 23 1033
1920 300 569
1920 217 624
1940 102 590
1940 466 291
1940 358 984
1940 463 296
1940 259 503
1940 422 573
1940 358 982
1940 362 298
1940 264 566
1940 358 845
1940 282 744
1940 309 667
1940 403 828
1940 127 516
1940 377 291
1940 351 733
1940 362 836
1940 289 735
1940 476 878
1940 239 532
1940 353 731
1940 289 733
1940 145 493
1940 464 868
1940 357 983
1940 24 414
1940 285 525
1940 412 328
1940 102 590
1940 299 570
1940 217 627
1940 412 302
1940 71 592
1960 159 444
1960 65 502
1960 87 503
1960 305 668
1960 435 195
1960 426 552
1960 87 501
1960 425 226
1960 119 385
1960 254 721
1960 263 503
1960 418 564
1960 428 560
1960 368 200
1960 426 953
1960 91 409
1960 314 1069
1960 265 569
1960 358 839
1960 92 409
1960 398 818
1960 339 212
1960 371 856
1960 338 215
1960 193 748
1960 242 530
1960 300 1059
1960 90 410
1960 285 529
1960 429 938
1960 301 566
1960 219 622
1960 213 477
1980 303 666
1980 356 1027
1980 176 486
1980 347 1200
1980 263 505
1980 226 1267
1980 311 131
1980 371 114
1980 359 488
1980 106 462
1980 402 1039
1980 263 569
1980 355 838
1980 106 465
1980 400 830
1980 108 464
1980 152 725
1980 364 849
1980 158 722
1980 376 479
1980 108 253
1980 51 780
1980 239 533
1980 452 890
1980 88 416
1980 284 1194
1980 277 1167
1980 83 286
1980 285 527
1980 29 1025
1980 300 566
1980 218 623
