1800 308 665
1800 444 597
1800 76 479
1800 259 501
1800 314 815
1800 263 568
1800 308 665
1800 397 826
1800 369 763
1800 240 533
1800 315 813
1800 287 1128
1800 443 826
1800 279 1186
1800 280 1214
1800 415 811
1800 285 530
1800 34 899
1800 299 570
1800 217 628
1800 236 55
1820 304 668
1820 427 509
1820 453 637
1820 260 500
1820 228 1239
1820 410 643
1820 275 856
1820 261 571
1820 305 668
1820 381 838
1820 373 850
1820 220 1225
1820 240 534
1820 421 841
1820 283 532
1820 423 387
1820 33 895
1820 298 569
1820 218 626
1820 356 671
1840 286 661
1840 80 455
1840 259 501
1840 394 653
1840 370 299
1840 327 868
1840 362 498
1840 263 568
1840 391 656
1840 302 658
1840 410 833
1840 373 303
1840 425 644
1840 383 854
1840 241 533
1840 361 610
1840 404 833
1840 284 528
1840 57 908
1840 298 568
1840 218 626
1840 362 613
1860 372 566
1860 306 662
1860 76 468
1860 338 494
1860 258 502
1860 379 701
1860 283 594
1860 263 567
1860 350 831
1860 309 668
1860 402 836
1860 383 852
1860 242 534
1860 404 824
1860 284 528
1860 58 921
1860 65 941
1860 300 570
1860 217 630
1860 362 695
1880 65 530
1880 68 535
1880 303 667
1880 432 502
1880 462 434
1880 347 517
1880 313 742
1880 267 494
1880 314 727
1880 262 567
1880 348 837
1880 308 669
1880 407 829
1880 377 855
1880 240 532
1880 332 754
1880 402 828
1880 285 529
1880 46 875
1880 59 873
1880 299 570
1880 218 629
1880 332 761
1900 235 701
1900 305 662
1900 430 432
1900 345 512
1900 263 500
1900 353 475
1900 434 432
1900 64 646
1900 263 568
1900 352 837
1900 405 832
1900 383 858
1900 388 494
1900 62 780
1900 243 535
1900 345 520
1900 461 828
1900 404 830
1900 285 527
1900 434 387
1900 299 568
1900 216 627
1900 235 733
1920 298 662
1920 179 608
1920 264 503
1920 387 733
1920 413 898
1920 400 353
1920 79 682
1920 264 567
1920 181 615
1920 357 846
1920 304 665
1920 409 891
1920 375 861
1920 457 716
1920 297 440
1920 241 529
1920 158 641
1920 403 827
1920 282 526
1920 425 920
1920 402 341
1920 28 987
1920 301 575
1920 218 626
1940 100 591
1940 308 665
1940 464 294
1940 362 992
1940 261 504
1940 424 572
1940 360 983
1940 237 430
1940 358 299
1940 289 741
1940 265 566
1940 355 841
1940 310 666
1940 404 832
1940 129 526
1940 373 296
1940 349 739
1940 378 863
1940 278 667
1940 289 739
1940 241 529
1940 287 738
1940 150 499
1940 463 868
1940 241 431
1940 365 984
1940 43 410
1940 404 828
1940 285 526
1940 413 316
1940 300 571
1940 217 628
1940 416 305
1940 72 593
1940 352 734
1960 161 445
1960 67 513
1960 306 668
1960 434 179
1960 436 558
1960 86 506
1960 408 220
1960 103 414
1960 263 504
1960 418 565
1960 371 187
1960 192 752
1960 422 941
1960 258 720
1960 318 1076
1960 265 568
1960 355 847
1960 95 412
1960 306 668
1960 391 841
1960 367 207
1960 385 864
1960 338 207
1960 191 750
1960 239 528
1960 132 478
1960 284 528
1960 429 937
1960 255 726
1960 300 568
1960 218 625
1960 214 476
1980 372 1040
1980 183 485
1980 73 423
1980 94 429
1980 253 1151
1980 264 504
1980 238 1330
1980 318 132
1980 370 105
1980 360 490
1980 105 461
1980 265 568
1980 355 831
1980 109 463
1980 402 830
1980 384 867
1980 153 723
1980 384 491
1980 108 256
1980 66 782
1980 239 532
1980 449 885
1980 280 1190
1980 401 825
1980 284 527
1980 300 568
1980 217 625
