1800 265 50
1800 231 76
1800 466 836
1800 261 500
1800 404 827
1800 448 833
1800 256 553
1800 367 756
1800 237 54
1800 185 1314
1800 213 616
1800 308 661
1800 389 842
1800 390 820
1800 416 810
1800 463 1091
1800 234 528
1800 313 812
1800 322 807
1800 437 821
1800 305 1166
1800 277 54
1800 293 1113
1800 182 1314
1800 255 57
1800 285 538
1800 411 829
1800 306 575
1800 232 76
1820 10 363
1820 220 30
1820 431 512
1820 457 627
1820 261 496
1820 421 635
1820 362 832
1820 420 382
1820 216 1246
1820 350 665
1820 220 1282
1820 298 550
1820 281 857
1820 417 625
1820 254 545
1820 215 612
1820 378 849
1820 355 831
1820 223 1264
1820 466 1032
1820 237 539
1820 80 410
1820 358 838
1820 86 415
1820 232 1276
1820 429 644
1820 211 41
1820 284 533
1820 226 41
1840 261 497
1840 370 495
1840 383 78
1840 377 645
1840 290 536
1840 371 295
1840 420 646
1840 255 557
1840 418 647
1840 186 1358
1840 213 618
1840 306 583
1840 374 863
1840 381 53
1840 353 833
1840 366 837
1840 235 532
1840 361 285
1840 354 620
1840 78 450
1840 366 502
1840 357 839
1840 176 1343
1840 441 654
1840 285 530
1840 404 848
1840 308 588
1860 380 556
1860 340 492
1860 259 499
1860 387 688
1860 361 527
1860 367 548
1860 368 680
1860 285 614
1860 251 528
1860 367 832
1860 215 611
1860 307 660
1860 378 856
1860 353 827
1860 411 835
1860 235 532
1860 78 456
1860 316 180
1860 360 689
1860 358 837
1860 399 690
1860 284 529
1860 398 834
1860 313 595
1880 65 513
1880 460 439
1880 264 492
1880 279 658
1880 344 505
1880 341 748
1880 429 489
1880 351 515
1880 255 566
1880 47 1261
1880 213 614
1880 302 659
1880 380 858
1880 353 832
1880 408 831
1880 236 530
1880 359 850
1880 468 427
1880 283 518
1880 400 832
1880 375 509
1880 313 585
1900 387 495
1900 336 485
1900 262 496
1900 103 782
1900 373 488
1900 346 473
1900 412 842
1900 432 386
1900 458 818
1900 349 474
1900 256 555
1900 52 1158
1900 213 618
1900 378 854
1900 355 825
1900 445 827
1900 236 534
1900 462 821
1900 67 648
1900 358 838
1900 241 687
1900 291 533
1900 405 837
1900 56 795
1920 403 546
1920 103 678
1920 265 504
1920 388 737
1920 399 333
1920 411 873
1920 414 871
1920 436 393
1920 430 420
1920 255 558
1920 373 825
1920 214 611
1920 379 828
1920 392 338
1920 299 441
1920 358 818
1920 421 839
1920 366 826
1920 237 527
1920 331 474
1920 395 534
1920 463 712
1920 177 608
1920 361 833
1920 398 734
1920 289 535
1920 400 843
1920 416 344
1920 405 335
1920 397 355
1920 296 438
1940 66 594
1940 142 481
1940 459 283
1940 426 581
1940 466 330
1940 94 587
1940 469 866
1940 337 737
1940 260 471
1940 399 266
1940 352 731
1940 294 537
1940 375 283
1940 463 861
1940 455 290
1940 253 546
1940 359 728
1940 381 971
1940 137 485
1940 214 613
1940 311 665
1940 276 475
1940 382 865
1940 445 872
1940 239 433
1940 468 848
1940 240 520
1940 372 286
1940 448 859
1940 64 599
1940 357 823
1940 471 270
1940 285 519
1940 448 874
1940 307 590
1960 61 514
1960 95 407
1960 420 178
1960 456 579
1960 362 197
1960 265 500
1960 126 378
1960 253 720
1960 368 172
1960 404 972
1960 289 532
1960 420 931
1960 366 172
1960 218 470
1960 432 544
1960 258 550
1960 379 831
1960 212 616
1960 381 863
1960 431 131
1960 383 838
1960 363 835
1960 369 204
1960 436 200
1960 290 1074
1960 365 842
1960 87 402
1960 442 558
1960 368 169
1960 290 531
1960 400 847
1960 96 404
1960 442 218
1980 174 495
1980 446 1015
1980 147 722
1980 263 507
1980 369 482
1980 312 123
1980 368 106
1980 276 1169
1980 354 482
1980 374 1020
1980 248 1152
1980 290 545
1980 453 841
1980 171 491
1980 257 561
1980 355 830
1980 216 609
1980 382 856
1980 385 852
1980 347 849
1980 354 828
1980 448 884
1980 245 1158
1980 465 1034
1980 234 533
1980 463 878
1980 76 421
1980 364 500
1980 355 831
1980 81 410
1980 290 531
1980 398 834
1980 312 584
