1800 447 603
1800 468 856
1800 285 541
1800 474 157
1800 382 780
1800 438 613
1800 452 924
1800 256 550
1800 254 512
1800 295 1112
1800 304 815
1800 268 62
1800 294 1121
1800 316 804
1800 76 469
1800 281 542
1800 275 655
1800 270 76
1800 314 829
1800 457 671
1800 401 823
1800 438 753
1800 367 749
1800 186 1296
1800 442 834
1800 318 801
1800 391 816
1800 318 812
1800 96 1242
1800 246 530
1800 221 608
1800 282 537
1800 312 820
1800 398 824
1800 264 1208
1800 281 528
1800 478 662
1800 396 819
1800 242 56
1800 301 816
1800 300 656
1800 426 816
1800 276 74
1800 84 478
1800 479 138
1800 389 824
1800 278 1120
1800 319 812
1800 266 1332
1800 316 800
1800 476 255
1800 280 535
1800 397 836
1800 466 631
1800 387 786
1800 62 864
1800 299 571
1800 251 75
1800 277 1127
1800 396 821
1820 447 683
1820 218 620
1820 451 643
1820 3 377
1820 456 1029
1820 280 539
1820 426 399
1820 423 825
1820 23 1239
1820 10 337
1820 200 1231
1820 474 792
1820 275 860
1820 457 631
1820 226 557
1820 351 674
1820 255 497
1820 353 1155
1820 392 653
1820 364 858
1820 387 838
1820 220 627
1820 36 938
1820 282 534
1820 456 662
1820 364 821
1820 450 694
1820 453 663
1820 200 1304
1820 220 555
1820 273 533
1820 469 845
1820 98 405
1820 417 839
1820 299 568
1820 240 594
1820 245 539
1820 228 549
1820 361 849
1820 266 502
1820 258 560
1820 276 846
1820 435 859
1820 413 853
1820 370 865
1820 87 416
1820 407 561
1820 228 556
1820 356 835
1820 224 570
1820 419 394
1820 424 815
1820 82 408
1820 198 1286
1820 299 668
1820 386 843
1820 435 406
1820 215 1236
1820 346 671
1820 421 641
1820 276 530
1820 254 523
1820 426 402
1820 463 657
1820 270 670
1820 41 914
1820 364 847
1820 32 924
1820 300 552
1820 426 529
1840 430 665
1840 389 662
1840 316 861
1840 454 1043
1840 281 539
1840 355 830
1840 350 603
1840 46 894
1840 41 1136
1840 261 517
1840 255 498
1840 67 1204
1840 360 498
1840 375 683
1840 363 841
1840 368 850
1840 54 891
1840 287 538
1840 353 497
1840 374 67
1840 402 828
1840 399 771
1840 413 670
1840 360 838
1840 380 673
1840 357 836
1840 400 843
1840 260 489
1840 58 1361
1840 246 519
1840 63 458
1840 222 616
1840 360 836
1840 357 286
1840 317 865
1840 360 791
1840 296 659
1840 370 803
1840 395 819
1840 363 834
1840 431 643
1840 392 679
1840 54 1253
1840 358 838
1840 382 848
1840 320 864
1840 352 605
1840 317 861
1840 348 662
1840 369 506
1840 479 49
1840 343 819
1840 384 851
1840 365 504
1840 413 818
1840 319 861
1840 123 1336
1840 429 646
1840 278 512
1840 346 826
1840 272 665
1840 349 512
1840 348 825
1840 58 873
1840 297 558
1840 308 898
1860 408 837
1860 217 632
1860 406 832
1860 351 713
1860 336 847
1860 468 845
1860 279 532
1860 368 555
1860 405 832
1860 63 902
1860 45 1155
1860 478 554
1860 68 461
1860 254 514
1860 335 754
1860 384 850
1860 347 1246
1860 65 1197
1860 362 827
1860 70 462
1860 64 923
1860 286 534
1860 393 690
1860 78 467
1860 336 488
1860 376 701
1860 379 683
1860 269 679
1860 464 784
1860 302 670
1860 380 857
1860 373 559
1860 221 631
1860 243 601
1860 260 497
1860 85 1310
1860 248 523
1860 70 460
1860 331 849
1860 263 509
1860 343 842
1860 284 594
1860 337 840
1860 366 561
1860 360 713
1860 236 544
1860 422 866
1860 374 569
1860 215 625
1860 238 1373
1860 381 565
1860 399 831
1860 367 836
1860 381 677
1860 66 1183
1860 244 539
1860 239 515
1860 479 103
1860 344 818
1860 244 537
1860 360 704
1860 332 524
1860 297 675
1860 402 880
1860 390 682
1860 377 692
1860 346 754
1860 237 1339
1860 397 693
1860 236 525
1860 277 522
1860 331 847
1860 402 849
1860 397 860
1860 474 439
1860 350 820
1860 62 918
1860 294 571
1860 398 830
1880 405 843
1880 397 834
1880 456 1068
1880 280 564
1880 366 529
1880 282 671
1880 394 828
1880 49 862
1880 42 1181
1880 458 470
1880 52 495
1880 479 463
1880 266 533
1880 299 607
1880 342 520
1880 250 543
1880 356 1205
1880 421 495
1880 331 525
1880 359 840
1880 49 894
1880 366 784
1880 336 522
1880 385 857
1880 473 620
1880 385 863
1880 279 676
1880 221 634
1880 309 761
1880 250 532
1880 225 544
1880 354 841
1880 259 523
1880 345 845
1880 329 769
1880 369 776
1880 344 498
1880 227 637
1880 285 681
1880 395 807
1880 365 849
1880 227 556
1880 58 1194
1880 287 669
1880 244 555
1880 221 636
1880 279 659
1880 309 781
1880 455 264
1880 464 430
1880 346 832
1880 297 670
1880 294 60
1880 226 1348
1880 443 520
1880 307 747
1880 278 531
1880 478 171
1880 267 669
1880 362 795
1880 55 855
1880 298 570
1880 293 684
1900 402 822
1900 456 1052
1900 280 541
1900 397 813
1900 343 484
1900 36 1070
1900 58 764
1900 456 1014
1900 258 560
1900 228 732
1900 220 730
1900 341 516
1900 346 468
1900 253 504
1900 97 771
1900 364 1176
1900 363 492
1900 261 671
1900 245 737
1900 331 509
1900 360 839
1900 381 505
1900 280 529
1900 368 513
1900 332 504
1900 444 682
1900 431 419
1900 242 751
1900 347 463
1900 456 816
1900 437 383
1900 380 505
1900 384 859
1900 365 535
1900 234 725
1900 61 628
1900 355 502
1900 92 774
1900 263 503
1900 357 824
1900 248 529
1900 228 612
1900 363 491
1900 230 714
1900 259 556
1900 341 815
1900 229 729
1900 338 887
1900 91 773
1900 233 706
1900 246 751
1900 297 680
1900 346 828
1900 395 799
1900 242 706
1900 342 1232
1900 476 822
1900 410 839
1900 372 857
1900 347 460
1900 384 499
1900 55 1140
1900 345 846
1900 346 477
1900 418 443
1900 377 510
1900 479 56
1900 65 650
1900 93 1270
1900 296 670
1900 364 507
1900 403 822
1900 460 487
1900 224 730
1900 278 527
1900 476 347
1900 266 668
1900 350 474
1900 61 778
1900 80 681
1900 293 549
1900 429 383
1900 235 682
1920 296 434
1920 392 839
1920 293 446
1920 245 589
1920 397 841
1920 364 794
1920 455 1116
1920 273 714
1920 388 833
1920 426 884
1920 454 1105
1920 262 565
1920 415 898
1920 335 499
1920 370 365
1920 414 359
1920 258 513
1920 289 1198
1920 407 379
1920 358 834
1920 359 845
1920 92 660
1920 280 526
1920 390 349
1920 300 469
1920 420 899
1920 337 512
1920 428 904
1920 413 896
1920 370 778
1920 175 601
1920 453 833
1920 376 859
1920 83 702
1920 154 650
1920 84 686
1920 265 503
1920 115 1173
1920 246 531
1920 220 636
1920 349 841
1920 252 536
1920 340 856
1920 39 764
1920 298 441
1920 308 458
1920 294 674
1920 381 722
1920 392 858
1920 258 1185
1920 476 887
1920 383 872
1920 363 844
1920 405 747
1920 230 553
1920 310 473
1920 370 795
1920 413 899
1920 362 846
1920 298 456
1920 234 548
1920 417 386
1920 479 82
1920 69 671
1920 214 651
1920 298 663
1920 411 384
1920 384 861
1920 388 757
1920 375 744
1920 243 1217
1920 379 363
1920 396 724
1920 277 525
1920 366 850
1920 478 298
1920 382 359
1920 100 677
1920 345 838
1920 45 746
1920 299 557
1920 99 661
1920 301 458
1920 384 360
1920 395 872
1920 293 439
1940 389 980
1940 397 832
1940 364 732
1940 461 920
1940 280 539
1940 227 442
1940 442 353
1940 391 266
1940 416 325
1940 357 290
1940 369 326
1940 33 1254
1940 442 878
1940 468 285
1940 68 587
1940 463 887
1940 269 544
1940 389 282
1940 386 261
1940 256 475
1940 351 1233
1940 359 735
1940 377 247
1940 357 846
1940 375 961
1940 144 518
1940 69 590
1940 286 528
1940 280 752
1940 354 1000
1940 399 830
1940 378 333
1940 397 834
1940 383 972
1940 372 721
1940 360 835
1940 127 496
1940 449 820
1940 358 745
1940 154 508
1940 382 305
1940 378 973
1940 398 279
1940 225 631
1940 251 456
1940 339 1028
1940 262 467
1940 127 1157
1940 245 539
1940 223 607
1940 267 534
1940 358 291
1940 285 751
1940 279 525
1940 350 828
1940 368 259
1940 344 741
1940 276 748
1940 155 1214
1940 393 811
1940 281 742
1940 418 310
1940 471 903
1940 357 983
1940 363 855
1940 324 759
1940 217 630
1940 265 474
1940 30 1281
1940 293 663
1940 386 970
1940 389 282
1940 227 630
1940 418 396
1940 478 238
1940 349 743
1940 135 1168
1940 222 632
1940 371 330
1940 419 308
1940 388 874
1940 340 742
1940 245 1258
1940 463 357
1940 279 527
1940 348 819
1940 400 851
1940 478 256
1940 354 829
1940 137 479
1940 298 548
1940 396 291
1960 402 989
1960 434 211
1960 23 530
1960 454 1044
1960 281 536
1960 431 226
1960 385 829
1960 363 214
1960 20 1312
1960 322 1028
1960 176 719
1960 466 983
1960 261 558
1960 221 474
1960 380 247
1960 342 207
1960 251 529
1960 304 1056
1960 297 1197
1960 424 214
1960 258 716
1960 359 843
1960 72 515
1960 293 1069
1960 205 484
1960 249 729
1960 360 211
1960 339 196
1960 395 228
1960 438 151
1960 223 468
1960 94 404
1960 94 395
1960 394 989
1960 93 411
1960 441 141
1960 225 639
1960 63 500
1960 266 497
1960 245 541
1960 388 255
1960 258 576
1960 378 191
1960 436 290
1960 218 472
1960 374 209
1960 344 867
1960 118 383
1960 418 870
1960 271 1181
1960 434 234
1960 251 732
1960 442 222
1960 434 998
1960 306 1053
1960 362 857
1960 252 759
1960 219 618
1960 329 1069
1960 376 869
1960 371 222
1960 169 442
1960 428 250
1960 479 119
1960 297 668
1960 440 280
1960 389 881
1960 442 261
1960 428 536
1960 101 398
1960 67 437
1960 258 1249
1960 280 534
1960 365 864
1960 425 943
1960 438 131
1960 66 516
1960 346 861
1960 100 404
1960 297 524
1960 92 406
1960 354 197
1960 123 371
1960 213 484
1980 402 836
1980 354 828
1980 297 589
1980 446 1000
1980 278 533
1980 368 498
1980 280 678
1980 390 880
1980 167 481
1980 31 1253
1980 370 1043
1980 19 404
1980 462 912
1980 268 550
1980 273 671
1980 362 1117
1980 252 523
1980 243 1157
1980 101 750
1980 293 1233
1980 48 1173
1980 362 503
1980 362 845
1980 316 1079
1980 377 505
1980 90 425
1980 274 538
1980 110 462
1980 243 1165
1980 350 1041
1980 400 800
1980 418 203
1980 419 1101
1980 177 510
1980 354 842
1980 451 879
1980 159 527
1980 345 1127
1980 180 486
1980 334 1075
1980 263 510
1980 108 1229
1980 247 530
1980 65 438
1980 261 515
1980 90 435
1980 340 846
1980 87 748
1980 147 695
1980 347 843
1980 279 718
1980 396 804
1980 269 1199
1980 428 1024
1980 406 847
1980 364 851
1980 391 793
1980 84 436
1980 221 622
1980 294 635
1980 39 1314
1980 287 697
1980 346 1112
1980 356 841
1980 391 820
1980 101 425
1980 155 716
1980 343 819
1980 87 427
1980 298 656
1980 363 501
1980 386 855
1980 288 1227
1980 74 415
1980 70 410
1980 241 1274
1980 275 528
1980 353 834
1980 402 828
1980 464 714
1980 346 482
1980 102 287
1980 347 832
1980 295 558
1980 358 484
1980 86 396
1980 166 482
1980 70 432
1980 91 416
1980 346 841
