1800 309 668
1800 445 602
1800 75 476
1800 259 502
1800 315 813
1800 444 829
1800 264 572
1800 309 666
1800 397 827
1800 369 762
1800 450 833
1800 240 533
1800 313 813
1800 289 1114
1800 442 824
1800 286 1182
1800 279 1212
1800 431 818
1800 285 531
1800 33 896
1800 300 569
1800 216 627
1800 237 77
1820 306 667
1820 453 636
1820 273 852
1820 259 500
1820 235 1279
1820 426 496
1820 410 643
1820 259 570
1820 352 671
1820 357 838
1820 306 666
1820 383 847
1820 355 835
1820 377 850
1820 223 1232
1820 238 536
1820 85 420
1820 421 843
1820 282 529
1820 421 386
1820 35 890
1820 294 561
1820 217 625
1820 354 669
1840 285 672
1840 362 288
1840 80 454
1840 320 865
1840 259 500
1840 392 656
1840 364 298
1840 337 873
1840 363 497
1840 260 568
1840 392 655
1840 357 830
1840 298 658
1840 409 835
1840 395 868
1840 383 854
1840 361 496
1840 240 533
1840 194 1360
1840 406 837
1840 283 528
1840 63 910
1840 297 565
1840 217 626
1860 373 558
1860 307 668
1860 75 464
1860 258 501
1860 373 559
1860 386 699
1860 372 563
1860 339 494
1860 262 563
1860 370 683
1860 345 850
1860 307 666
1860 404 839
1860 348 835
1860 475 435
1860 241 534
1860 339 498
1860 318 195
1860 282 525
1860 65 933
1860 297 567
1860 217 627
1860 370 689
1880 64 530
1880 302 666
1880 433 501
1880 464 439
1880 345 517
1880 271 495
1880 309 727
1880 432 500
1880 378 514
1880 259 568
1880 351 852
1880 305 668
1880 403 831
1880 354 845
1880 352 839
1880 378 512
1880 241 532
1880 331 752
1880 345 512
1880 385 856
1880 283 526
1880 47 874
1880 51 870
1880 297 567
1880 215 628
1880 334 748
1900 307 666
1900 434 448
1900 87 779
1900 345 515
1900 229 713
1900 261 499
1900 440 426
1900 353 476
1900 230 714
1900 434 450
1900 261 564
1900 352 846
1900 306 665
1900 405 835
1900 353 825
1900 355 837
1900 478 749
1900 389 493
1900 58 777
1900 242 534
1900 353 479
1900 275 663
1900 461 829
1900 230 680
1900 404 830
1900 285 527
1900 463 828
1900 437 381
1900 235 732
1900 295 564
1900 216 626
1900 63 645
1920 297 437
1920 305 666
1920 179 606
1920 424 425
1920 263 503
1920 105 678
1920 394 543
1920 216 628
1920 181 609
1920 412 898
1920 397 377
1920 107 678
1920 262 566
1920 183 612
1920 353 847
1920 302 667
1920 394 878
1920 401 347
1920 360 836
1920 360 852
1920 456 715
1920 241 531
1920 332 478
1920 153 639
1920 402 831
1920 281 525
1920 425 919
1920 401 354
1920 380 374
1920 19 1029
1920 293 574
1920 216 625
1920 74 682
1940 72 593
1940 100 589
1940 307 664
1940 465 307
1940 354 986
1940 450 322
1940 269 509
1940 418 574
1940 357 984
1940 287 731
1940 418 570
1940 232 429
1940 370 300
1940 286 748
1940 264 564
1940 356 729
1940 352 845
1940 279 739
1940 313 662
1940 403 831
1940 126 518
1940 372 294
1940 338 814
1940 376 871
1940 73 593
1940 477 890
1940 267 475
1940 242 530
1940 354 732
1940 288 727
1940 145 501
1940 467 868
1940 236 429
1940 358 982
1940 28 416
1940 404 830
1940 284 522
1940 467 857
1940 300 571
1940 216 627
1940 415 313
1940 71 593
1940 353 731
1960 66 513
1960 66 512
1960 304 667
1960 434 193
1960 424 557
1960 86 506
1960 387 215
1960 122 380
1960 251 721
1960 263 503
1960 418 563
1960 216 625
1960 421 563
1960 342 212
1960 369 187
1960 426 947
1960 90 406
1960 315 1073
1960 264 567
1960 352 845
1960 92 408
1960 306 667
1960 387 853
1960 366 205
1960 368 204
1960 375 840
1960 375 870
1960 337 215
1960 194 749
1960 243 528
1960 213 477
1960 89 407
1960 284 529
1960 427 942
1960 300 564
1960 217 625
1960 437 171
1960 213 477
1980 304 648
1980 377 1045
1980 181 486
1980 84 418
1980 90 757
1980 347 1202
1980 254 1151
1980 262 504
1980 262 1237
1980 311 148
1980 373 109
1980 359 488
1980 90 427
1980 262 570
1980 354 848
1980 102 450
1980 400 832
1980 155 719
1980 352 827
1980 381 867
1980 160 719
1980 361 487
1980 105 255
1980 241 533
1980 451 884
1980 282 1194
1980 279 1164
1980 84 294
1980 284 526
1980 299 565
1980 217 624
