1800 428 613
1800 78 478
1800 315 816
1800 262 502
1800 294 1137
1800 236 71
1800 445 831
1800 442 606
1800 257 564
1800 373 761
1800 216 627
1800 308 664
1800 316 810
1800 417 837
1800 186 1311
1800 292 1111
1800 392 822
1800 240 534
1800 317 815
1800 450 857
1800 75 484
1800 294 1137
1800 232 53
1800 296 1167
1800 187 1317
1800 416 829
1800 260 67
1800 257 65
1800 283 531
1800 297 572
1800 308 661
1800 235 70
1820 422 384
1820 359 832
1820 418 511
1820 454 635
1820 87 417
1820 260 503
1820 224 1240
1820 426 516
1820 224 1229
1820 421 385
1820 275 852
1820 414 639
1820 254 574
1820 217 622
1820 306 669
1820 389 847
1820 420 844
1820 231 1262
1820 392 856
1820 238 537
1820 85 419
1820 354 836
1820 455 636
1820 282 530
1820 434 847
1820 370 704
1820 298 564
1820 306 667
1840 366 847
1840 433 646
1840 80 456
1840 281 675
1840 258 503
1840 365 625
1840 318 862
1840 372 301
1840 418 651
1840 394 658
1840 366 497
1840 257 563
1840 137 1393
1840 217 624
1840 313 671
1840 377 858
1840 178 1354
1840 392 858
1840 242 535
1840 334 866
1840 363 290
1840 80 457
1840 354 837
1840 165 1353
1840 423 651
1840 286 529
1840 60 909
1840 298 560
1860 342 493
1860 352 828
1860 473 521
1860 77 461
1860 373 556
1860 259 504
1860 371 564
1860 374 565
1860 313 182
1860 341 492
1860 387 708
1860 256 563
1860 358 697
1860 218 623
1860 381 857
1860 318 178
1860 399 836
1860 372 565
1860 386 858
1860 240 536
1860 475 514
1860 75 460
1860 312 182
1860 354 829
1860 317 180
1860 288 526
1860 360 708
1860 50 919
1860 300 568
1860 307 667
1880 346 517
1880 66 528
1880 443 516
1880 355 837
1880 432 503
1880 467 440
1880 287 672
1880 269 496
1880 346 519
1880 346 518
1880 332 750
1880 464 458
1880 379 515
1880 346 522
1880 257 575
1880 219 622
1880 302 667
1880 374 889
1880 330 744
1880 333 746
1880 406 829
1880 384 856
1880 240 533
1880 342 518
1880 336 746
1880 334 750
1880 354 829
1880 469 443
1880 282 171
1880 284 523
1880 47 872
1880 298 568
1880 306 663
1900 352 476
1900 236 713
1900 425 449
1900 352 833
1900 461 413
1900 282 678
1900 260 498
1900 437 453
1900 346 477
1900 472 816
1900 439 391
1900 379 492
1900 260 572
1900 217 626
1900 248 696
1900 306 666
1900 368 852
1900 401 834
1900 385 855
1900 89 757
1900 240 538
1900 233 684
1900 344 499
1900 477 748
1900 60 641
1900 353 831
1900 240 679
1900 285 528
1900 463 825
1900 438 465
1900 347 480
1900 298 566
1900 307 663
1920 314 463
1920 404 342
1920 357 830
1920 191 618
1920 286 675
1920 265 505
1920 393 539
1920 280 621
1920 389 380
1920 416 900
1920 185 611
1920 395 541
1920 393 755
1920 262 567
1920 183 616
1920 87 688
1920 358 818
1920 217 625
1920 305 663
1920 369 855
1920 383 374
1920 450 951
1920 381 863
1920 79 686
1920 241 535
1920 298 441
1920 460 726
1920 77 682
1920 357 828
1920 391 753
1920 283 529
1920 413 894
1920 406 349
1920 302 598
1920 306 664
1940 74 597
1940 423 313
1940 423 312
1940 355 829
1940 422 574
1940 466 286
1940 376 293
1940 361 726
1940 259 505
1940 292 736
1940 383 289
1940 373 983
1940 351 734
1940 376 289
1940 469 887
1940 126 521
1940 362 980
1940 425 575
1940 71 602
1940 260 569
1940 360 725
1940 359 977
1940 217 626
1940 308 668
1940 376 864
1940 455 291
1940 456 874
1940 286 735
1940 286 744
1940 381 861
1940 240 535
1940 349 734
1940 462 881
1940 354 734
1940 353 828
1940 461 884
1940 285 527
1940 300 571
1940 390 265
1960 63 512
1960 422 227
1960 365 841
1960 427 551
1960 451 577
1960 83 512
1960 172 742
1960 362 223
1960 265 505
1960 126 386
1960 429 554
1960 367 178
1960 423 962
1960 89 408
1960 430 551
1960 261 569
1960 215 625
1960 304 667
1960 376 862
1960 330 202
1960 428 955
1960 301 1056
1960 384 861
1960 242 529
1960 310 1054
1960 124 382
1960 366 201
1960 122 387
1960 330 197
1960 346 844
1960 284 529
1960 429 948
1960 301 564
1960 303 672
1960 122 385
1960 404 217
1960 215 473
1980 357 836
1980 180 485
1980 77 426
1980 280 669
1980 265 508
1980 274 1166
1980 180 489
1980 114 461
1980 328 122
1980 369 101
1980 385 1047
1980 262 1157
1980 361 489
1980 455 914
1980 367 490
1980 257 571
1980 352 828
1980 221 620
1980 386 866
1980 450 906
1980 253 1162
1980 109 265
1980 471 1106
1980 389 855
1980 240 538
1980 358 1032
1980 108 253
1980 463 927
1980 75 429
1980 290 1207
1980 310 123
1980 352 835
1980 63 419
1980 402 829
1980 285 528
1980 366 1066
1980 455 907
1980 300 564
1980 302 668
1980 90 298
