1800 311 668
1800 445 603
1800 77 482
1800 261 502
1800 265 571
1800 310 668
1800 398 832
1800 371 762
1800 242 534
1800 316 815
1800 292 1112
1800 443 826
1800 297 1186
1800 437 822
1800 287 531
1800 34 893
1800 300 571
1800 218 629
1800 235 63
1820 307 671
1820 422 385
1820 454 636
1820 260 502
1820 227 1236
1820 426 503
1820 412 644
1820 276 857
1820 263 574
1820 422 841
1820 358 833
1820 367 844
1820 454 633
1820 224 1231
1820 240 537
1820 86 421
1820 422 842
1820 284 534
1820 422 387
1820 37 888
1820 297 568
1820 220 624
1820 355 672
1840 302 668
1840 367 295
1840 260 503
1840 396 656
1840 368 294
1840 365 499
1840 265 567
1840 393 657
1840 385 852
1840 408 831
1840 421 651
1840 383 856
1840 422 652
1840 363 497
1840 33 186
1840 243 535
1840 408 830
1840 285 531
1840 298 570
1840 219 628
1860 374 563
1860 310 670
1860 259 503
1860 374 563
1860 388 700
1860 265 567
1860 371 688
1860 351 840
1860 309 672
1860 404 829
1860 370 685
1860 380 859
1860 243 534
1860 343 498
1860 285 529
1860 55 920
1860 299 571
1860 219 631
1860 370 690
1880 69 536
1880 66 532
1880 305 672
1880 348 514
1880 433 503
1880 466 438
1880 69 535
1880 348 516
1880 270 496
1880 283 659
1880 379 510
1880 264 568
1880 353 852
1880 307 673
1880 406 827
1880 354 841
1880 379 511
1880 242 534
1880 332 757
1880 287 530
1880 49 872
1880 51 878
1880 299 573
1880 219 626
1900 308 669
1900 347 514
1900 435 457
1900 80 770
1900 347 516
1900 238 725
1900 261 499
1900 438 453
1900 355 478
1900 233 720
1900 439 386
1900 266 564
1900 354 843
1900 407 830
1900 367 852
1900 479 699
1900 387 493
1900 63 782
1900 244 537
1900 354 477
1900 239 728
1900 462 831
1900 236 689
1900 403 830
1900 287 530
1900 473 824
1900 435 387
1900 242 740
1900 298 570
1900 219 628
1900 67 650
1920 300 441
1920 11 511
1920 305 669
1920 180 608
1920 448 419
1920 265 504
1920 107 685
1920 278 668
1920 395 543
1920 402 361
1920 184 615
1920 420 921
1920 403 342
1920 109 679
1920 266 568
1920 183 618
1920 358 850
1920 402 852
1920 379 851
1920 363 856
1920 33 745
1920 243 532
1920 331 479
1920 108 680
1920 157 644
1920 406 889
1920 403 833
1920 281 529
1920 425 919
1920 406 346
1920 378 383
1920 22 1032
1920 300 575
1920 218 626
1920 79 684
1940 72 596
1940 102 593
1940 310 666
1940 464 293
1940 360 984
1940 456 309
1940 259 503
1940 279 665
1940 423 577
1940 360 984
1940 289 738
1940 370 300
1940 290 747
1940 267 567
1940 355 846
1940 288 743
1940 311 666
1940 406 828
1940 127 522
1940 375 296
1940 354 734
1940 368 869
1940 242 535
1940 356 732
1940 293 741
1940 149 500
1940 463 873
1940 237 432
1940 362 981
1940 25 419
1940 405 824
1940 286 529
1940 392 275
1940 301 573
1940 219 628
1940 450 290
1940 72 601
1960 69 518
1960 68 516
1960 306 668
1960 437 192
1960 433 559
1960 76 515
1960 426 219
1960 123 385
1960 255 726
1960 264 504
1960 419 564
1960 422 563
1960 371 205
1960 371 181
1960 371 182
1960 428 945
1960 91 409
1960 325 1072
1960 266 568
1960 357 832
1960 392 835
1960 369 204
1960 379 867
1960 339 215
1960 124 383
1960 195 749
1960 250 528
1960 92 410
1960 285 531
1960 428 941
1960 302 570
1960 221 625
1960 214 478
1980 303 665
1980 384 1053
1980 183 484
1980 255 1154
1980 264 505
1980 242 1286
1980 285 666
1980 358 1035
1980 309 130
1980 372 110
1980 361 491
1980 404 1044
1980 265 568
1980 356 843
1980 110 464
1980 401 834
1980 111 462
1980 339 112
1980 375 864
1980 161 723
1980 368 486
1980 110 256
1980 458 906
1980 242 534
1980 451 885
1980 279 1170
1980 85 297
1980 287 530
1980 453 893
1980 300 569
1980 220 626
