1800 306 665
1800 444 597
1800 78 483
1800 259 501
1800 441 600
1800 314 813
1800 262 566
1800 307 664
1800 392 820
1800 369 765
1800 280 664
1800 437 826
1800 239 533
1800 315 812
1800 278 665
1800 289 1118
1800 442 826
1800 278 1176
1800 279 1217
1800 429 816
1800 284 530
1800 299 568
1800 216 627
1800 241 63
1820 303 668
1820 428 505
1820 453 636
1820 273 854
1820 259 500
1820 231 1256
1820 428 507
1820 412 643
1820 276 853
1820 260 569
1820 358 833
1820 305 667
1820 379 844
1820 342 755
1820 372 847
1820 220 1225
1820 239 535
1820 88 419
1820 420 839
1820 283 531
1820 422 387
1820 37 888
1820 297 568
1820 217 626
1820 355 671
1840 300 658
1840 81 455
1840 259 501
1840 394 655
1840 370 293
1840 361 497
1840 261 565
1840 392 657
1840 363 834
1840 299 659
1840 410 832
1840 366 293
1840 419 644
1840 382 854
1840 280 668
1840 421 657
1840 241 533
1840 360 609
1840 397 828
1840 284 527
1840 64 906
1840 62 908
1840 297 567
1840 216 625
1840 359 609
1860 373 559
1860 307 664
1860 76 464
1860 339 492
1860 304 668
1860 257 502
1860 383 699
1860 337 496
1860 283 594
1860 261 564
1860 357 693
1860 349 837
1860 308 668
1860 400 832
1860 383 704
1860 385 856
1860 279 666
1860 279 663
1860 241 533
1860 405 824
1860 283 528
1860 56 919
1860 62 929
1860 298 568
1860 216 628
1880 378 510
1880 63 530
1880 69 534
1880 307 686
1880 432 503
1880 464 434
1880 348 510
1880 308 738
1880 266 493
1880 309 714
1880 260 568
1880 351 823
1880 304 668
1880 400 831
1880 354 841
1880 280 662
1880 276 660
1880 241 532
1880 331 755
1880 401 823
1880 285 527
1880 47 868
1880 62 877
1880 298 567
1880 217 626
1900 228 712
1900 303 663
1900 429 450
1900 82 754
1900 347 495
1900 237 727
1900 260 495
1900 426 435
1900 352 475
1900 63 644
1900 262 563
1900 351 839
1900 310 665
1900 401 834
1900 368 858
1900 276 670
1900 478 748
1900 389 493
1900 65 778
1900 242 532
1900 276 663
1900 343 510
1900 461 827
1900 404 827
1900 285 528
1900 435 383
1900 236 708
1900 298 570
1900 216 627
1900 233 727
1900 64 646
1920 297 439
1920 301 661
1920 179 605
1920 414 389
1920 450 428
1920 263 501
1920 106 676
1920 394 545
1920 387 737
1920 410 897
1920 393 372
1920 105 677
1920 156 635
1920 263 566
1920 181 612
1920 349 845
1920 303 667
1920 382 872
1920 377 793
1920 372 860
1920 279 672
1920 456 717
1920 312 459
1920 240 529
1920 311 461
1920 156 634
1920 394 862
1920 280 525
1920 426 915
1920 402 346
1920 299 569
1920 216 625
1940 102 590
1940 303 674
1940 464 293
1940 361 990
1940 447 315
1940 262 505
1940 423 573
1940 358 981
1940 232 429
1940 358 296
1940 287 739
1940 290 738
1940 265 564
1940 354 835
1940 308 665
1940 401 829
1940 127 518
1940 371 297
1940 351 733
1940 377 863
1940 278 664
1940 241 530
1940 353 733
1940 289 732
1940 147 500
1940 463 870
1940 235 428
1940 360 982
1940 30 372
1940 401 826
1940 284 525
1940 393 290
1940 299 569
1940 216 627
1940 412 305
1940 71 593
1960 160 442
1960 63 507
1960 70 510
1960 302 667
1960 435 190
1960 432 554
1960 86 501
1960 400 219
1960 263 503
1960 420 565
1960 370 181
1960 367 194
1960 422 949
1960 255 710
1960 90 407
1960 319 1064
1960 264 569
1960 352 844
1960 90 403
1960 305 666
1960 385 854
1960 369 205
1960 372 863
1960 285 668
1960 335 205
1960 242 528
1960 313 1022
1960 122 385
1960 90 409
1960 285 528
1960 428 942
1960 254 725
1960 300 566
1960 219 624
1960 213 475
1980 299 667
1980 384 1047
1980 182 485
1980 93 426
1980 339 1194
1980 263 504
1980 240 1320
1980 303 119
1980 370 104
1980 359 488
1980 93 421
1980 263 569
1980 353 836
1980 99 427
1980 401 828
1980 385 859
1980 279 660
1980 375 481
1980 103 254
1980 239 532
1980 258 1159
1980 451 885
1980 278 1207
1980 276 1187
1980 85 282
1980 401 825
1980 284 527
1980 299 567
1980 83 290
1980 216 625
