1800 293 669
1800 443 596
1800 76 483
1800 260 501
1800 314 814
1800 262 568
1800 308 667
1800 394 822
1800 369 761
1800 239 532
1800 314 813
1800 286 1135
1800 443 827
1800 277 1186
1800 281 1218
1800 415 809
1800 285 530
1800 299 569
1800 217 629
1800 239 59
1820 301 670
1820 426 508
1820 453 638
1820 259 500
1820 232 1251
1820 411 642
1820 275 855
1820 260 572
1820 356 833
1820 304 668
1820 371 781
1820 366 842
1820 221 1226
1820 238 534
1820 422 841
1820 283 531
1820 423 387
1820 34 895
1820 298 569
1820 218 626
1820 355 671
1840 291 655
1840 259 501
1840 393 654
1840 370 300
1840 362 496
1840 263 569
1840 393 658
1840 301 659
1840 398 852
1840 366 291
1840 419 647
1840 382 852
1840 421 665
1840 240 533
1840 401 833
1840 283 528
1840 55 913
1840 298 568
1840 217 626
1860 373 568
1860 296 665
1860 337 492
1860 258 502
1860 377 699
1860 280 574
1860 262 567
1860 365 681
1860 347 836
1860 308 669
1860 401 832
1860 384 705
1860 241 533
1860 404 826
1860 284 528
1860 62 946
1860 299 570
1860 217 629
1860 357 694
1880 64 528
1880 302 668
1880 431 504
1880 462 434
1880 347 517
1880 311 744
1880 266 493
1880 312 733
1880 261 568
1880 348 832
1880 308 670
1880 404 832
1880 362 851
1880 240 532
1880 333 756
1880 402 827
1880 284 529
1880 46 874
1880 60 869
1880 300 569
1880 217 628
1880 332 756
1900 298 663
1900 428 429
1900 346 512
1900 261 497
1900 427 434
1900 352 474
1900 444 410
1900 263 567
1900 352 831
1900 403 829
1900 421 678
1900 384 859
1900 479 742
1900 387 494
1900 61 775
1900 241 534
1900 345 518
1900 461 829
1900 404 830
1900 284 527
1900 441 386
1900 299 568
1900 216 627
1900 237 736
1920 294 673
1920 179 606
1920 424 407
1920 465 434
1920 263 502
1920 385 733
1920 413 901
1920 395 372
1920 79 683
1920 264 568
1920 179 624
1920 351 843
1920 303 666
1920 405 871
1920 385 782
1920 363 861
1920 456 716
1920 296 440
1920 240 530
1920 157 641
1920 31 363
1920 401 827
1920 279 523
1920 401 342
1920 396 354
1920 25 981
1920 301 569
1920 217 626
1940 101 589
1940 306 677
1940 466 302
1940 463 307
1940 261 504
1940 422 571
1940 359 982
1940 234 429
1940 359 297
1940 290 738
1940 265 565
1940 356 835
1940 309 666
1940 403 831
1940 374 298
1940 348 734
1940 373 866
1940 278 665
1940 290 739
1940 240 531
1940 352 732
1940 287 738
1940 148 499
1940 463 869
1940 363 982
1940 39 411
1940 403 830
1940 285 525
1940 412 309
1940 300 570
1940 217 628
1940 415 305
1940 72 593
1940 349 732
1960 160 446
1960 66 511
1960 434 181
1960 434 560
1960 86 507
1960 410 225
1960 98 418
1960 263 503
1960 418 566
1960 370 190
1960 192 751
1960 420 942
1960 316 1074
1960 265 568
1960 354 829
1960 93 408
1960 388 847
1960 366 206
1960 374 860
1960 338 203
1960 189 750
1960 239 530
1960 283 528
1960 428 940
1960 256 726
1960 300 568
1960 217 625
1960 213 476
1980 369 1029
1980 181 486
1980 104 460
1980 254 1151
1980 263 504
1980 246 1290
1980 317 128
1980 370 106
1980 359 490
1980 104 459
1980 264 568
1980 353 835
1980 109 462
1980 401 830
1980 383 863
1980 151 720
1980 378 485
1980 107 255
1980 62 784
1980 238 533
1980 448 884
1980 279 1187
1980 401 824
1980 283 527
1980 299 568
1980 217 625
