1800 18 404
1800 403 816
1800 450 598
1800 453 998
1800 268 500
1800 52 896
1800 301 1138
1800 364 759
1800 196 1285
1800 293 1118
1800 407 1027
1800 445 834
1800 270 571
1800 226 630
1800 383 910
1800 281 1134
1800 438 829
1800 246 524
1800 311 821
1800 433 826
1800 309 820
1800 306 1154
1800 17 388
1800 197 1276
1800 184 1298
1800 294 529
1800 420 805
1800 81 477
1800 72 868
1800 305 572
1820 5 472
1820 353 666
1820 415 518
1820 451 638
1820 465 944
1820 11 108
1820 271 497
1820 38 895
1820 290 695
1820 218 1280
1820 367 1255
1820 443 824
1820 445 662
1820 268 577
1820 232 592
1820 246 1293
1820 457 1072
1820 381 810
1820 245 535
1820 283 670
1820 381 735
1820 427 836
1820 313 669
1820 361 844
1820 212 1280
1820 419 626
1820 293 534
1820 444 845
1820 305 575
1840 370 617
1840 273 509
1840 54 883
1840 387 658
1840 366 615
1840 357 606
1840 180 1304
1840 389 663
1840 272 580
1840 223 631
1840 369 888
1840 457 1081
1840 379 825
1840 243 539
1840 54 1265
1840 344 1159
1840 357 290
1840 280 671
1840 364 617
1840 376 508
1840 333 882
1840 20 390
1840 196 1365
1840 178 1309
1840 403 658
1840 291 533
1840 426 842
1840 62 890
1840 306 573
1860 8 374
1860 379 560
1860 467 953
1860 272 510
1860 66 807
1860 373 701
1860 351 768
1860 440 894
1860 390 688
1860 269 577
1860 228 637
1860 372 932
1860 361 693
1860 384 775
1860 245 532
1860 71 1163
1860 359 830
1860 403 701
1860 292 529
1860 411 831
1860 77 457
1860 62 915
1860 306 574
1880 13 397
1880 348 511
1880 51 1191
1880 458 489
1880 348 512
1880 266 496
1880 48 864
1880 376 521
1880 286 661
1880 432 503
1880 270 582
1880 330 753
1880 227 627
1880 459 1086
1880 248 537
1880 71 1170
1880 282 674
1880 312 574
1880 353 836
1880 29 364
1880 292 528
1880 387 512
1880 72 830
1880 305 573
1900 10 414
1900 439 397
1900 461 425
1900 455 1004
1900 362 1220
1900 347 464
1900 270 505
1900 105 784
1900 89 26
1900 97 1239
1900 357 1217
1900 342 466
1900 457 852
1900 445 443
1900 269 583
1900 260 498
1900 228 642
1900 367 801
1900 458 849
1900 457 1034
1900 250 535
1900 61 1175
1900 318 670
1900 372 493
1900 371 852
1900 238 667
1900 293 535
1900 457 886
1900 429 387
1900 358 470
1900 88 742
1900 308 573
1920 19 506
1920 449 413
1920 396 541
1920 460 440
1920 460 1022
1920 301 438
1920 175 603
1920 109 681
1920 233 540
1920 274 504
1920 84 687
1920 365 812
1920 104 670
1920 151 1387
1920 131 1218
1920 376 361
1920 407 938
1920 422 912
1920 453 439
1920 238 540
1920 265 579
1920 80 685
1920 262 505
1920 230 640
1920 314 461
1920 420 794
1920 378 823
1920 246 536
1920 313 461
1920 452 717
1920 387 831
1920 372 830
1920 338 1283
1920 154 1338
1920 408 765
1920 317 457
1920 424 855
1920 402 346
1920 416 349
1920 87 696
1920 297 442
1920 299 436
1920 293 444
1940 43 604
1940 466 294
1940 145 487
1940 84 582
1940 376 281
1940 462 876
1940 273 465
1940 293 655
1940 365 734
1940 146 507
1940 139 1170
1940 388 280
1940 386 965
1940 458 871
1940 264 583
1940 225 632
1940 378 278
1940 373 921
1940 454 866
1940 450 1018
1940 250 525
1940 371 261
1940 312 20
1940 157 522
1940 368 863
1940 295 527
1940 457 873
1940 428 314
1940 149 498
1940 133 497
1940 305 573
1960 41 514
1960 475 191
1960 336 162
1960 219 473
1960 446 992
1960 274 502
1960 32 988
1960 327 1148
1960 372 174
1960 311 1078
1960 397 222
1960 421 950
1960 433 543
1960 272 578
1960 217 636
1960 400 179
1960 376 811
1960 248 529
1960 331 1078
1960 361 176
1960 132 381
1960 92 411
1960 310 676
1960 394 803
1960 362 854
1960 86 415
1960 440 561
1960 297 534
1960 92 520
1960 307 572
1980 18 413
1980 170 497
1980 415 1059
1980 359 1115
1980 272 506
1980 94 763
1980 313 1244
1980 370 492
1980 290 681
1980 354 1260
1980 418 190
1980 390 975
1980 431 982
1980 267 582
1980 354 1028
1980 223 640
1980 373 855
1980 291 1184
1980 442 897
1980 453 1072
1980 379 851
1980 245 540
1980 51 1245
1980 353 1182
1980 316 114
1980 371 481
1980 378 855
1980 330 1301
1980 89 403
1980 296 535
1980 425 860
1980 95 319
1980 86 760
1980 305 575
