1800 397 830
1800 81 478
1800 456 830
1800 477 216
1800 395 819
1800 291 78
1800 461 858
1800 260 495
1800 45 848
1800 283 1121
1800 374 756
1800 191 1300
1800 286 67
1800 439 814
1800 274 63
1800 469 602
1800 474 303
1800 261 562
1800 370 759
1800 218 628
1800 331 667
1800 364 757
1800 260 73
1800 378 820
1800 440 820
1800 466 932
1800 239 527
1800 324 810
1800 447 831
1800 22 416
1800 181 1307
1800 442 609
1800 269 60
1800 291 529
1800 418 797
1800 301 575
1820 425 524
1820 454 623
1820 233 543
1820 261 494
1820 422 641
1820 347 670
1820 207 1279
1820 420 839
1820 432 506
1820 264 560
1820 409 656
1820 218 609
1820 408 668
1820 363 794
1820 354 839
1820 358 668
1820 234 1273
1820 460 1067
1820 370 836
1820 239 534
1820 424 521
1820 350 669
1820 472 677
1820 86 415
1820 351 666
1820 29 387
1820 217 1263
1820 444 646
1820 292 532
1820 302 578
1840 386 850
1840 361 836
1840 18 415
1840 82 454
1840 261 494
1840 59 820
1840 405 659
1840 312 861
1840 170 1342
1840 360 281
1840 403 652
1840 266 557
1840 399 656
1840 216 624
1840 353 694
1840 402 653
1840 386 697
1840 277 666
1840 354 605
1840 461 1063
1840 366 803
1840 238 531
1840 357 600
1840 326 868
1840 168 1319
1840 427 645
1840 290 531
1840 370 496
1840 301 570
1860 384 858
1860 78 455
1860 475 427
1860 340 497
1860 310 176
1860 347 488
1860 258 497
1860 279 676
1860 377 792
1860 367 553
1860 475 478
1860 385 689
1860 339 493
1860 270 543
1860 373 682
1860 218 622
1860 345 699
1860 353 824
1860 350 824
1860 365 821
1860 239 530
1860 365 714
1860 475 516
1860 352 830
1860 367 712
1860 362 695
1860 398 690
1860 292 529
1860 408 824
1860 300 570
1880 386 859
1880 353 843
1880 63 518
1880 307 574
1880 427 484
1880 457 464
1880 234 531
1880 352 513
1880 265 488
1880 280 659
1880 422 836
1880 478 409
1880 431 491
1880 261 575
1880 218 620
1880 338 707
1880 355 832
1880 348 820
1880 280 664
1880 464 1065
1880 370 854
1880 311 569
1880 240 529
1880 321 763
1880 432 496
1880 327 752
1880 306 663
1880 354 826
1880 335 745
1880 12 390
1880 467 431
1880 290 525
1880 464 441
1880 301 573
1900 384 853
1900 19 382
1900 459 844
1900 443 384
1900 458 396
1900 468 811
1900 351 475
1900 260 494
1900 111 781
1900 368 487
1900 223 727
1900 368 488
1900 461 811
1900 445 382
1900 339 519
1900 265 554
1900 217 625
1900 349 831
1900 241 688
1900 462 819
1900 458 1039
1900 375 862
1900 242 535
1900 462 820
1900 359 474
1900 367 849
1900 81 660
1900 244 697
1900 465 416
1900 294 533
1900 458 834
1900 364 480
1900 80 754
1900 306 570
1920 386 842
1920 295 439
1920 69 677
1920 453 887
1920 330 474
1920 297 438
1920 109 678
1920 236 532
1920 263 498
1920 56 802
1920 369 787
1920 405 864
1920 295 445
1920 427 889
1920 452 404
1920 413 362
1920 262 561
1920 381 757
1920 219 638
1920 303 432
1920 296 444
1920 353 821
1920 466 743
1920 457 1099
1920 368 800
1920 240 530
1920 462 719
1920 40 262
1920 407 339
1920 354 833
1920 102 678
1920 159 1321
1920 398 725
1920 295 534
1920 407 338
1920 296 436
1920 291 440
1940 386 872
1940 347 838
1940 48 603
1940 129 527
1940 453 863
1940 468 268
1940 428 577
1940 89 593
1940 395 264
1940 471 861
1940 146 504
1940 237 526
1940 360 290
1940 261 461
1940 280 657
1940 461 614
1940 374 939
1940 137 507
1940 365 959
1940 372 963
1940 382 255
1940 374 284
1940 470 852
1940 458 281
1940 263 549
1940 360 729
1940 213 624
1940 361 742
1940 375 285
1940 238 435
1940 351 747
1940 471 849
1940 456 875
1940 241 529
1940 442 311
1940 360 731
1940 473 870
1940 392 258
1940 364 855
1940 83 596
1940 350 739
1940 434 583
1940 291 524
1940 473 868
1940 145 502
1940 300 569
1940 257 465
1960 384 855
1960 57 505
1960 95 501
1960 442 923
1960 435 149
1960 418 540
1960 447 559
1960 190 737
1960 85 503
1960 263 499
1960 26 815
1960 321 1060
1960 367 169
1960 311 1075
1960 383 199
1960 395 876
1960 362 181
1960 419 916
1960 267 551
1960 136 386
1960 215 635
1960 348 835
1960 225 473
1960 465 1061
1960 244 534
1960 322 1072
1960 123 380
1960 88 413
1960 364 857
1960 86 412
1960 428 538
1960 295 532
1960 439 149
1960 420 179
1960 302 569
1980 384 855
1980 123 457
1980 356 827
1980 12 576
1980 70 425
1980 448 872
1980 397 822
1980 447 931
1980 111 419
1980 342 1094
1980 384 484
1980 260 498
1980 93 753
1980 364 498
1980 360 87
1980 358 1205
1980 381 947
1980 313 115
1980 174 503
1980 262 563
1980 217 627
1980 115 279
1980 383 101
1980 350 838
1980 371 72
1980 454 880
1980 247 1198
1980 456 955
1980 237 531
1980 159 724
1980 84 420
1980 365 496
1980 363 839
1980 150 708
1980 85 402
1980 293 532
1980 441 842
1980 361 487
1980 301 572
1980 171 500
