1800 445 602
1800 74 479
1800 260 502
1800 445 833
1800 263 571
1800 367 761
1800 308 670
1800 388 821
1800 371 762
1800 435 821
1800 240 533
1800 288 1114
1800 439 823
1800 294 1129
1800 186 1337
1800 476 629
1800 283 531
1800 33 897
1800 30 908
1800 295 580
1800 216 628
1800 262 76
1800 306 664
1820 429 516
1820 36 920
1820 274 852
1820 259 501
1820 227 1254
1820 451 638
1820 430 515
1820 259 573
1820 414 641
1820 303 668
1820 379 849
1820 418 842
1820 222 1231
1820 237 539
1820 227 1265
1820 361 839
1820 456 638
1820 282 534
1820 36 898
1820 30 895
1820 294 574
1820 217 627
1820 354 668
1820 303 664
1840 78 452
1840 258 500
1840 390 659
1840 362 500
1840 261 560
1840 351 840
1840 308 659
1840 405 844
1840 358 834
1840 239 537
1840 378 854
1840 421 649
1840 285 528
1840 55 905
1840 62 908
1840 295 570
1840 217 626
1840 362 619
1840 297 670
1860 341 495
1860 286 611
1860 75 463
1860 260 501
1860 56 901
1860 381 618
1860 342 497
1860 262 566
1860 383 699
1860 316 668
1860 400 831
1860 340 848
1860 399 833
1860 373 563
1860 241 538
1860 315 181
1860 283 530
1860 369 692
1860 57 920
1860 58 935
1860 297 576
1860 217 626
1860 306 667
1880 348 512
1880 63 526
1880 434 497
1880 466 440
1880 271 495
1880 466 443
1880 346 517
1880 465 447
1880 259 570
1880 311 670
1880 400 833
1880 349 854
1880 402 829
1880 381 517
1880 239 533
1880 331 743
1880 359 850
1880 286 529
1880 46 869
1880 50 864
1880 295 576
1880 216 626
1880 301 664
1900 353 477
1900 238 700
1900 440 406
1900 261 495
1900 91 742
1900 444 446
1900 59 776
1900 353 477
1900 277 662
1900 474 815
1900 436 450
1900 76 763
1900 262 565
1900 69 1109
1900 400 835
1900 354 832
1900 401 836
1900 238 538
1900 342 506
1900 465 825
1900 355 843
1900 286 529
1900 297 568
1900 216 628
1900 231 725
1900 303 667
1920 445 441
1920 156 643
1920 265 504
1920 444 447
1920 32 746
1920 18 674
1920 318 473
1920 216 630
1920 416 907
1920 160 638
1920 394 545
1920 87 692
1920 404 347
1920 263 562
1920 80 675
1920 382 737
1920 395 841
1920 401 341
1920 346 842
1920 381 794
1920 457 713
1920 296 441
1920 79 686
1920 241 531
1920 314 464
1920 361 835
1920 32 1029
1920 279 527
1920 420 913
1920 378 375
1920 29 980
1920 31 998
1920 302 581
1920 217 630
1920 106 670
1920 291 644
1940 9 421
1940 360 990
1940 466 293
1940 469 289
1940 469 889
1940 262 507
1940 358 984
1940 20 732
1940 371 993
1940 372 292
1940 472 874
1940 469 291
1940 125 514
1940 264 567
1940 353 827
1940 283 742
1940 306 668
1940 402 833
1940 130 513
1940 388 275
1940 350 851
1940 351 737
1940 404 849
1940 231 428
1940 239 532
1940 463 863
1940 102 581
1940 357 847
1940 284 530
1940 442 330
1940 388 268
1940 101 583
1940 299 576
1940 217 628
1940 416 295
1940 301 667
1960 158 444
1960 64 514
1960 433 187
1960 438 562
1960 69 499
1960 192 746
1960 402 207
1960 263 504
1960 302 1064
1960 427 553
1960 366 176
1960 383 865
1960 280 673
1960 367 177
1960 428 957
1960 437 560
1960 265 568
1960 300 666
1960 385 859
1960 446 192
1960 166 748
1960 355 213
1960 346 831
1960 372 823
1960 242 528
1960 309 1076
1960 160 445
1960 83 499
1960 85 500
1960 369 865
1960 91 411
1960 190 750
1960 285 529
1960 420 952
1960 298 566
1960 216 623
1960 299 668
1980 361 1023
1980 263 504
1980 385 85
1980 61 788
1980 359 489
1980 457 933
1980 95 433
1980 403 1045
1980 262 568
1980 399 835
1980 105 458
1980 156 720
1980 351 833
1980 447 892
1980 365 487
1980 104 272
1980 459 912
1980 235 534
1980 277 1154
1980 288 658
1980 449 886
1980 270 1170
1980 267 1170
1980 374 865
1980 49 417
1980 283 530
1980 357 1030
1980 37 1033
1980 299 571
1980 216 621
1980 109 259
1980 292 636
