1800 308 668
1800 444 599
1800 77 479
1800 258 500
1800 445 598
1800 261 568
1800 307 665
1800 398 832
1800 369 764
1800 388 818
1800 238 531
1800 314 814
1800 285 1128
1800 442 829
1800 280 1227
1800 20 365
1800 416 810
1800 285 529
1800 33 898
1800 297 572
1800 215 629
1800 233 67
1820 425 510
1820 452 637
1820 258 500
1820 225 1244
1820 412 642
1820 276 853
1820 260 569
1820 357 834
1820 304 669
1820 379 846
1820 222 1232
1820 238 536
1820 88 418
1820 421 842
1820 282 531
1820 423 387
1820 35 890
1820 296 570
1820 216 626
1820 354 670
1840 282 674
1840 316 869
1840 259 501
1840 394 656
1840 320 868
1840 362 496
1840 261 565
1840 393 654
1840 373 857
1840 299 653
1840 402 834
1840 365 297
1840 384 853
1840 419 651
1840 239 533
1840 409 831
1840 283 527
1840 297 566
1840 217 627
1860 373 559
1860 304 669
1860 337 494
1860 257 502
1860 384 701
1860 262 566
1860 369 685
1860 351 833
1860 307 668
1860 402 830
1860 382 700
1860 388 859
1860 240 535
1860 403 836
1860 283 527
1860 55 918
1860 298 570
1860 216 628
1860 368 703
1880 63 528
1880 69 534
1880 298 674
1880 433 501
1880 462 444
1880 346 515
1880 266 492
1880 330 757
1880 377 518
1880 260 568
1880 350 823
1880 304 667
1880 401 833
1880 386 858
1880 240 531
1880 331 753
1880 402 840
1880 284 527
1880 46 875
1880 62 876
1880 297 571
1880 215 631
1900 232 703
1900 437 453
1900 344 512
1900 261 497
1900 443 387
1900 352 476
1900 230 708
1900 443 427
1900 258 564
1900 353 829
1900 311 668
1900 402 829
1900 387 861
1900 386 493
1900 59 778
1900 240 531
1900 342 514
1900 462 826
1900 22 364
1900 402 832
1900 285 528
1900 437 384
1900 298 569
1900 215 628
1900 235 730
1900 63 648
1920 298 438
1920 179 606
1920 296 438
1920 447 412
1920 263 502
1920 105 678
1920 395 546
1920 411 898
1920 385 373
1920 103 680
1920 265 575
1920 180 614
1920 353 841
1920 398 837
1920 403 346
1920 385 775
1920 371 862
1920 309 455
1920 240 530
1920 312 461
1920 152 642
1920 406 901
1920 30 364
1920 396 851
1920 281 527
1920 425 917
1920 401 355
1920 106 678
1920 299 573
1920 216 625
1920 76 681
1940 102 591
1940 287 738
1940 465 296
1940 463 312
1940 145 501
1940 262 505
1940 419 574
1940 229 429
1940 369 298
1940 288 752
1940 263 565
1940 354 840
1940 281 740
1940 305 665
1940 401 833
1940 126 519
1940 372 293
1940 382 861
1940 288 741
1940 238 532
1940 288 745
1940 146 498
1940 461 873
1940 236 425
1940 403 828
1940 285 523
1940 298 570
1940 216 627
1940 410 301
1960 161 442
1960 63 509
1960 434 183
1960 432 556
1960 86 502
1960 425 221
1960 253 724
1960 262 504
1960 418 561
1960 368 185
1960 424 954
1960 89 406
1960 324 1067
1960 263 571
1960 357 836
1960 370 204
1960 382 869
1960 338 215
1960 195 751
1960 239 528
1960 121 382
1960 90 407
1960 283 528
1960 428 942
1960 300 565
1960 217 626
1980 375 1022
1980 183 484
1980 74 416
1980 90 425
1980 249 1147
1980 262 504
1980 227 1299
1980 317 132
1980 371 109
1980 358 488
1980 94 423
1980 260 569
1980 353 831
1980 96 421
1980 402 830
1980 385 866
1980 377 482
1980 100 284
1980 238 531
1980 448 884
1980 277 1204
1980 275 1172
1980 400 830
1980 284 527
1980 298 567
1980 215 626
