1800 307 666
1800 444 596
1800 76 481
1800 259 501
1800 313 815
1800 263 568
1800 309 667
1800 395 821
1800 369 760
1800 240 533
1800 316 811
1800 286 1132
1800 443 826
1800 276 1182
1800 280 1218
1800 413 809
1800 284 530
1800 299 569
1800 217 628
1800 240 59
1820 300 667
1820 426 506
1820 453 639
1820 260 500
1820 230 1244
1820 411 644
1820 275 855
1820 260 573
1820 356 832
1820 305 669
1820 377 797
1820 368 844
1820 219 1225
1820 239 533
1820 422 840
1820 282 532
1820 422 387
1820 33 895
1820 298 569
1820 218 626
1820 355 671
1840 294 650
1840 79 455
1840 259 501
1840 394 653
1840 263 569
1840 392 658
1840 303 658
1840 409 833
1840 369 290
1840 416 648
1840 383 853
1840 241 534
1840 401 832
1840 283 528
1840 298 568
1840 217 627
1860 373 568
1860 295 663
1860 75 464
1860 338 495
1860 258 502
1860 377 698
1860 262 568
1860 364 681
1860 347 836
1860 310 668
1860 402 832
1860 241 535
1860 407 827
1860 284 528
1860 57 923
1860 62 942
1860 299 570
1860 217 629
1860 360 694
1880 63 528
1880 302 667
1880 431 504
1880 462 433
1880 347 517
1880 312 744
1880 266 493
1880 312 734
1880 261 567
1880 348 827
1880 308 670
1880 407 828
1880 366 844
1880 241 533
1880 331 763
1880 403 830
1880 284 529
1880 45 871
1880 59 873
1880 299 570
1880 217 626
1900 303 661
1900 428 432
1900 347 512
1900 263 498
1900 426 431
1900 352 474
1900 442 402
1900 263 567
1900 353 829
1900 404 830
1900 384 857
1900 386 493
1900 59 769
1900 242 534
1900 345 521
1900 462 828
1900 284 528
1900 441 384
1900 299 569
1900 216 627
1920 293 673
1920 425 407
1920 264 503
1920 378 735
1920 413 901
1920 398 363
1920 81 685
1920 264 568
1920 180 624
1920 351 842
1920 405 862
1920 380 785
1920 365 862
1920 456 715
1920 296 441
1920 240 529
1920 159 640
1920 26 363
1920 401 826
1920 281 526
1920 402 340
1920 398 361
1920 26 977
1920 301 571
1920 217 626
1940 102 588
1940 465 297
1940 361 995
1940 462 309
1940 261 504
1940 423 571
1940 360 981
1940 236 429
1940 359 298
1940 290 739
1940 265 566
1940 357 836
1940 308 668
1940 404 830
1940 374 297
1940 346 752
1940 375 865
1940 278 666
1940 290 738
1940 241 531
1940 352 731
1940 287 737
1940 149 498
1940 462 870
1940 364 983
1940 36 411
1940 403 829
1940 285 525
1940 415 316
1940 300 570
1940 217 628
1940 414 301
1940 73 593
1940 350 736
1960 160 446
1960 66 512
1960 433 183
1960 436 562
1960 87 505
1960 412 222
1960 102 417
1960 263 504
1960 419 567
1960 371 194
1960 420 938
1960 318 1074
1960 265 568
1960 355 829
1960 96 411
1960 389 830
1960 364 205
1960 379 860
1960 339 201
1960 190 750
1960 238 528
1960 283 528
1960 429 936
1960 255 724
1960 300 568
1960 217 625
1960 213 476
1980 374 1042
1980 181 486
1980 103 460
1980 255 1153
1980 263 504
1980 239 1312
1980 317 130
1980 370 108
1980 360 490
1980 264 568
1980 355 832
1980 109 462
1980 402 829
1980 384 864
1980 149 718
1980 386 491
1980 106 256
1980 66 774
1980 240 532
1980 448 884
1980 280 1190
1980 284 527
1980 27 1014
1980 299 569
1980 217 625
