1800 307 666
1800 444 595
1800 76 480
1800 259 500
1800 316 814
1800 262 567
1800 308 667
1800 396 827
1800 368 760
1800 443 813
1800 239 533
1800 315 812
1800 286 1130
1800 442 826
1800 277 1187
1800 281 1213
1800 415 808
1800 284 530
1800 34 893
1800 299 569
1800 217 628
1800 237 57
1820 301 667
1820 427 508
1820 452 637
1820 274 855
1820 258 500
1820 230 1241
1820 411 644
1820 274 855
1820 260 573
1820 356 833
1820 304 668
1820 389 784
1820 367 844
1820 219 1224
1820 239 534
1820 89 419
1820 422 841
1820 282 531
1820 422 386
1820 33 894
1820 298 568
1820 218 626
1820 355 669
1840 294 665
1840 80 455
1840 258 501
1840 393 654
1840 370 299
1840 363 498
1840 263 569
1840 391 657
1840 307 655
1840 410 833
1840 368 290
1840 427 639
1840 377 856
1840 240 534
1840 349 838
1840 360 604
1840 403 834
1840 283 528
1840 58 905
1840 298 567
1840 217 626
1840 363 612
1860 372 565
1860 303 664
1860 74 465
1860 257 502
1860 378 700
1860 278 578
1860 262 568
1860 347 842
1860 310 668
1860 401 836
1860 384 854
1860 241 533
1860 351 829
1860 405 823
1860 285 528
1860 59 916
1860 62 939
1860 299 570
1860 217 628
1860 359 693
1880 64 527
1880 66 530
1880 302 668
1880 431 501
1880 462 439
1880 347 507
1880 313 743
1880 266 492
1880 311 733
1880 261 568
1880 347 843
1880 307 671
1880 407 829
1880 364 842
1880 241 532
1880 334 757
1880 402 827
1880 284 528
1880 45 872
1880 59 874
1880 299 569
1880 217 625
1880 333 753
1900 298 662
1900 428 437
1900 347 504
1900 260 496
1900 424 438
1900 353 474
1900 232 706
1900 447 402
1900 64 643
1900 263 567
1900 57 1176
1900 350 842
1900 308 617
1900 404 831
1900 374 865
1900 478 727
1900 388 493
1900 61 778
1900 241 534
1900 347 516
1900 462 828
1900 405 829
1900 285 527
1900 440 383
1900 299 569
1900 216 626
1900 234 733
1920 293 674
1920 178 604
1920 427 421
1920 264 502
1920 388 731
1920 412 903
1920 396 376
1920 80 684
1920 278 603
1920 264 567
1920 181 619
1920 354 843
1920 303 667
1920 407 884
1920 376 792
1920 364 862
1920 456 714
1920 295 441
1920 240 529
1920 158 638
1920 32 360
1920 400 831
1920 282 527
1920 423 915
1920 402 341
1920 389 362
1920 25 978
1920 300 570
1920 217 626
1940 102 587
1940 305 701
1940 465 297
1940 361 994
1940 463 301
1940 260 503
1940 424 570
1940 359 982
1940 234 428
1940 359 297
1940 290 742
1940 264 566
1940 357 836
1940 308 667
1940 402 830
1940 373 298
1940 346 749
1940 373 867
1940 278 667
1940 289 739
1940 241 530
1940 354 778
1940 287 738
1940 149 498
1940 463 869
1940 239 427
1940 368 985
1940 33 412
1940 404 828
1940 284 526
1940 416 319
1940 300 570
1940 217 628
1940 413 300
1940 72 593
1940 355 732
1960 160 446
1960 66 510
1960 304 665
1960 432 186
1960 435 559
1960 86 506
1960 414 222
1960 100 417
1960 263 504
1960 419 566
1960 374 189
1960 192 747
1960 421 944
1960 318 1076
1960 264 568
1960 353 847
1960 94 408
1960 390 847
1960 358 211
1960 373 860
1960 338 209
1960 191 744
1960 238 527
1960 91 409
1960 283 528
1960 429 940
1960 255 724
1960 300 568
1960 218 626
1960 213 476
1980 371 1037
1980 180 484
1980 102 455
1980 252 1152
1980 263 503
1980 235 1328
1980 319 133
1980 370 106
1980 359 490
1980 103 458
1980 264 569
1980 351 842
1980 109 462
1980 401 828
1980 381 864
1980 146 720
1980 385 489
1980 108 256
1980 66 775
1980 239 532
1980 448 883
1980 278 1187
1980 404 830
1980 284 527
1980 25 1005
1980 299 568
1980 217 626
