1800 297 668
1800 444 595
1800 76 478
1800 259 501
1800 263 567
1800 308 665
1800 395 823
1800 368 762
1800 469 672
1800 239 532
1800 317 809
1800 287 1129
1800 285 1133
1800 442 825
1800 278 1183
1800 281 1211
1800 419 809
1800 285 530
1800 33 896
1800 299 569
1800 217 628
1800 233 57
1820 302 669
1820 426 508
1820 452 633
1820 282 854
1820 259 499
1820 230 1246
1820 409 643
1820 276 853
1820 260 572
1820 356 831
1820 305 667
1820 353 678
1820 371 847
1820 220 1229
1820 239 534
1820 89 420
1820 422 839
1820 283 531
1820 423 385
1820 34 891
1820 297 569
1820 217 625
1820 354 670
1840 286 663
1840 79 454
1840 259 500
1840 391 657
1840 369 295
1840 361 497
1840 263 566
1840 392 658
1840 301 657
1840 393 857
1840 365 292
1840 418 650
1840 382 854
1840 420 660
1840 240 532
1840 350 836
1840 359 608
1840 405 832
1840 284 529
1840 57 902
1840 59 908
1840 297 567
1840 217 626
1860 373 562
1860 298 662
1860 77 468
1860 337 493
1860 258 501
1860 386 706
1860 339 495
1860 263 565
1860 350 830
1860 309 667
1860 401 838
1860 380 853
1860 242 533
1860 404 825
1860 283 528
1860 58 918
1860 62 935
1860 299 569
1860 217 629
1860 378 701
1880 64 528
1880 67 532
1880 303 678
1880 432 500
1880 463 433
1880 346 518
1880 307 743
1880 266 493
1880 311 733
1880 261 567
1880 347 829
1880 305 669
1880 406 837
1880 371 857
1880 279 662
1880 241 532
1880 333 755
1880 403 826
1880 285 528
1880 47 869
1880 61 873
1880 299 568
1880 217 625
1900 236 701
1900 303 663
1900 430 437
1900 89 779
1900 345 513
1900 261 497
1900 353 474
1900 441 419
1900 64 646
1900 263 565
1900 353 829
1900 312 662
1900 404 834
1900 381 858
1900 478 737
1900 387 493
1900 64 774
1900 242 532
1900 343 517
1900 461 829
1900 405 825
1900 284 528
1900 299 568
1900 216 627
1900 229 708
1920 303 661
1920 178 605
1920 427 407
1920 263 503
1920 107 677
1920 386 737
1920 410 902
1920 390 373
1920 78 681
1920 278 606
1920 156 637
1920 264 567
1920 179 615
1920 353 840
1920 304 666
1920 404 860
1920 374 860
1920 277 669
1920 456 715
1920 296 441
1920 241 529
1920 310 467
1920 156 637
1920 404 826
1920 279 527
1920 424 915
1920 401 344
1920 392 366
1920 27 969
1920 107 676
1920 300 570
1920 217 624
1940 101 588
1940 464 297
1940 361 984
1940 461 298
1940 262 505
1940 423 571
1940 360 982
1940 236 429
1940 360 297
1940 289 738
1940 265 564
1940 355 829
1940 309 664
1940 403 831
1940 127 523
1940 374 299
1940 255 475
1940 349 736
1940 375 863
1940 279 662
1940 288 739
1940 240 531
1940 353 734
1940 287 739
1940 147 498
1940 464 866
1940 240 430
1940 364 980
1940 405 827
1940 285 526
1940 404 311
1940 300 570
1940 217 627
1940 416 306
1940 71 592
1960 160 445
1960 66 510
1960 302 667
1960 432 184
1960 432 557
1960 85 504
1960 414 222
1960 98 418
1960 262 504
1960 418 563
1960 369 183
1960 193 745
1960 370 193
1960 422 944
1960 91 411
1960 321 1074
1960 265 568
1960 354 834
1960 93 409
1960 305 667
1960 389 844
1960 342 212
1960 381 860
1960 336 206
1960 192 753
1960 240 527
1960 91 410
1960 283 528
1960 429 939
1960 256 726
1960 300 566
1960 218 625
1960 213 475
1980 299 653
1980 371 1035
1980 179 485
1980 77 420
1980 93 760
1980 93 426
1980 252 1147
1980 263 504
1980 231 1310
1980 315 123
1980 372 103
1980 359 488
1980 102 441
1980 264 569
1980 353 835
1980 107 462
1980 403 830
1980 151 730
1980 383 860
1980 156 718
1980 383 490
1980 105 261
1980 239 532
1980 353 827
1980 448 886
1980 277 1182
1980 400 824
1980 283 528
1980 299 567
1980 217 627
