1800 307 666
1800 444 595
1800 76 481
1800 259 501
1800 262 568
1800 309 668
1800 395 821
1800 369 760
1800 240 533
1800 315 812
1800 286 1134
1800 443 827
1800 277 1183
1800 280 1217
1800 413 809
1800 284 530
1800 299 569
1800 217 628
1800 239 59
1820 302 668
1820 426 506
1820 453 638
1820 260 500
1820 230 1244
1820 411 644
1820 274 856
1820 260 573
1820 356 832
1820 305 669
1820 379 791
1820 368 845
1820 219 1225
1820 239 534
1820 422 841
1820 282 532
1820 422 387
1820 33 894
1820 298 569
1820 218 626
1820 355 671
1840 296 649
1840 259 501
1840 394 653
1840 263 569
1840 392 658
1840 303 658
1840 409 833
1840 369 290
1840 416 649
1840 382 853
1840 241 534
1840 401 832
1840 283 528
1840 298 568
1840 217 627
1860 372 568
1860 294 664
1860 338 495
1860 258 502
1860 377 698
1860 279 570
1860 262 567
1860 347 835
1860 309 669
1860 401 833
1860 241 534
1860 407 828
1860 285 528
1860 62 944
1860 300 570
1860 217 629
1860 359 693
1880 63 528
1880 302 667
1880 431 504
1880 463 434
1880 347 517
1880 311 743
1880 266 493
1880 313 733
1880 261 567
1880 348 827
1880 308 671
1880 407 829
1880 366 844
1880 241 533
1880 332 761
1880 404 830
1880 284 529
1880 45 871
1880 60 873
1880 300 569
1880 217 625
1900 300 661
1900 428 430
1900 346 512
1900 262 498
1900 428 426
1900 352 474
1900 442 404
1900 263 568
1900 353 829
1900 404 830
1900 384 859
1900 386 493
1900 242 535
1900 345 520
1900 462 828
1900 284 528
1900 299 568
1900 216 626
1920 294 673
1920 426 413
1920 264 503
1920 383 734
1920 413 901
1920 399 365
1920 80 685
1920 264 568
1920 180 627
1920 351 842
1920 408 881
1920 381 786
1920 365 862
1920 455 715
1920 296 441
1920 240 529
1920 159 641
1920 27 363
1920 401 826
1920 282 525
1920 402 340
1920 26 976
1920 301 571
1920 217 626
1940 102 588
1940 465 300
1940 361 996
1940 462 314
1940 261 504
1940 423 570
1940 359 981
1940 236 429
1940 358 297
1940 290 738
1940 265 566
1940 356 837
1940 308 668
1940 403 830
1940 374 297
1940 346 751
1940 375 863
1940 290 737
1940 241 530
1940 350 731
1940 287 737
1940 148 499
1940 463 870
1940 364 983
1940 37 412
1940 404 829
1940 285 525
1940 414 315
1940 300 570
1940 217 628
1940 416 303
1940 73 594
1940 350 735
1960 160 446
1960 65 510
1960 433 183
1960 435 562
1960 86 506
1960 410 222
1960 100 417
1960 263 503
1960 419 566
1960 371 193
1960 420 938
1960 317 1074
1960 265 568
1960 355 828
1960 96 411
1960 389 833
1960 363 208
1960 382 860
1960 339 201
1960 238 529
1960 283 528
1960 429 936
1960 255 724
1960 300 568
1960 218 625
1960 213 476
1980 374 1042
1980 103 460
1980 255 1150
1980 263 504
1980 241 1308
1980 317 130
1980 370 107
1980 360 490
1980 264 568
1980 354 832
1980 109 462
1980 402 829
1980 383 865
1980 149 718
1980 386 491
1980 106 255
1980 66 775
1980 239 532
1980 448 885
1980 280 1189
1980 284 527
1980 299 569
1980 217 625
