1800 308 666
1800 444 596
1800 76 481
1800 259 501
1800 314 815
1800 263 568
1800 309 667
1800 395 823
1800 368 760
1800 240 533
1800 316 812
1800 286 1135
1800 443 827
1800 276 1187
1800 281 1216
1800 415 809
1800 284 530
1800 32 899
1800 299 569
1800 217 628
1800 240 60
1820 302 669
1820 427 507
1820 453 638
1820 259 500
1820 230 1242
1820 411 643
1820 275 855
1820 260 574
1820 356 833
1820 305 667
1820 382 817
1820 369 844
1820 218 1221
1820 239 534
1820 422 841
1820 282 532
1820 422 386
1820 33 896
1820 298 568
1820 218 626
1820 355 670
1840 295 652
1840 79 454
1840 259 501
1840 394 653
1840 362 497
1840 262 569
1840 392 657
1840 306 655
1840 409 835
1840 366 290
1840 420 649
1840 382 852
1840 420 659
1840 240 535
1840 402 832
1840 283 528
1840 56 910
1840 298 567
1840 217 626
1860 372 568
1860 301 661
1860 74 464
1860 337 495
1860 258 501
1860 378 700
1860 279 583
1860 262 567
1860 364 684
1860 347 835
1860 311 669
1860 401 832
1860 241 534
1860 406 826
1860 285 528
1860 62 941
1860 299 570
1860 217 628
1860 358 694
1880 63 528
1880 303 668
1880 431 504
1880 463 435
1880 347 517
1880 312 745
1880 266 492
1880 313 731
1880 261 568
1880 346 834
1880 309 671
1880 406 829
1880 370 850
1880 241 534
1880 331 763
1880 402 828
1880 284 529
1880 45 874
1880 57 871
1880 299 569
1880 217 626
1900 300 662
1900 428 433
1900 346 514
1900 261 496
1900 429 428
1900 352 474
1900 444 410
1900 263 566
1900 352 832
1900 405 829
1900 383 859
1900 387 493
1900 60 774
1900 242 535
1900 345 523
1900 461 829
1900 405 831
1900 285 528
1900 440 383
1900 299 568
1900 216 627
1900 235 738
1920 295 675
1920 178 605
1920 425 409
1920 264 502
1920 386 734
1920 413 899
1920 398 367
1920 81 685
1920 263 568
1920 179 621
1920 353 842
1920 304 665
1920 403 857
1920 379 788
1920 363 860
1920 457 714
1920 296 440
1920 240 530
1920 158 640
1920 30 363
1920 401 828
1920 282 526
1920 421 914
1920 403 341
1920 395 354
1920 24 978
1920 301 570
1920 217 626
1940 102 587
1940 465 297
1940 362 994
1940 464 307
1940 260 503
1940 423 571
1940 360 981
1940 236 427
1940 358 296
1940 290 739
1940 264 566
1940 357 834
1940 310 664
1940 403 830
1940 373 299
1940 347 744
1940 371 866
1940 278 667
1940 290 738
1940 241 531
1940 350 734
1940 287 738
1940 148 499
1940 463 869
1940 363 981
1940 32 414
1940 403 829
1940 285 524
1940 412 319
1940 300 570
1940 217 628
1940 414 303
1940 72 592
1940 349 733
1960 160 447
1960 65 511
1960 305 668
1960 432 183
1960 435 559
1960 86 505
1960 407 223
1960 97 417
1960 262 504
1960 418 566
1960 344 217
1960 370 194
1960 193 751
1960 420 942
1960 318 1074
1960 265 569
1960 355 831
1960 95 410
1960 390 845
1960 363 209
1960 379 861
1960 337 204
1960 239 530
1960 283 528
1960 429 937
1960 255 725
1960 300 567
1960 217 625
1960 213 477
1980 373 1041
1980 180 485
1980 100 440
1980 255 1149
1980 263 504
1980 240 1325
1980 315 127
1980 370 107
1980 359 489
1980 264 570
1980 352 838
1980 109 462
1980 401 830
1980 383 864
1980 149 719
1980 372 476
1980 107 254
1980 62 780
1980 239 533
1980 448 884
1980 278 1186
1980 403 828
1980 284 527
1980 300 568
1980 218 625
