1800 299 571
1800 447 601
1800 77 476
1800 312 813
1800 258 499
1800 274 660
1800 439 824
1800 368 761
1800 260 566
1800 369 757
1800 215 622
1800 276 659
1800 307 667
1800 388 815
1800 315 813
1800 474 622
1800 184 1331
1800 239 532
1800 314 817
1800 287 1112
1800 440 820
1800 75 480
1800 315 817
1800 292 1124
1800 290 1109
1800 394 826
1800 186 1340
1800 439 823
1800 261 74
1800 284 531
1800 36 916
1800 298 579
1800 257 52
1820 298 571
1820 414 517
1820 457 636
1820 83 416
1820 354 668
1820 275 850
1820 257 498
1820 232 1279
1820 273 661
1820 353 666
1820 270 862
1820 273 850
1820 417 838
1820 277 849
1820 431 519
1820 454 637
1820 217 623
1820 257 568
1820 356 834
1820 216 621
1820 301 669
1820 359 836
1820 377 843
1820 419 839
1820 227 1259
1820 233 538
1820 304 660
1820 83 415
1820 225 1246
1820 454 640
1820 282 527
1820 419 386
1820 352 669
1820 35 893
1820 298 573
1820 223 1230
1820 414 636
1820 300 673
1840 295 566
1840 79 452
1840 257 499
1840 273 670
1840 373 850
1840 359 623
1840 367 626
1840 297 672
1840 361 499
1840 314 865
1840 359 289
1840 217 624
1840 256 567
1840 427 643
1840 351 837
1840 153 1339
1840 216 624
1840 300 662
1840 354 839
1840 388 851
1840 334 867
1840 238 534
1840 408 837
1840 186 1367
1840 285 529
1840 52 902
1840 80 454
1840 51 915
1840 296 567
1840 358 621
1840 295 668
1860 371 555
1860 75 460
1860 356 696
1860 258 499
1860 276 664
1860 362 686
1860 311 184
1860 339 494
1860 478 506
1860 385 703
1860 216 622
1860 262 565
1860 386 689
1860 341 850
1860 216 623
1860 302 665
1860 341 850
1860 383 855
1860 342 851
1860 342 850
1860 475 519
1860 371 560
1860 238 534
1860 476 515
1860 340 849
1860 74 456
1860 217 625
1860 401 832
1860 286 531
1860 354 696
1860 54 914
1860 74 461
1860 64 948
1860 298 574
1860 371 560
1860 302 666
1880 347 515
1880 62 525
1880 296 572
1880 389 853
1880 466 437
1880 466 436
1880 336 748
1880 331 750
1880 346 516
1880 264 492
1880 269 679
1880 346 516
1880 437 498
1880 215 618
1880 255 574
1880 337 747
1880 349 852
1880 63 524
1880 215 619
1880 301 666
1880 349 852
1880 379 852
1880 346 863
1880 348 855
1880 348 820
1880 238 533
1880 332 749
1880 277 662
1880 337 508
1880 63 524
1880 346 862
1880 384 852
1880 275 86
1880 282 527
1880 45 863
1880 62 526
1880 45 870
1880 296 573
1880 296 657
1900 352 475
1900 228 716
1900 233 671
1900 429 458
1900 473 818
1900 259 495
1900 279 654
1900 238 728
1900 53 781
1900 354 480
1900 465 823
1900 476 745
1900 389 494
1900 84 759
1900 216 624
1900 441 390
1900 260 565
1900 60 640
1900 216 624
1900 299 666
1900 346 852
1900 232 679
1900 381 853
1900 342 858
1900 346 857
1900 465 823
1900 473 810
1900 64 775
1900 240 534
1900 241 681
1900 87 766
1900 467 820
1900 346 856
1900 391 857
1900 288 532
1900 466 820
1900 436 387
1900 298 567
1900 230 691
1900 298 662
1920 401 383
1920 443 468
1920 157 639
1920 103 676
1920 263 500
1920 277 673
1920 104 673
1920 30 747
1920 405 895
1920 155 636
1920 156 637
1920 418 904
1920 382 748
1920 397 404
1920 261 561
1920 80 685
1920 359 826
1920 357 824
1920 216 624
1920 299 664
1920 348 849
1920 374 859
1920 351 852
1920 347 850
1920 429 913
1920 296 438
1920 354 820
1920 78 685
1920 239 531
1920 296 437
1920 393 537
1920 457 712
1920 347 847
1920 379 860
1920 393 747
1920 280 526
1920 410 897
1920 421 398
1920 399 341
1920 27 1011
1920 304 595
1920 40 252
1920 104 674
1940 70 592
1940 397 834
1940 384 266
1940 473 876
1940 288 732
1940 370 991
1940 287 733
1940 244 506
1940 273 675
1940 228 433
1940 370 987
1940 354 737
1940 388 266
1940 464 878
1940 358 981
1940 461 291
1940 124 516
1940 216 620
1940 264 559
1940 342 743
1940 353 735
1940 348 845
1940 102 585
1940 70 588
1940 215 621
1940 304 671
1940 342 859
1940 380 858
1940 145 495
1940 376 292
1940 348 852
1940 466 860
1940 286 734
1940 146 497
1940 237 532
1940 283 738
1940 283 737
1940 463 864
1940 101 581
1940 342 860
1940 236 434
1940 376 857
1940 355 981
1940 281 732
1940 284 525
1940 462 875
1940 418 296
1940 101 583
1940 298 574
1940 45 255
1960 158 446
1960 57 511
1960 425 212
1960 423 556
1960 437 562
1960 91 408
1960 384 221
1960 261 502
1960 287 689
1960 304 1050
1960 366 179
1960 366 178
1960 302 668
1960 424 936
1960 192 746
1960 119 387
1960 429 942
1960 421 555
1960 216 625
1960 266 563
1960 67 510
1960 210 621
1960 252 725
1960 301 669
1960 354 879
1960 384 856
1960 339 214
1960 212 476
1960 340 872
1960 347 856
1960 155 448
1960 302 670
1960 242 531
1960 300 1058
1960 312 1077
1960 122 387
1960 61 508
1960 348 869
1960 60 503
1960 303 1051
1960 368 208
1960 88 404
1960 285 529
1960 427 941
1960 160 444
1960 68 501
1960 300 562
1960 300 672
1980 177 485
1980 80 417
1980 250 1142
1980 275 658
1980 263 506
1980 256 1156
1980 272 664
1980 367 95
1980 357 492
1980 453 935
1980 97 448
1980 405 1040
1980 384 487
1980 100 453
1980 215 614
1980 261 564
1980 351 840
1980 214 611
1980 272 684
1980 343 860
1980 387 855
1980 349 844
1980 347 855
1980 457 906
1980 460 933
1980 350 830
1980 90 754
1980 236 537
1980 451 890
1980 341 873
1980 373 93
1980 397 836
1980 70 420
1980 283 530
1980 177 484
1980 36 1039
1980 70 425
1980 300 569
