1800 372 755
1800 413 821
1800 427 819
1800 242 530
1800 75 491
1800 44 922
1800 429 608
1800 263 500
1800 391 826
1800 300 567
1800 284 533
1800 222 627
1800 292 1112
1800 302 650
1800 265 580
1805 411 844
1805 243 531
1805 76 461
1805 38 917
1805 278 1152
1805 429 611
1805 365 743
1805 262 500
1805 384 818
1805 423 835
1805 298 564
1805 283 535
1805 221 628
1805 267 1138
1805 306 661
1805 260 568
1805 307 831
1810 369 54
1810 413 840
1810 241 531
1810 66 434
1810 44 922
1810 272 1234
1810 446 626
1810 270 1231
1810 262 500
1810 378 848
1810 424 847
1810 299 566
1810 284 532
1810 219 628
1810 305 659
1810 79 422
1810 261 567
1810 300 836
1815 365 831
1815 417 839
1815 244 525
1815 286 672
1815 41 897
1815 257 1275
1815 458 597
1815 252 1246
1815 262 499
1815 386 846
1815 235 1202
1815 416 845
1815 281 669
1815 299 569
1815 283 529
1815 218 623
1815 295 666
1815 85 418
1815 263 568
1820 427 390
1820 420 836
1820 244 532
1820 359 668
1820 43 884
1820 452 625
1820 259 500
1820 384 849
1820 221 1231
1820 432 860
1820 437 661
1820 300 565
1820 283 527
1820 219 622
1820 313 670
1820 90 419
1820 262 565
1825 406 518
1825 414 820
1825 243 533
1825 353 662
1825 280 661
1825 42 901
1825 438 629
1825 261 501
1825 384 862
1825 202 1285
1825 423 854
1825 279 661
1825 300 566
1825 284 532
1825 219 625
1825 309 660
1825 94 415
1825 264 562
1830 357 837
1830 385 517
1830 375 35
1830 414 838
1830 244 533
1830 298 659
1830 50 903
1830 444 639
1830 262 500
1830 382 851
1830 193 1341
1830 429 636
1830 303 567
1830 282 532
1830 219 624
1830 320 663
1830 95 419
1830 265 570
1830 294 873
1835 360 838
1835 170 1293
1835 417 853
1835 244 533
1835 353 627
1835 288 663
1835 81 446
1835 52 921
1835 378 505
1835 263 499
1835 384 851
1835 179 1315
1835 436 664
1835 300 568
1835 281 526
1835 218 621
1835 316 664
1835 17 385
1835 259 570
1835 305 855
1840 360 838
1840 400 313
1840 408 834
1840 433 649
1840 245 531
1840 368 625
1840 283 671
1840 81 459
1840 52 893
1840 262 501
1840 388 850
1840 280 669
1840 432 648
1840 300 564
1840 284 526
1840 219 629
1840 304 669
1840 260 573
1840 321 856
1845 356 836
1845 359 505
1845 408 832
1845 401 667
1845 242 532
1845 331 862
1845 366 604
1845 81 461
1845 48 893
1845 261 499
1845 387 865
1845 364 599
1845 419 656
1845 300 569
1845 285 525
1845 221 629
1845 317 672
1845 261 566
1845 335 861
1850 343 491
1850 358 825
1850 407 828
1850 393 669
1850 243 528
1850 342 854
1850 366 589
1850 79 463
1850 47 893
1850 261 501
1850 337 244
1850 399 827
1850 339 237
1850 365 587
1850 279 657
1850 304 570
1850 287 526
1850 218 631
1850 327 689
1850 260 561
1855 338 496
1855 353 828
1855 405 833
1855 391 687
1855 241 528
1855 390 684
1855 78 463
1855 47 896
1855 262 501
1855 394 843
1855 372 566
1855 307 580
1855 288 527
1855 221 629
1855 332 691
1855 265 560
1860 341 499
1860 359 832
1860 344 502
1860 318 186
1860 404 829
1860 390 693
1860 243 532
1860 380 701
1860 299 668
1860 78 463
1860 378 560
1860 261 505
1860 382 859
1860 373 561
1860 303 575
1860 285 527
1860 220 634
1860 265 569
1865 340 500
1865 357 823
1865 301 579
1865 350 519
1865 403 827
1865 386 708
1865 247 529
1865 74 461
1865 51 919
1865 377 550
1865 257 507
1865 387 858
1865 307 574
1865 286 526
1865 220 629
1865 311 672
1865 264 568
1870 346 507
1870 339 708
1870 353 825
1870 298 570
1870 351 518
1870 461 511
1870 248 531
1870 276 661
1870 69 494
1870 44 889
1870 378 530
1870 269 492
1870 386 857
1870 304 563
1870 285 520
1870 217 625
1870 318 662
1870 260 561
1875 349 512
1875 331 736
1875 349 855
1875 469 433
1875 246 531
1875 291 606
1875 63 514
1875 46 874
1875 380 517
1875 276 492
1875 382 857
1875 300 568
1875 282 503
1875 217 624
1875 317 677
1875 57 1168
1875 256 563
1875 300 660
1880 348 507
1880 330 751
1880 364 846
1880 300 560
1880 363 521
1880 467 428
1880 401 830
1880 245 529
1880 289 572
1880 44 866
1880 379 507
1880 267 494
1880 387 861
1880 409 838
1880 300 561
1880 282 523
1880 221 625
1880 323 672
1880 266 560
1885 363 844
1885 344 523
1885 461 413
1885 413 842
1885 244 531
1885 284 685
1885 51 853
1885 373 492
1885 262 501
1885 370 488
1885 385 861
1885 300 569
1885 286 524
1885 219 630
1885 327 688
1885 265 563
1890 338 521
1890 348 855
1890 348 521
1890 459 412
1890 402 838
1890 245 524
1890 274 729
1890 374 485
1890 275 670
1890 468 466
1890 259 501
1890 372 480
1890 390 863
1890 299 568
1890 287 530
1890 219 632
1890 266 555
1890 69 814
1890 279 757
1895 347 507
1895 359 832
1895 353 510
1895 443 441
1895 404 828
1895 241 531
1895 287 686
1895 271 725
1895 255 501
1895 359 469
1895 387 861
1895 299 567
1895 283 528
1895 218 638
1895 263 564
1895 70 780
1895 258 720
1900 345 504
1900 75 777
1900 349 853
1900 356 495
1900 435 425
1900 402 829
1900 246 532
1900 434 384
1900 392 499
1900 235 693
1900 259 496
1900 355 472
1900 385 856
1900 308 581
1900 286 529
1900 217 634
1900 267 569
1905 338 468
1905 109 754
1905 346 475
1905 429 403
1905 404 828
1905 248 537
1905 426 379
1905 278 666
1905 370 493
1905 228 664
1905 266 498
1905 365 483
1905 387 860
1905 439 856
1905 280 663
1905 471 761
1905 302 568
1905 286 527
1905 218 639
1905 267 571
1905 65 688
1910 335 459
1910 106 718
1910 358 487
1910 430 367
1910 419 844
1910 242 529
1910 288 605
1910 381 512
1910 265 501
1910 349 478
1910 428 368
1910 381 861
1910 225 667
1910 428 871
1910 303 571
1910 285 521
1910 219 641
1910 303 655
1910 260 581
1910 71 723
1910 337 472
1915 331 463
1915 195 663
1915 90 691
1915 404 398
1915 425 382
1915 41 231
1915 417 849
1915 167 659
1915 241 532
1915 92 695
1915 380 542
1915 268 502
1915 409 362
1915 383 851
1915 412 898
1915 286 527
1915 220 633
1915 265 571
1915 81 703
1920 202 614
1920 42 748
1920 354 829
1920 393 549
1920 450 420
1920 175 603
1920 394 734
1920 243 537
1920 100 684
1920 299 443
1920 261 496
1920 401 344
1920 387 834
1920 411 891
1920 303 571
1920 288 524
1920 220 636
1920 265 568
1920 80 783
1925 186 595
1925 441 396
1925 38 250
1925 239 535
1925 396 346
1925 281 668
1925 16 504
1925 311 461
1925 266 498
1925 279 436
1925 401 334
1925 374 853
1925 401 908
1925 299 495
1925 221 633
1925 306 667
1925 19 249
1925 265 566
1930 333 740
1930 366 847
1930 409 564
1930 40 261
1930 413 716
1930 392 934
1930 243 538
1930 84 644
1930 295 477
1930 264 504
1930 275 435
1930 379 849
1930 401 938
1930 304 565
1930 284 482
1930 269 437
1930 218 628
1930 268 561
1935 363 838
1935 48 263
1935 406 817
1935 374 959
1935 246 537
1935 13 446
1935 448 357
1935 423 564
1935 280 479
1935 257 440
1935 135 559
1935 302 569
1935 292 511
1935 216 629
1935 317 675
1935 267 565
1940 358 833
1940 468 304
1940 424 315
1940 367 981
1940 240 534
1940 304 653
1940 447 335
1940 423 579
1940 266 484
1940 383 855
1940 132 521
1940 447 866
1940 477 874
1940 301 569
1940 288 524
1940 153 530
1940 221 628
1940 317 667
1940 263 575
1945 125 486
1945 357 835
1945 411 267
1945 220 436
1945 48 260
1945 408 837
1945 365 1017
1945 240 536
1945 454 273
1945 423 567
1945 264 499
1945 396 832
1945 447 888
1945 302 568
1945 287 527
1945 145 464
1945 120 502
1945 219 636
1945 317 676
1945 264 568
1950 353 832
1950 255 741
1950 371 1173
1950 406 240
1950 430 908
1950 242 512
1950 293 684
1950 28 538
1950 418 570
1950 334 1034
1950 263 501
1950 443 898
1950 301 569
1950 288 528
1950 133 452
1950 226 611
1950 309 679
1950 324 1023
1950 265 573
1950 191 442
1950 251 749
1950 213 439
1955 201 750
1955 332 1037
1955 442 204
1955 376 204
1955 37 252
1955 227 472
1955 413 835
1955 240 519
1955 271 766
1955 26 580
1955 421 566
1955 264 503
1955 386 833
1955 183 437
1955 417 920
1955 301 569
1955 286 527
1955 222 632
1955 23 390
1955 265 571
1955 73 517
1960 93 488
1960 430 244
1960 324 1077
1960 392 156
1960 42 254
1960 428 935
1960 415 954
1960 241 528
1960 72 504
1960 276 728
1960 425 544
1960 266 503
1960 398 848
1960 343 205
1960 95 414
1960 418 944
1960 301 567
1960 288 527
1960 216 626
1960 302 672
1960 265 567
1960 216 476
1960 248 717
1965 353 820
1965 357 38
1965 370 168
1965 48 260
1965 402 824
1965 408 989
1965 241 540
1965 68 490
1965 420 545
1965 234 705
1965 265 502
1965 393 832
1965 352 196
1965 415 988
1965 301 568
1965 286 527
1965 163 750
1965 226 623
1965 283 1092
1965 298 672
1965 91 376
1965 267 573
1970 345 166
1970 405 833
1970 383 1011
1970 241 534
1970 294 675
1970 74 460
1970 399 540
1970 264 504
1970 195 479
1970 302 565
1970 284 525
1970 136 448
1970 224 628
1970 273 1114
1970 296 680
1970 43 313
1970 264 565
1970 431 996
1975 356 829
1975 438 109
1975 407 127
1975 340 141
1975 101 296
1975 403 826
1975 240 528
1975 285 672
1975 63 453
1975 382 505
1975 264 502
1975 394 821
1975 302 567
1975 288 524
1975 131 462
1975 213 637
1975 278 1144
1975 70 433
1975 267 559
1975 419 1017
1980 348 1135
1980 376 94
1980 337 134
1980 86 279
1980 242 532
1980 282 660
1980 54 446
1980 369 484
1980 381 113
1980 266 502
1980 355 485
1980 389 860
1980 185 482
1980 301 569
1980 285 526
1980 159 722
1980 225 627
1980 274 1150
1980 84 408
1980 266 566
1985 63 760
1985 351 824
1985 343 1138
1985 331 123
1985 243 535
1985 282 681
1985 103 227
1985 74 400
1985 265 502
1985 364 440
1985 387 856
1985 178 487
1985 446 894
1985 306 579
1985 285 526
1985 216 629
1985 297 667
1985 82 392
1985 266 575
1985 70 757
1990 336 434
1990 101 730
1990 352 829
1990 346 1093
1990 337 74
1990 61 263
1990 408 849
1990 240 534
1990 277 663
1990 102 223
1990 73 481
1990 237 1211
1990 236 1208
1990 263 501
1990 354 414
1990 338 85
1990 396 827
1990 177 491
1990 416 939
1990 303 569
1990 287 518
1990 219 631
1990 80 366
1990 267 569
1990 54 762
1990 351 418
1990 456 1079
1995 93 738
1995 354 827
1995 338 1130
1995 349 402
1995 334 64
1995 45 257
1995 402 837
1995 240 539
1995 292 663
1995 87 174
1995 65 481
1995 265 500
1995 329 76
1995 391 839
1995 213 1211
1995 417 943
1995 301 568
1995 282 516
1995 220 628
1995 300 666
1995 83 360
1995 263 571
1995 342 410
