1800 368 765
1800 296 656
1800 403 827
1800 417 828
1800 304 815
1800 236 535
1800 71 489
1800 43 935
1800 433 614
1800 366 761
1800 259 502
1800 383 813
1800 427 828
1800 298 564
1800 278 541
1800 218 632
1800 299 661
1800 256 589
1800 277 655
1820 291 689
1820 425 515
1820 417 840
1820 235 533
1820 354 682
1820 40 900
1820 444 669
1820 378 837
1820 232 1280
1820 255 499
1820 373 845
1820 206 1263
1820 298 566
1820 281 528
1820 219 622
1820 330 712
1820 255 571
1840 351 840
1840 280 681
1840 408 835
1840 233 539
1840 360 632
1840 74 455
1840 46 917
1840 377 853
1840 258 503
1840 358 503
1840 374 881
1840 360 630
1840 430 645
1840 297 568
1840 281 526
1840 217 621
1840 306 606
1840 254 582
1860 373 708
1860 338 855
1860 292 690
1860 314 187
1860 396 831
1860 376 710
1860 229 550
1860 377 708
1860 74 457
1860 41 954
1860 374 850
1860 258 508
1860 374 855
1860 304 578
1860 282 529
1860 217 615
1860 374 711
1860 256 577
1880 317 803
1880 283 670
1880 430 497
1880 397 854
1880 231 536
1880 41 891
1880 375 511
1880 384 853
1880 262 496
1880 372 869
1880 299 566
1880 280 523
1880 220 609
1880 257 577
1900 80 761
1900 293 709
1900 348 474
1900 443 393
1900 399 838
1900 236 533
1900 431 389
1900 228 703
1900 392 871
1900 258 501
1900 356 475
1900 363 848
1900 299 567
1900 281 527
1900 218 629
1900 259 567
1900 60 781
1900 242 730
1920 284 680
1920 40 257
1920 402 843
1920 147 652
1920 420 917
1920 229 547
1920 371 792
1920 256 511
1920 368 844
1920 403 945
1920 305 576
1920 282 531
1920 219 637
1920 257 576
1940 129 525
1940 289 679
1940 405 273
1940 388 263
1940 392 279
1940 54 257
1940 392 842
1940 67 605
1940 366 984
1940 233 542
1940 451 284
1940 422 582
1940 379 997
1940 377 848
1940 260 500
1940 420 316
1940 361 858
1940 450 878
1940 297 572
1940 286 527
1940 215 619
1940 307 685
1940 256 584
1960 52 258
1960 422 900
1960 223 491
1960 62 512
1960 370 173
1960 265 714
1960 418 565
1960 376 818
1960 264 502
1960 369 862
1960 337 213
1960 434 946
1960 298 570
1960 280 531
1960 214 630
1960 297 684
1960 257 582
1960 250 728
1960 118 390
1980 107 469
1980 275 676
1980 342 1126
1980 85 268
1980 398 832
1980 234 538
1980 108 274
1980 55 442
1980 362 492
1980 383 860
1980 264 503
1980 351 487
1980 369 867
1980 297 573
1980 279 526
1980 157 726
1980 224 624
1980 265 1175
1980 258 579
1980 421 1042
