1800 367 762
1800 290 573
1800 265 69
1800 406 824
1800 315 808
1800 240 536
1800 76 490
1800 45 925
1800 288 1129
1800 429 612
1800 369 760
1800 261 502
1800 392 821
1800 300 570
1800 284 535
1800 220 634
1800 291 1112
1800 303 656
1800 15 352
1800 263 572
1820 357 840
1820 298 565
1820 418 832
1820 240 534
1820 358 668
1820 38 882
1820 455 635
1820 239 1299
1820 258 502
1820 383 847
1820 219 1230
1820 415 654
1820 301 566
1820 285 531
1820 219 626
1820 93 418
1820 259 569
1840 341 901
1840 241 534
1840 320 863
1840 359 608
1840 80 456
1840 52 891
1840 261 502
1840 389 861
1840 427 649
1840 300 570
1840 284 528
1840 219 629
1840 260 568
1860 342 498
1860 349 854
1860 349 839
1860 284 617
1860 343 500
1860 316 185
1860 397 812
1860 384 695
1860 240 535
1860 386 700
1860 77 460
1860 55 920
1860 375 560
1860 389 849
1860 260 506
1860 383 858
1860 372 558
1860 316 598
1860 287 530
1860 221 631
1860 263 565
1880 344 818
1880 293 569
1880 431 500
1880 396 828
1880 314 729
1880 238 532
1880 43 861
1880 379 507
1880 271 495
1880 389 856
1880 300 565
1880 285 528
1880 220 626
1880 264 562
1900 351 837
1900 295 552
1900 355 476
1900 433 439
1900 398 833
1900 242 533
1900 393 497
1900 238 700
1900 262 505
1900 355 474
1900 385 861
1900 476 759
1900 309 575
1900 287 532
1900 218 633
1900 264 568
1900 243 733
1920 331 474
1920 182 610
1920 354 826
1920 354 827
1920 394 548
1920 446 437
1920 173 604
1920 393 745
1920 240 539
1920 397 350
1920 90 689
1920 20 506
1920 363 819
1920 265 504
1920 399 339
1920 378 854
1920 417 903
1920 301 568
1920 288 528
1920 220 636
1920 266 578
1920 86 751
1920 106 676
1940 359 974
1940 353 834
1940 294 579
1940 387 263
1940 361 983
1940 239 534
1940 74 589
1940 423 581
1940 268 484
1940 247 446
1940 378 858
1940 132 515
1940 475 864
1940 302 570
1940 288 531
1940 143 493
1940 153 513
1940 219 632
1940 306 673
1940 263 574
1940 102 589
1960 93 455
1960 346 835
1960 361 839
1960 290 569
1960 316 1077
1960 427 941
1960 239 528
1960 67 502
1960 297 1069
1960 265 715
1960 426 547
1960 385 837
1960 267 504
1960 388 855
1960 341 207
1960 417 949
1960 301 568
1960 287 528
1960 162 438
1960 218 625
1960 263 575
1960 256 725
1980 352 827
1980 298 571
1980 322 131
1980 398 824
1980 239 532
1980 27 409
1980 365 488
1980 266 1176
1980 266 504
1980 356 486
1980 393 852
1980 300 570
1980 286 531
1980 158 722
1980 220 623
1980 273 1153
1980 85 411
1980 262 570
1980 246 1148
1980 411 1019
