1800 398 825
1800 316 820
1800 234 535
1800 72 486
1800 45 944
1800 431 608
1800 260 511
1800 388 820
1800 299 565
1800 281 530
1800 215 627
1800 301 651
1800 260 589
1820 408 523
1820 236 534
1820 44 916
1820 411 638
1820 250 1306
1820 253 505
1820 433 396
1820 375 851
1820 300 564
1820 284 526
1820 217 625
1820 350 682
1820 257 587
1840 234 536
1840 254 510
1840 375 865
1840 418 660
1840 299 565
1840 284 523
1840 215 628
1840 298 662
1840 257 604
1860 303 190
1860 403 827
1860 233 559
1860 73 455
1860 256 508
1860 382 865
1860 309 583
1860 284 525
1860 214 629
1860 354 808
1860 250 591
1880 323 781
1880 400 829
1880 319 746
1880 231 537
1880 263 497
1880 383 866
1880 299 561
1880 283 522
1880 217 633
1880 331 754
1880 265 596
1880 348 850
1900 345 477
1900 452 392
1900 397 825
1900 236 535
1900 435 389
1900 231 675
1900 255 504
1900 356 473
1900 379 871
1900 302 579
1900 283 526
1900 217 635
1900 258 579
1900 71 765
1900 350 838
1900 239 726
1920 155 652
1920 232 544
1920 255 521
1920 369 851
1920 407 890
1920 302 573
1920 285 526
1920 216 640
1920 253 578
1920 365 834
1940 451 334
1940 386 253
1940 52 257
1940 400 832
1940 356 988
1940 232 544
1940 453 315
1940 253 502
1940 375 853
1940 298 569
1940 288 519
1940 213 630
1940 344 752
1940 256 593
1960 440 941
1960 226 519
1960 63 506
1960 416 556
1960 262 505
1960 368 178
1960 377 874
1960 299 565
1960 286 528
1960 212 637
1960 258 594
1980 278 671
1980 315 133
1980 405 829
1980 237 539
1980 65 434
1980 262 505
1980 355 486
1980 374 866
1980 299 568
1980 281 526
1980 215 611
1980 256 588
