1800 306 657
1800 415 840
1800 318 813
1800 239 532
1800 75 493
1800 43 931
1800 428 608
1800 366 760
1800 259 503
1800 393 832
1800 300 569
1800 285 532
1800 220 623
1800 290 1112
1800 304 653
1800 16 366
1800 263 580
1800 312 814
1820 307 658
1820 428 853
1820 239 536
1820 353 668
1820 284 671
1820 44 894
1820 451 632
1820 231 1284
1820 255 500
1820 385 847
1820 218 1233
1820 427 642
1820 301 565
1820 284 527
1820 218 624
1820 306 660
1820 85 421
1820 256 565
1840 281 669
1840 243 535
1840 359 616
1840 79 456
1840 52 891
1840 258 502
1840 392 852
1840 426 652
1840 300 566
1840 282 527
1840 218 626
1840 285 669
1840 256 571
1860 343 503
1860 349 852
1860 303 662
1860 341 503
1860 312 182
1860 403 830
1860 389 702
1860 237 536
1860 76 459
1860 375 560
1860 257 506
1860 385 862
1860 304 573
1860 287 528
1860 220 634
1860 305 665
1860 259 566
1880 348 506
1880 326 770
1880 298 668
1880 431 500
1880 399 832
1880 321 734
1880 239 528
1880 271 670
1880 43 866
1880 377 510
1880 263 495
1880 381 855
1880 301 563
1880 283 524
1880 222 627
1880 263 566
1900 347 495
1900 71 782
1900 299 665
1900 351 472
1900 439 433
1900 402 836
1900 241 533
1900 433 387
1900 391 499
1900 235 699
1900 255 501
1900 346 473
1900 386 859
1900 308 571
1900 285 531
1900 218 633
1900 304 666
1900 262 565
1900 56 799
1920 185 614
1920 25 706
1920 302 670
1920 449 430
1920 177 606
1920 396 751
1920 240 536
1920 296 445
1920 261 497
1920 404 341
1920 397 351
1920 377 848
1920 412 896
1920 304 575
1920 287 527
1920 220 635
1920 260 569
1940 355 978
1940 306 672
1940 395 265
1940 386 255
1940 403 831
1940 366 981
1940 238 536
1940 422 579
1940 353 735
1940 258 496
1940 228 435
1940 385 855
1940 300 571
1940 288 526
1940 142 491
1940 138 523
1940 219 629
1940 311 666
1940 262 575
1960 301 678
1960 305 1086
1960 427 957
1960 240 529
1960 64 506
1960 423 544
1960 265 503
1960 391 862
1960 338 202
1960 301 568
1960 287 525
1960 218 627
1960 299 681
1960 259 567
1980 105 429
1980 351 855
1980 296 654
1980 308 115
1980 401 834
1980 240 533
1980 105 285
1980 28 426
1980 367 492
1980 259 1193
1980 263 504
1980 390 855
1980 447 897
1980 300 570
1980 283 526
1980 157 723
1980 270 1156
1980 78 412
1980 261 570
