1800 298 656
1800 410 827
1800 240 532
1800 78 484
1800 44 931
1800 287 1122
1800 428 611
1800 369 759
1800 260 500
1800 394 823
1800 435 828
1800 300 566
1800 284 531
1800 220 632
1800 303 649
1800 13 323
1800 263 576
1820 360 833
1820 296 635
1820 424 523
1820 427 850
1820 240 532
1820 360 669
1820 37 883
1820 454 639
1820 236 1288
1820 257 501
1820 386 847
1820 220 1230
1820 416 635
1820 300 564
1820 284 527
1820 219 621
1820 305 655
1820 258 564
1840 349 884
1840 281 666
1840 242 532
1840 365 618
1840 80 453
1840 53 915
1840 431 644
1840 260 499
1840 390 869
1840 421 654
1840 301 562
1840 284 524
1840 219 628
1840 288 665
1840 258 571
1860 341 498
1860 352 837
1860 286 653
1860 342 500
1860 316 185
1860 402 825
1860 388 691
1860 240 533
1860 356 828
1860 381 693
1860 76 455
1860 53 927
1860 376 562
1860 259 502
1860 385 861
1860 303 568
1860 287 528
1860 221 630
1860 301 663
1860 262 566
1880 346 510
1880 352 827
1880 357 837
1880 297 665
1880 432 501
1880 397 829
1880 239 530
1880 42 865
1880 379 511
1880 266 494
1880 387 860
1880 420 918
1880 300 561
1880 281 520
1880 220 626
1880 304 657
1880 263 564
1900 355 839
1900 91 749
1900 353 827
1900 297 666
1900 353 475
1900 436 455
1900 402 828
1900 243 531
1900 393 501
1900 234 684
1900 257 497
1900 345 472
1900 386 856
1900 477 771
1900 311 581
1900 286 529
1900 219 633
1900 299 665
1900 264 565
1900 62 770
1920 332 477
1920 186 608
1920 356 826
1920 118 680
1920 359 823
1920 448 442
1920 167 608
1920 395 742
1920 244 540
1920 407 376
1920 261 501
1920 396 349
1920 381 860
1920 414 894
1920 305 571
1920 286 526
1920 220 633
1920 296 666
1920 262 567
1920 78 788
1940 359 976
1940 347 817
1940 355 829
1940 297 675
1940 391 264
1940 365 982
1940 239 533
1940 423 578
1940 265 469
1940 386 863
1940 129 519
1940 475 879
1940 302 568
1940 286 527
1940 148 495
1940 219 632
1940 304 674
1940 262 573
1940 100 587
1960 89 486
1960 346 825
1960 359 843
1960 292 674
1960 437 556
1960 46 261
1960 421 948
1960 239 527
1960 61 507
1960 188 751
1960 426 547
1960 373 816
1960 266 502
1960 392 846
1960 358 186
1960 302 566
1960 286 528
1960 217 625
1960 297 683
1960 261 568
1980 354 828
1980 303 121
1980 89 277
1980 401 827
1980 239 534
1980 52 446
1980 258 1163
1980 265 502
1980 354 485
1980 447 891
1980 301 565
1980 283 526
1980 161 721
1980 228 611
1980 275 1153
1980 88 406
1980 261 569
1980 254 1147
1980 409 1029
