1800 368 761
1800 303 651
1800 405 827
1800 317 810
1800 238 534
1800 76 492
1800 46 923
1800 436 607
1800 369 762
1800 261 501
1800 394 832
1800 300 572
1800 282 533
1800 219 627
1800 303 655
1800 263 569
1820 298 663
1820 426 845
1820 240 532
1820 358 668
1820 38 880
1820 457 631
1820 239 1304
1820 257 502
1820 387 845
1820 220 1232
1820 414 648
1820 301 567
1820 283 528
1820 218 620
1820 88 420
1820 261 566
1840 355 838
1840 281 666
1840 416 655
1840 239 534
1840 80 456
1840 51 903
1840 259 502
1840 394 866
1840 416 664
1840 300 570
1840 283 527
1840 219 627
1840 295 672
1840 260 568
1860 340 498
1860 352 829
1860 293 677
1860 340 502
1860 315 184
1860 396 829
1860 387 705
1860 239 534
1860 380 693
1860 76 461
1860 55 923
1860 374 557
1860 258 505
1860 388 860
1860 371 556
1860 300 573
1860 285 529
1860 218 627
1860 264 566
1880 346 509
1880 349 850
1880 293 679
1880 432 498
1880 313 713
1880 398 833
1880 316 730
1880 237 531
1880 42 866
1880 378 507
1880 267 494
1880 387 861
1880 299 568
1880 282 524
1880 219 623
1880 263 563
1900 344 475
1900 355 832
1900 301 662
1900 349 481
1900 430 438
1900 398 838
1900 242 534
1900 391 495
1900 232 699
1900 266 503
1900 347 470
1900 387 861
1900 301 567
1900 285 531
1900 217 632
1900 266 566
1920 332 473
1920 186 611
1920 403 346
1920 436 909
1920 157 628
1920 396 748
1920 240 537
1920 93 685
1920 364 817
1920 264 501
1920 394 365
1920 378 864
1920 415 902
1920 307 580
1920 285 529
1920 218 637
1920 263 567
1920 68 775
1920 113 674
1940 350 788
1940 297 677
1940 386 264
1940 363 982
1940 238 532
1940 71 594
1940 423 579
1940 265 494
1940 390 866
1940 142 502
1940 302 570
1940 285 526
1940 146 495
1940 151 515
1940 218 629
1940 307 672
1940 264 569
1940 102 583
1960 346 839
1960 296 685
1960 313 1089
1960 426 948
1960 240 529
1960 67 502
1960 293 1079
1960 426 545
1960 378 817
1960 265 502
1960 391 862
1960 336 207
1960 415 955
1960 301 570
1960 286 529
1960 215 626
1960 299 679
1960 262 570
1980 354 829
1980 295 654
1980 326 130
1980 99 299
1980 238 532
1980 29 415
1980 265 503
1980 357 486
1980 395 849
1980 176 484
1980 300 572
1980 283 528
1980 159 721
1980 221 621
1980 265 1166
1980 84 410
1980 263 568
1980 248 1146
