1800 368 768
1800 302 666
1800 399 825
1800 431 823
1800 314 812
1800 238 534
1800 75 493
1800 43 927
1800 286 1119
1800 430 614
1800 369 763
1800 259 503
1800 392 817
1800 299 570
1800 283 532
1800 217 630
1800 287 1115
1800 304 659
1800 261 571
1820 362 841
1820 296 665
1820 423 526
1820 425 835
1820 239 533
1820 358 667
1820 38 888
1820 458 633
1820 233 1313
1820 256 503
1820 384 847
1820 218 1233
1820 412 658
1820 300 567
1820 283 526
1820 216 623
1820 89 419
1820 257 567
1840 353 833
1840 279 674
1840 422 652
1840 239 534
1840 356 840
1840 358 606
1840 78 457
1840 54 910
1840 259 503
1840 391 859
1840 359 608
1840 413 663
1840 299 568
1840 282 526
1840 216 626
1840 258 571
1860 340 501
1860 351 831
1860 284 673
1860 341 507
1860 313 183
1860 393 840
1860 386 704
1860 238 538
1860 366 689
1860 75 462
1860 55 933
1860 374 560
1860 258 505
1860 384 856
1860 313 582
1860 285 530
1860 218 629
1860 262 565
1880 346 513
1880 348 853
1880 289 685
1880 367 526
1880 431 499
1880 398 832
1880 317 732
1880 236 532
1880 43 867
1880 378 508
1880 268 497
1880 384 856
1880 299 567
1880 281 526
1880 218 627
1880 261 563
1900 348 474
1900 355 829
1900 300 665
1900 354 479
1900 436 432
1900 396 843
1900 241 533
1900 432 439
1900 58 643
1900 392 499
1900 232 703
1900 262 504
1900 348 472
1900 385 859
1900 298 567
1900 283 532
1900 216 630
1900 266 568
1900 241 729
1920 328 474
1920 182 611
1920 351 834
1920 294 681
1920 406 377
1920 448 421
1920 152 647
1920 390 745
1920 237 536
1920 401 342
1920 86 688
1920 380 760
1920 262 502
1920 396 350
1920 374 858
1920 417 902
1920 306 577
1920 284 528
1920 217 635
1920 261 568
1920 82 688
1940 359 979
1940 350 816
1940 293 687
1940 362 980
1940 237 533
1940 449 292
1940 422 582
1940 261 500
1940 453 279
1940 401 832
1940 134 519
1940 472 887
1940 300 570
1940 286 524
1940 146 497
1940 150 505
1940 217 630
1940 307 677
1940 259 575
1940 101 593
1960 346 840
1960 294 698
1960 318 1077
1960 414 249
1960 46 264
1960 425 946
1960 231 486
1960 64 509
1960 294 1074
1960 265 721
1960 425 555
1960 265 504
1960 390 857
1960 360 202
1960 430 945
1960 301 570
1960 286 528
1960 161 441
1960 213 626
1960 300 680
1960 260 570
1960 254 727
1960 52 507
1980 79 415
1980 353 837
1980 299 661
1980 321 124
1980 88 272
1980 399 831
1980 237 532
1980 27 419
1980 253 1164
1980 233 1240
1980 265 504
1980 357 488
1980 390 859
1980 175 485
1980 300 573
1980 284 527
1980 157 727
1980 216 624
1980 265 1172
1980 82 412
1980 260 571
1980 244 1148
