1800 304 649
1800 408 829
1800 239 533
1800 76 492
1800 48 926
1800 429 611
1800 367 762
1800 261 501
1800 391 813
1800 301 567
1800 285 533
1800 218 628
1800 299 1112
1800 305 651
1800 261 572
1820 302 656
1820 419 840
1820 237 534
1820 356 665
1820 42 878
1820 450 638
1820 241 1305
1820 258 500
1820 385 847
1820 221 1230
1820 420 635
1820 301 564
1820 284 527
1820 218 623
1820 87 418
1820 253 569
1840 352 835
1840 279 664
1840 240 534
1840 362 616
1840 81 457
1840 55 907
1840 260 499
1840 396 855
1840 421 656
1840 301 564
1840 284 526
1840 219 627
1840 256 571
1860 340 500
1860 377 705
1860 346 853
1860 298 673
1860 399 825
1860 386 693
1860 238 535
1860 366 688
1860 78 461
1860 55 934
1860 374 558
1860 260 503
1860 383 864
1860 303 571
1860 287 529
1860 221 630
1860 260 564
1880 347 508
1880 330 752
1880 286 668
1880 431 506
1880 396 832
1880 237 530
1880 45 863
1880 376 508
1880 266 496
1880 386 863
1880 405 835
1880 301 562
1880 278 513
1880 219 626
1880 262 568
1900 340 514
1900 296 671
1900 351 471
1900 428 430
1900 400 831
1900 242 533
1900 432 411
1900 392 496
1900 234 695
1900 259 498
1900 346 469
1900 385 861
1900 308 573
1900 286 529
1900 218 630
1900 262 563
1900 88 750
1920 103 680
1920 350 837
1920 286 669
1920 179 607
1920 392 746
1920 238 537
1920 380 368
1920 405 361
1920 263 500
1920 397 353
1920 382 835
1920 405 893
1920 301 564
1920 287 528
1920 220 634
1920 260 572
1940 349 851
1940 294 677
1940 390 262
1940 366 981
1940 237 534
1940 423 580
1940 264 474
1940 386 862
1940 302 569
1940 288 526
1940 146 536
1940 219 629
1940 261 572
1960 354 860
1960 299 684
1960 49 257
1960 240 529
1960 68 502
1960 295 1081
1960 424 548
1960 388 831
1960 265 501
1960 390 856
1960 340 200
1960 303 566
1960 286 528
1960 215 623
1960 259 569
1980 288 646
1980 312 124
1980 96 289
1980 400 828
1980 240 531
1980 112 257
1980 359 489
1980 264 502
1980 356 486
1980 390 854
1980 179 483
1980 301 567
1980 282 525
1980 163 725
1980 225 616
1980 273 1168
1980 88 404
1980 260 567
1980 247 1150
1980 412 1036
