1800 306 656
1800 416 831
1800 239 530
1800 77 489
1800 47 931
1800 430 612
1800 370 758
1800 260 501
1800 392 821
1800 299 567
1800 283 531
1800 220 632
1800 293 1113
1800 304 651
1800 262 572
1820 308 664
1820 430 855
1820 237 533
1820 358 671
1820 41 877
1820 456 640
1820 240 1300
1820 256 499
1820 385 847
1820 225 1233
1820 421 638
1820 299 565
1820 284 527
1820 219 621
1820 89 417
1820 255 568
1840 296 672
1840 239 532
1840 364 621
1840 80 454
1840 57 906
1840 260 499
1840 392 867
1840 418 652
1840 300 565
1840 284 526
1840 219 626
1840 258 570
1860 343 501
1860 348 849
1860 306 668
1860 344 501
1860 317 185
1860 402 827
1860 386 697
1860 238 534
1860 78 457
1860 56 925
1860 376 560
1860 259 503
1860 384 868
1860 302 573
1860 286 528
1860 220 631
1860 261 568
1880 330 749
1880 305 664
1880 432 504
1880 399 832
1880 236 529
1880 44 861
1880 378 507
1880 265 493
1880 389 863
1880 410 900
1880 300 566
1880 281 524
1880 311 699
1880 219 628
1880 262 565
1900 302 669
1900 353 474
1900 432 406
1900 242 531
1900 441 389
1900 237 702
1900 258 499
1900 346 473
1900 386 862
1900 304 562
1900 286 528
1900 218 633
1900 263 566
1900 66 778
1920 193 618
1920 113 683
1920 362 828
1920 306 669
1920 179 612
1920 395 742
1920 240 535
1920 397 333
1920 106 684
1920 368 801
1920 261 502
1920 398 342
1920 382 855
1920 417 900
1920 310 582
1920 287 527
1920 219 634
1920 263 572
1940 355 837
1940 314 670
1940 367 982
1940 236 534
1940 424 576
1940 261 496
1940 384 865
1940 130 501
1940 477 867
1940 301 570
1940 286 527
1940 219 631
1940 309 667
1940 261 571
1940 101 589
1960 99 443
1960 38 574
1960 302 674
1960 45 259
1960 240 529
1960 66 504
1960 299 1072
1960 426 547
1960 379 823
1960 265 502
1960 387 859
1960 361 202
1960 425 942
1960 302 567
1960 286 526
1960 216 626
1960 299 675
1960 87 404
1960 263 568
1980 354 834
1980 301 656
1980 314 127
1980 112 288
1980 239 530
1980 110 278
1980 30 400
1980 259 1178
1980 265 502
1980 356 486
1980 391 853
1980 178 484
1980 300 568
1980 285 527
1980 226 619
1980 279 1165
1980 84 408
1980 261 569
1980 252 1152
