1800 239 532
1800 76 478
1800 45 925
1800 455 638
1800 249 519
1800 429 835
1800 287 540
1800 271 538
1800 210 620
1800 295 632
1800 259 570
1820 233 543
1820 402 652
1820 228 1304
1820 247 518
1820 228 1273
1820 287 540
1820 273 522
1820 212 613
1820 298 665
1820 253 568
1840 390 654
1840 240 542
1840 77 451
1840 408 659
1840 249 521
1840 288 533
1840 277 522
1840 218 618
1840 281 672
1840 252 588
1860 353 832
1860 74 451
1860 248 513
1860 292 545
1860 273 529
1860 212 595
1860 292 660
1860 252 556
1880 365 523
1880 223 546
1880 254 503
1880 293 538
1880 275 504
1880 213 604
1880 283 707
1880 254 579
1900 347 470
1900 234 537
1900 475 754
1900 246 508
1900 338 471
1900 288 532
1900 275 525
1900 213 623
1900 294 673
1900 253 560
1900 72 778
1920 150 637
1920 231 545
1920 453 718
1920 405 895
1920 286 541
1920 275 515
1920 218 622
1920 288 684
1920 251 574
1940 371 242
1940 52 255
1940 77 581
1940 352 990
1940 235 552
1940 245 496
1940 294 547
1940 384 266
1940 281 510
1940 215 607
1940 300 679
1940 256 565
1960 424 542
1960 425 217
1960 41 283
1960 229 519
1960 344 214
1960 70 515
1960 253 512
1960 428 956
1960 289 530
1960 273 528
1960 211 619
1960 295 681
1960 251 559
1980 236 543
1980 65 429
1980 254 519
1980 290 530
1980 267 510
1980 290 662
1980 257 569
