1800 302 631
1800 408 829
1800 324 801
1800 236 529
1800 76 486
1800 41 906
1800 425 609
1800 370 752
1800 260 501
1800 388 804
1800 438 821
1800 301 565
1800 285 532
1800 217 626
1800 292 1113
1800 304 648
1800 260 568
1820 301 645
1820 406 517
1820 423 515
1820 222 1228
1820 420 836
1820 238 531
1820 41 880
1820 443 644
1820 239 1282
1820 255 499
1820 378 839
1820 218 1230
1820 301 562
1820 283 524
1820 218 612
1820 318 679
1820 261 549
1820 270 857
1840 352 829
1840 284 664
1840 415 828
1840 239 530
1840 358 608
1840 78 454
1840 409 818
1840 259 500
1840 357 503
1840 379 852
1840 428 645
1840 301 563
1840 285 523
1840 218 624
1840 301 599
1840 259 555
1860 348 824
1860 299 664
1860 311 181
1860 404 824
1860 382 692
1860 234 535
1860 370 684
1860 76 456
1860 375 554
1860 384 847
1860 258 505
1860 376 852
1860 307 574
1860 285 527
1860 220 618
1860 260 559
1880 328 747
1880 294 653
1880 429 494
1880 399 824
1880 326 716
1880 235 529
1880 374 507
1880 262 490
1880 373 861
1880 302 560
1880 281 518
1880 220 616
1880 260 550
1900 296 665
1900 350 470
1900 438 428
1900 404 827
1900 241 529
1900 391 495
1900 234 692
1900 255 500
1900 351 470
1900 375 856
1900 308 577
1900 284 527
1900 217 630
1900 308 663
1900 263 554
1900 76 758
1900 241 700
1920 89 680
1920 294 658
1920 462 432
1920 150 644
1920 379 737
1920 233 536
1920 11 496
1920 423 398
1920 375 749
1920 257 493
1920 399 332
1920 395 334
1920 378 837
1920 409 878
1920 301 566
1920 286 526
1920 219 634
1920 260 557
1940 350 817
1940 296 675
1940 392 263
1940 409 828
1940 366 981
1940 234 535
1940 8 581
1940 456 280
1940 421 581
1940 254 486
1940 377 843
1940 303 567
1940 287 518
1940 136 532
1940 216 624
1940 312 663
1940 262 562
1960 292 673
1960 323 1069
1960 50 256
1960 423 949
1960 224 476
1960 64 503
1960 262 707
1960 421 541
1960 264 501
1960 384 834
1960 331 190
1960 302 565
1960 287 524
1960 212 627
1960 304 663
1960 262 558
1980 292 631
1980 341 1132
1980 309 119
1980 106 289
1980 402 827
1980 238 530
1980 64 426
1980 360 489
1980 264 503
1980 351 486
1980 383 851
1980 445 892
1980 301 567
1980 283 525
1980 158 724
1980 226 612
1980 266 1165
1980 261 554
