1800 304 660
1800 415 823
1800 318 813
1800 239 531
1800 76 486
1800 37 907
1800 428 612
1800 371 763
1800 262 500
1800 394 819
1800 299 570
1800 284 534
1800 219 633
1800 295 1113
1800 303 652
1800 261 571
1820 293 663
1820 424 523
1820 426 854
1820 239 533
1820 357 666
1820 37 880
1820 453 631
1820 233 1297
1820 258 502
1820 384 847
1820 220 1230
1820 422 635
1820 298 567
1820 284 528
1820 217 624
1820 306 665
1820 255 569
1840 280 668
1840 421 664
1840 239 534
1840 78 455
1840 50 902
1840 260 501
1840 389 851
1840 420 656
1840 299 568
1840 284 525
1840 218 626
1840 258 567
1860 339 499
1860 356 849
1860 291 676
1860 342 499
1860 316 185
1860 402 824
1860 388 713
1860 239 532
1860 384 697
1860 76 457
1860 53 923
1860 375 562
1860 259 503
1860 384 860
1860 372 564
1860 301 572
1860 286 529
1860 219 632
1860 260 565
1880 348 509
1880 353 830
1880 290 669
1880 374 518
1880 430 500
1880 238 530
1880 41 868
1880 377 514
1880 269 492
1880 388 863
1880 299 567
1880 283 524
1880 219 628
1880 260 565
1900 351 476
1900 355 840
1900 89 750
1900 296 691
1900 353 477
1900 440 459
1900 405 830
1900 241 532
1900 426 460
1900 234 699
1900 262 504
1900 349 472
1900 386 856
1900 478 739
1900 303 566
1900 285 530
1900 217 631
1900 257 565
1920 184 614
1920 353 836
1920 371 849
1920 287 681
1920 399 346
1920 164 611
1920 397 756
1920 240 539
1920 263 504
1920 378 860
1920 414 901
1920 306 580
1920 288 527
1920 218 635
1920 263 577
1940 301 677
1940 450 865
1940 363 982
1940 237 530
1940 424 576
1940 262 500
1940 383 863
1940 477 871
1940 300 571
1940 287 529
1940 147 494
1940 218 634
1940 307 670
1940 261 573
1940 101 586
1960 88 488
1960 346 840
1960 368 856
1960 299 679
1960 425 547
1960 427 951
1960 233 525
1960 66 503
1960 425 545
1960 266 504
1960 386 856
1960 341 207
1960 411 924
1960 301 569
1960 287 527
1960 215 625
1960 260 567
1980 356 840
1980 290 663
1980 306 121
1980 75 313
1980 238 530
1980 23 424
1980 258 1181
1980 265 503
1980 356 486
1980 389 857
1980 446 893
1980 300 569
1980 285 528
1980 154 726
1980 218 623
1980 277 1166
1980 88 406
1980 258 574
1980 248 1146
1980 406 1025
