1800 441 814
1800 243 526
1800 465 626
1800 388 814
1800 444 826
1800 299 564
1800 282 531
1800 266 582
1820 428 539
1820 248 528
1820 430 393
1820 242 1297
1820 303 571
1820 287 531
1820 354 672
1820 261 583
1840 248 533
1840 357 289
1840 434 640
1840 398 651
1840 295 560
1840 295 532
1860 247 529
1860 387 688
1860 285 527
1860 354 707
1860 263 577
1880 373 511
1880 468 426
1880 249 535
1880 297 567
1880 290 522
1880 280 578
1900 454 420
1900 414 856
1900 248 529
1900 434 415
1900 435 385
1900 267 581
1920 409 906
1920 249 533
1920 378 835
1920 295 560
1920 290 442
1920 294 435
1920 272 577
1940 253 524
1940 355 981
1940 377 261
1940 297 559
1940 376 265
1940 269 541
1960 408 932
1960 254 534
1960 68 494
1960 428 537
1960 266 583
1960 218 475
1980 251 522
1980 370 860
1980 298 567
1980 268 587
