1800 375 778
1800 310 658
1800 411 831
1800 318 806
1800 239 533
1800 75 485
1800 43 906
1800 425 615
1800 261 502
1800 391 826
1800 420 815
1800 300 568
1800 287 535
1800 221 625
1800 304 653
1800 262 576
1820 423 835
1820 238 534
1820 351 665
1820 41 881
1820 447 642
1820 236 1292
1820 257 500
1820 381 846
1820 222 1233
1820 416 630
1820 300 564
1820 286 531
1820 219 621
1820 88 416
1820 259 565
1840 239 536
1840 355 614
1840 79 454
1840 260 501
1840 384 848
1840 428 652
1840 300 567
1840 288 526
1840 218 625
1840 258 568
1860 335 507
1860 387 696
1860 336 502
1860 310 183
1860 405 831
1860 387 704
1860 237 545
1860 372 690
1860 76 457
1860 374 555
1860 259 507
1860 384 860
1860 305 575
1860 289 530
1860 220 632
1860 264 570
1880 344 513
1880 330 754
1880 374 508
1880 431 493
1880 405 835
1880 323 726
1880 237 530
1880 375 505
1880 266 493
1880 378 856
1880 402 839
1880 301 565
1880 288 527
1880 221 623
1880 262 568
1900 341 516
1900 304 661
1900 345 510
1900 429 394
1900 404 833
1900 240 533
1900 432 383
1900 404 513
1900 234 706
1900 258 501
1900 350 472
1900 379 864
1900 305 572
1900 288 531
1900 216 636
1900 262 566
1900 74 767
1920 94 683
1920 155 642
1920 389 739
1920 237 540
1920 397 347
1920 420 395
1920 261 501
1920 412 358
1920 374 854
1920 409 898
1920 306 573
1920 291 529
1920 221 638
1920 263 567
1940 135 513
1940 359 978
1940 439 333
1940 466 278
1940 401 266
1940 362 986
1940 239 540
1940 421 582
1940 266 474
1940 365 860
1940 128 524
1940 450 877
1940 475 869
1940 300 570
1940 291 526
1940 150 496
1940 220 633
1940 313 666
1940 265 571
1960 48 257
1960 432 949
1960 233 531
1960 65 506
1960 422 550
1960 265 503
1960 385 868
1960 333 191
1960 419 958
1960 301 568
1960 290 529
1960 216 627
1960 305 672
1960 264 569
1980 90 411
1980 239 534
1980 50 440
1980 357 487
1980 391 853
1980 265 503
1980 354 485
1980 384 857
1980 300 572
1980 288 530
1980 158 720
1980 226 622
1980 85 404
1980 265 565
