1800 303 655
1800 412 821
1800 317 810
1800 239 531
1800 77 485
1800 44 911
1800 430 609
1800 369 762
1800 261 501
1800 395 819
1800 300 569
1800 285 533
1800 217 626
1800 289 1113
1800 306 655
1800 263 568
1820 361 832
1820 298 658
1820 428 852
1820 239 532
1820 365 683
1820 40 881
1820 453 632
1820 236 1296
1820 257 501
1820 387 845
1820 220 1233
1820 419 630
1820 301 566
1820 285 530
1820 217 623
1820 89 420
1820 260 564
1840 357 842
1840 281 673
1840 367 502
1840 406 657
1840 240 529
1840 355 839
1840 364 619
1840 80 456
1840 57 901
1840 260 501
1840 396 859
1840 364 620
1840 421 649
1840 300 567
1840 284 526
1840 218 626
1840 259 561
1840 324 864
1860 342 498
1860 352 834
1860 288 683
1860 344 501
1860 314 183
1860 400 824
1860 388 702
1860 238 533
1860 361 691
1860 77 458
1860 60 931
1860 374 559
1860 385 855
1860 259 503
1860 388 853
1860 373 560
1860 301 572
1860 287 529
1860 218 632
1860 263 564
1880 349 510
1880 356 849
1880 292 675
1880 348 520
1880 432 501
1880 330 749
1880 319 732
1880 238 529
1880 43 869
1880 379 508
1880 268 494
1880 392 854
1880 299 562
1880 282 525
1880 218 627
1880 262 556
1900 350 487
1900 356 836
1900 301 669
1900 352 499
1900 432 422
1900 399 832
1900 242 530
1900 393 499
1900 233 689
1900 265 502
1900 350 471
1900 391 852
1900 478 741
1900 303 567
1900 286 530
1900 218 628
1900 265 564
1920 335 478
1920 186 611
1920 356 835
1920 298 672
1920 419 909
1920 159 618
1920 397 755
1920 238 534
1920 400 345
1920 373 805
1920 265 502
1920 405 350
1920 382 848
1920 418 903
1920 304 571
1920 291 524
1920 217 636
1920 262 564
1920 83 687
1940 357 976
1940 354 805
1940 298 681
1940 454 863
1940 365 978
1940 239 530
1940 424 575
1940 265 477
1940 457 277
1940 390 852
1940 137 514
1940 474 876
1940 301 569
1940 286 526
1940 217 627
1940 314 662
1940 262 566
1940 101 588
1960 348 842
1960 292 693
1960 320 1079
1960 428 945
1960 240 528
1960 68 502
1960 427 546
1960 377 816
1960 266 503
1960 391 862
1960 421 910
1960 301 568
1960 288 527
1960 214 623
1960 262 566
1980 355 832
1980 295 658
1980 325 121
1980 112 279
1980 239 531
1980 31 409
1980 266 503
1980 359 487
1980 394 835
1980 300 570
1980 285 528
1980 219 620
1980 273 1171
1980 87 409
1980 261 567
1980 249 1146
