1800 303 656
1800 411 825
1800 239 532
1800 77 486
1800 45 922
1800 429 612
1800 369 761
1800 262 501
1800 393 823
1800 299 568
1800 283 532
1800 220 626
1800 301 649
1800 262 574
1820 304 661
1820 425 516
1820 427 849
1820 240 532
1820 40 876
1820 454 630
1820 243 1297
1820 258 502
1820 386 847
1820 219 1232
1820 418 635
1820 300 565
1820 284 527
1820 218 622
1820 304 658
1820 92 418
1820 260 566
1840 356 833
1840 283 666
1840 240 532
1840 328 866
1840 80 455
1840 53 915
1840 260 501
1840 405 854
1840 421 653
1840 299 566
1840 284 524
1840 219 626
1840 259 572
1860 339 498
1860 353 847
1860 303 670
1860 314 183
1860 403 827
1860 386 696
1860 237 534
1860 367 688
1860 77 458
1860 54 926
1860 374 560
1860 258 506
1860 388 855
1860 373 559
1860 303 572
1860 286 529
1860 219 632
1860 262 564
1880 348 509
1880 351 826
1880 299 675
1880 431 499
1880 237 529
1880 43 865
1880 378 508
1880 268 495
1880 392 855
1880 299 561
1880 282 523
1880 219 624
1880 263 561
1900 352 837
1900 300 667
1900 351 474
1900 435 431
1900 240 531
1900 427 447
1900 235 698
1900 264 505
1900 352 473
1900 387 859
1900 478 737
1900 305 567
1900 287 528
1900 219 627
1900 300 666
1900 265 566
1920 339 480
1920 186 614
1920 357 827
1920 38 735
1920 297 666
1920 448 423
1920 396 742
1920 238 536
1920 84 692
1920 262 502
1920 398 352
1920 384 852
1920 412 898
1920 302 568
1920 290 526
1920 218 632
1920 263 568
1920 76 778
1940 354 978
1940 347 802
1940 304 678
1940 449 864
1940 360 985
1940 239 531
1940 71 604
1940 446 327
1940 424 577
1940 262 495
1940 392 857
1940 129 520
1940 477 874
1940 300 570
1940 286 527
1940 218 628
1940 309 656
1940 263 572
1940 100 588
1960 346 840
1960 299 684
1960 234 518
1960 67 502
1960 292 1081
1960 426 545
1960 266 504
1960 391 863
1960 419 933
1960 301 567
1960 287 527
1960 213 624
1960 51 268
1960 262 568
1980 353 828
1980 300 661
1980 312 126
1980 104 288
1980 238 532
1980 48 438
1980 262 1180
1980 265 503
1980 356 487
1980 395 845
1980 300 570
1980 286 527
1980 156 720
1980 219 612
1980 272 1171
1980 87 408
1980 264 571
1980 247 1146
