1800 372 755
1800 413 821
1800 427 819
1800 242 530
1800 75 491
1800 44 922
1800 429 608
1800 263 500
1800 391 826
1800 300 567
1800 284 533
1800 222 627
1800 292 1112
1800 302 650
1800 265 580
1820 427 390
1820 420 836
1820 244 532
1820 359 668
1820 43 884
1820 452 625
1820 259 500
1820 384 849
1820 221 1231
1820 432 860
1820 437 661
1820 300 565
1820 283 527
1820 219 622
1820 313 670
1820 90 419
1820 262 565
1840 360 838
1840 400 313
1840 408 834
1840 433 649
1840 245 531
1840 368 625
1840 283 671
1840 81 459
1840 52 893
1840 262 501
1840 388 850
1840 280 669
1840 432 648
1840 300 564
1840 284 526
1840 219 629
1840 304 669
1840 260 573
1840 321 856
1860 341 499
1860 359 832
1860 344 502
1860 318 186
1860 404 829
1860 390 693
1860 243 532
1860 380 701
1860 299 668
1860 78 463
1860 378 560
1860 261 505
1860 382 859
1860 373 561
1860 303 575
1860 285 527
1860 220 634
1860 265 569
1880 348 507
1880 330 751
1880 364 846
1880 300 560
1880 363 521
1880 467 428
1880 401 830
1880 245 529
1880 289 572
1880 44 866
1880 379 507
1880 267 494
1880 387 861
1880 409 838
1880 300 561
1880 282 523
1880 221 625
1880 323 672
1880 266 560
1900 345 504
1900 75 777
1900 349 853
1900 356 495
1900 435 425
1900 402 829
1900 246 532
1900 434 384
1900 392 499
1900 235 693
1900 259 496
1900 355 472
1900 385 856
1900 308 581
1900 286 529
1900 217 634
1900 267 569
1920 202 614
1920 42 748
1920 354 829
1920 393 549
1920 450 420
1920 175 603
1920 394 734
1920 243 537
1920 100 684
1920 299 443
1920 261 496
1920 401 344
1920 387 834
1920 411 891
1920 303 571
1920 288 524
1920 220 636
1920 265 568
1920 80 783
1940 358 833
1940 468 304
1940 424 315
1940 367 981
1940 240 534
1940 304 653
1940 447 335
1940 423 579
1940 266 484
1940 383 855
1940 132 521
1940 447 866
1940 477 874
1940 301 569
1940 288 524
1940 153 530
1940 221 628
1940 317 667
1940 263 575
1960 93 488
1960 430 244
1960 324 1077
1960 392 156
1960 42 254
1960 428 935
1960 415 954
1960 241 528
1960 72 504
1960 276 728
1960 425 544
1960 266 503
1960 398 848
1960 343 205
1960 95 414
1960 418 944
1960 301 567
1960 288 527
1960 216 626
1960 302 672
1960 265 567
1960 216 476
1960 248 717
1980 348 1135
1980 376 94
1980 337 134
1980 86 279
1980 242 532
1980 282 660
1980 54 446
1980 369 484
1980 381 113
1980 266 502
1980 355 485
1980 389 860
1980 185 482
1980 301 569
1980 285 526
1980 159 722
1980 225 627
1980 274 1150
1980 84 408
1980 266 566
