1800 461 630
1800 217 627
1800 77 488
1800 64 863
1800 243 63
1800 301 569
1800 291 1185
1800 429 613
1800 392 823
1800 311 667
1800 317 811
1800 288 529
1800 261 566
1800 287 1117
1800 423 825
1800 288 1117
1800 261 501
1800 442 830
1800 241 532
1800 288 1184
1800 370 771
1820 452 640
1820 218 626
1820 425 389
1820 35 893
1820 421 835
1820 300 571
1820 411 643
1820 414 845
1820 305 667
1820 85 421
1820 353 683
1820 284 530
1820 257 568
1820 232 1267
1820 428 515
1820 420 833
1820 261 501
1820 238 534
1820 368 844
1840 218 627
1840 80 455
1840 57 906
1840 299 565
1840 416 647
1840 384 853
1840 304 685
1840 364 614
1840 287 528
1840 260 568
1840 319 864
1840 365 503
1840 395 660
1840 260 501
1840 357 827
1840 240 533
1840 354 837
1860 218 627
1860 77 471
1860 400 842
1860 301 569
1860 386 853
1860 309 669
1860 307 610
1860 316 185
1860 287 528
1860 263 564
1860 344 501
1860 402 827
1860 260 502
1860 242 533
1860 356 826
1880 219 628
1880 434 505
1880 66 536
1880 47 867
1880 398 840
1880 300 567
1880 465 436
1880 382 853
1880 317 621
1880 336 748
1880 287 527
1880 263 565
1880 377 514
1880 432 504
1880 270 494
1880 359 848
1880 242 531
1880 354 827
1900 218 631
1900 436 430
1900 63 646
1900 349 501
1900 406 845
1900 301 570
1900 452 402
1900 384 852
1900 310 667
1900 267 572
1900 345 505
1900 236 720
1900 286 527
1900 264 565
1900 301 669
1900 384 495
1900 400 837
1900 263 498
1900 451 415
1900 463 833
1900 354 839
1900 241 533
1900 354 830
1920 456 710
1920 216 626
1920 402 345
1920 419 906
1920 308 569
1920 447 412
1920 381 859
1920 302 665
1920 82 688
1920 318 606
1920 282 530
1920 273 590
1920 158 634
1920 395 541
1920 393 748
1920 266 502
1920 404 344
1920 430 914
1920 163 644
1920 241 531
1920 358 825
1940 478 872
1940 219 626
1940 372 294
1940 94 611
1940 301 569
1940 423 569
1940 147 497
1940 379 860
1940 309 669
1940 127 521
1940 310 669
1940 393 272
1940 286 526
1940 266 556
1940 299 728
1940 399 832
1940 361 978
1940 257 493
1940 396 283
1940 461 873
1940 353 839
1940 240 531
1940 356 837
1960 217 626
1960 428 942
1960 429 933
1960 64 508
1960 84 544
1960 423 947
1960 300 563
1960 425 554
1960 166 425
1960 384 857
1960 305 672
1960 91 404
1960 165 442
1960 330 204
1960 254 722
1960 286 529
1960 268 560
1960 224 686
1960 321 1073
1960 405 820
1960 300 1064
1960 265 501
1960 393 216
1960 165 442
1960 424 946
1960 364 835
1960 217 476
1960 350 827
1980 220 625
1980 353 1036
1980 445 1014
1980 68 426
1980 401 1039
1980 299 566
1980 386 852
1980 363 494
1980 90 310
1980 363 493
1980 335 151
1980 249 1153
1980 286 530
1980 265 565
1980 166 708
1980 379 482
1980 399 827
1980 352 1029
1980 265 503
1980 179 489
1980 452 893
1980 93 753
1980 240 530
1980 270 1168
1980 353 829
1980 69 423
