1800 439 826
1800 210 632
1800 458 635
1800 363 774
1800 441 837
1800 73 494
1800 40 1237
1800 277 1135
1800 440 829
1800 295 568
1800 279 1252
1800 442 828
1800 374 786
1800 290 652
1800 252 55
1800 268 604
1800 281 663
1800 275 532
1800 246 550
1800 307 820
1800 280 1135
1800 437 607
1800 254 510
1800 34 878
1800 470 546
1800 188 1340
1800 421 814
1800 236 533
1800 298 1203
1800 305 1294
1800 59 542
1820 424 661
1820 212 623
1820 416 519
1820 355 843
1820 237 1319
1820 418 836
1820 292 556
1820 227 1320
1820 409 639
1820 375 846
1820 285 670
1820 81 418
1820 265 573
1820 269 851
1820 244 1329
1820 276 524
1820 242 545
1820 218 1259
1820 295 675
1820 223 1236
1820 418 386
1820 413 518
1820 252 508
1820 478 705
1820 219 1256
1820 419 838
1820 88 752
1820 230 537
1820 215 1260
1820 31 891
1840 214 626
1840 410 652
1840 311 867
1840 39 530
1840 164 1350
1840 178 1378
1840 402 773
1840 288 552
1840 186 1401
1840 384 660
1840 167 121
1840 374 854
1840 281 664
1840 282 595
1840 360 291
1840 273 531
1840 246 565
1840 157 1337
1840 311 889
1840 170 1345
1840 359 288
1840 388 659
1840 371 859
1840 251 518
1840 51 899
1840 187 1418
1840 392 663
1840 238 540
1860 213 623
1860 338 497
1860 351 728
1860 34 1300
1860 56 551
1860 37 912
1860 391 855
1860 291 560
1860 379 706
1860 222 127
1860 378 870
1860 302 660
1860 75 456
1860 309 180
1860 282 595
1860 311 184
1860 275 535
1860 246 553
1860 89 921
1860 366 703
1860 472 526
1860 471 526
1860 252 513
1860 44 927
1860 474 534
1860 314 177
1860 388 859
1860 45 916
1860 237 538
1860 308 185
1880 215 626
1880 341 522
1880 324 749
1880 65 536
1880 68 540
1880 400 822
1880 293 568
1880 433 512
1880 143 63
1880 350 841
1880 299 664
1880 269 575
1880 375 516
1880 327 745
1880 277 519
1880 249 565
1880 313 718
1880 464 443
1880 426 502
1880 400 823
1880 263 501
1880 429 503
1880 423 499
1880 236 533
1880 377 859
1880 67 543
1900 460 829
1900 211 639
1900 339 509
1900 333 864
1900 461 1124
1900 82 760
1900 394 834
1900 279 541
1900 457 827
1900 207 128
1900 369 854
1900 301 661
1900 391 514
1900 277 616
1900 358 504
1900 228 707
1900 273 522
1900 244 552
1900 87 757
1900 247 543
1900 347 880
1900 439 389
1900 432 455
1900 255 501
1900 36 793
1900 366 491
1900 443 454
1900 457 829
1900 432 455
1900 84 764
1900 239 538
1900 257 556
1900 64 740
1920 422 916
1920 211 633
1920 301 449
1920 349 827
1920 77 717
1920 75 691
1920 406 351
1920 411 914
1920 298 571
1920 422 556
1920 153 647
1920 373 853
1920 283 605
1920 294 561
1920 284 612
1920 376 382
1920 272 521
1920 252 567
1920 173 622
1920 373 575
1920 402 348
1920 438 504
1920 410 901
1920 260 507
1920 212 629
1920 410 550
1920 239 540
1920 98 695
1920 236 538
1920 404 901
1920 32 745
1940 454 871
1940 213 619
1940 457 296
1940 337 751
1940 464 874
1940 37 1307
1940 389 268
1940 373 949
1940 294 572
1940 125 531
1940 373 864
1940 271 670
1940 34 149
1940 142 508
1940 270 568
1940 345 286
1940 279 531
1940 244 548
1940 143 505
1940 325 762
1940 385 266
1940 421 576
1940 226 425
1940 452 295
1940 230 470
1940 393 831
1940 336 86
1940 71 597
1940 236 536
1940 374 942
1940 16 614
1960 425 956
1960 192 578
1960 339 850
1960 424 961
1960 65 514
1960 64 515
1960 435 198
1960 378 969
1960 297 562
1960 307 1237
1960 116 388
1960 376 858
1960 287 692
1960 89 406
1960 157 446
1960 246 722
1960 322 204
1960 297 1069
1960 159 441
1960 301 1038
1960 277 529
1960 252 567
1960 119 385
1960 348 867
1960 366 202
1960 310 1062
1960 420 559
1960 301 1075
1960 262 504
1960 459 189
1960 158 441
1960 421 550
1960 423 958
1960 175 565
1960 66 519
1960 211 478
1960 331 1244
1960 312 1229
1960 250 534
1960 45 431
1980 453 898
1980 191 580
1980 331 858
1980 387 1058
1980 67 437
1980 242 1154
1980 69 433
1980 358 1038
1980 294 562
1980 244 1157
1980 82 291
1980 375 858
1980 302 660
1980 82 406
1980 284 594
1980 334 1075
1980 269 1170
1980 272 523
1980 243 561
1980 151 721
1980 335 900
1980 354 100
1980 245 1151
1980 472 929
1980 363 1049
1980 259 512
1980 356 488
1980 269 1176
1980 166 499
1980 393 830
1980 370 1061
1980 233 543
1980 358 1123
1980 238 1161
1980 304 125
1980 33 421
