1800 469 631
1800 217 627
1800 77 486
1800 77 885
1800 240 58
1800 301 569
1800 429 614
1800 392 822
1800 310 667
1800 317 810
1800 242 59
1800 287 530
1800 260 566
1800 287 1114
1800 410 813
1800 261 501
1800 442 829
1800 241 532
1800 287 1205
1800 370 770
1820 452 641
1820 217 626
1820 425 389
1820 31 899
1820 300 570
1820 411 642
1820 414 864
1820 306 665
1820 87 420
1820 409 647
1820 283 530
1820 257 566
1820 427 513
1820 410 644
1820 260 501
1820 421 844
1820 238 534
1820 360 839
1820 88 428
1840 217 626
1840 80 456
1840 298 565
1840 417 647
1840 382 853
1840 312 675
1840 362 613
1840 286 526
1840 260 568
1840 316 876
1840 363 499
1840 394 658
1840 260 501
1840 355 835
1840 240 533
1840 347 841
1860 218 627
1860 75 474
1860 300 569
1860 384 852
1860 306 666
1860 366 580
1860 314 181
1860 285 529
1860 263 566
1860 297 575
1860 363 819
1860 260 502
1860 240 533
1860 355 825
1880 218 628
1880 433 505
1880 66 537
1880 45 864
1880 400 837
1880 299 568
1880 434 504
1880 381 854
1880 305 663
1880 325 726
1880 286 527
1880 263 566
1880 378 510
1880 431 503
1880 268 493
1880 356 850
1880 241 529
1880 353 823
1900 477 755
1900 217 630
1900 435 449
1900 61 644
1900 283 533
1900 402 836
1900 300 567
1900 446 392
1900 384 853
1900 309 665
1900 267 574
1900 349 479
1900 235 722
1900 284 527
1900 264 565
1900 300 665
1900 382 496
1900 401 837
1900 262 496
1900 450 400
1900 462 832
1900 355 827
1900 240 532
1900 354 830
1920 455 710
1920 215 627
1920 399 357
1920 429 921
1920 306 569
1920 407 392
1920 380 861
1920 304 664
1920 99 684
1920 281 528
1920 273 588
1920 169 620
1920 394 542
1920 396 751
1920 265 502
1920 403 342
1920 430 915
1920 106 676
1920 240 531
1920 361 824
1920 44 268
1940 217 625
1940 371 296
1940 27 760
1940 372 989
1940 300 569
1940 423 571
1940 146 495
1940 380 860
1940 308 668
1940 41 279
1940 127 530
1940 307 672
1940 372 301
1940 284 529
1940 265 556
1940 296 708
1940 400 831
1940 361 977
1940 258 490
1940 391 283
1940 461 866
1940 353 845
1940 240 530
1940 358 829
1960 433 191
1960 216 622
1960 430 949
1960 64 505
1960 421 949
1960 300 565
1960 421 562
1960 163 423
1960 384 860
1960 306 668
1960 90 403
1960 164 442
1960 327 203
1960 220 626
1960 285 530
1960 265 563
1960 224 630
1960 303 1062
1960 420 565
1960 299 1065
1960 265 500
1960 378 194
1960 163 442
1960 419 951
1960 372 826
1960 216 475
1960 349 828
1980 219 625
1980 354 1027
1980 402 1034
1980 298 566
1980 178 487
1980 387 852
1980 88 302
1980 376 477
1980 332 142
1980 249 1152
1980 285 530
1980 264 566
1980 156 725
1980 377 479
1980 397 833
1980 352 1024
1980 265 502
1980 178 487
1980 451 892
1980 94 754
1980 240 532
1980 352 829
1980 64 428
