1800 446 838
1800 217 629
1800 259 79
1800 368 764
1800 465 1036
1800 77 488
1800 441 836
1800 300 568
1800 412 818
1800 376 776
1800 307 660
1800 294 635
1800 252 54
1800 291 1122
1800 285 532
1800 264 578
1800 304 811
1800 289 1127
1800 462 626
1800 371 769
1800 258 503
1800 468 629
1800 264 45
1800 413 820
1800 402 832
1800 278 47
1800 239 532
1800 288 1120
1800 77 484
1820 462 641
1820 217 617
1820 362 833
1820 21 390
1820 383 868
1820 426 839
1820 300 566
1820 233 1262
1820 355 665
1820 377 840
1820 303 649
1820 283 656
1820 277 847
1820 282 530
1820 260 581
1820 91 416
1820 353 664
1820 423 384
1820 418 516
1820 427 842
1820 258 501
1820 478 620
1820 236 1275
1820 426 838
1820 429 850
1820 237 533
1820 89 418
1840 218 625
1840 345 826
1840 74 462
1840 338 866
1840 412 671
1840 297 557
1840 163 1330
1840 363 497
1840 380 846
1840 299 657
1840 282 656
1840 380 300
1840 285 531
1840 265 581
1840 155 1329
1840 17 177
1840 314 862
1840 325 866
1840 257 502
1840 168 1318
1840 412 687
1840 401 837
1840 241 537
1840 84 455
1860 471 516
1860 218 624
1860 358 808
1860 40 1178
1860 44 1291
1860 388 690
1860 416 831
1860 310 588
1860 374 704
1860 379 856
1860 308 655
1860 300 664
1860 256 546
1860 286 531
1860 265 568
1860 80 455
1860 357 828
1860 45 848
1860 470 525
1860 369 839
1860 258 501
1860 469 545
1860 400 824
1860 394 859
1860 239 537
1860 37 1324
1860 78 461
1880 473 438
1880 219 627
1880 355 834
1880 452 984
1880 391 858
1880 463 432
1880 302 572
1880 335 744
1880 374 848
1880 312 653
1880 292 666
1880 333 522
1880 290 523
1880 264 577
1880 52 861
1880 308 702
1880 430 502
1880 397 858
1880 268 495
1880 468 435
1880 413 834
1880 387 861
1880 239 532
1880 353 850
1900 476 713
1900 218 632
1900 362 498
1900 352 829
1900 451 1137
1900 47 787
1900 361 833
1900 83 672
1900 462 460
1900 308 574
1900 433 382
1900 366 843
1900 316 655
1900 289 680
1900 440 442
1900 298 622
1900 287 530
1900 263 581
1900 54 785
1900 29 123
1900 348 504
1900 431 438
1900 424 541
1900 457 856
1900 258 497
1900 453 399
1900 78 955
1900 409 836
1900 399 868
1900 93 746
1900 241 535
1900 74 926
1920 464 690
1920 217 627
1920 356 812
1920 27 739
1920 1 382
1920 28 747
1920 314 598
1920 83 693
1920 416 930
1920 312 601
1920 382 827
1920 308 672
1920 288 672
1920 400 376
1920 303 628
1920 290 537
1920 265 587
1920 36 750
1920 85 690
1920 347 521
1920 156 643
1920 402 350
1920 396 540
1920 423 911
1920 263 503
1920 21 719
1920 449 402
1920 411 827
1920 416 901
1920 181 610
1920 110 681
1920 238 536
1940 469 879
1940 217 624
1940 354 290
1940 358 834
1940 16 343
1940 357 852
1940 74 596
1940 468 282
1940 454 870
1940 300 568
1940 364 727
1940 149 502
1940 369 837
1940 303 666
1940 284 655
1940 356 291
1940 242 528
1940 290 525
1940 262 579
1940 50 754
1940 139 533
1940 34 238
1940 315 718
1940 154 521
1940 395 267
1940 126 549
1940 427 568
1940 374 859
1940 260 469
1940 432 296
1940 412 827
1940 237 527
1940 338 1003
1940 68 759
1940 25 273
1960 213 630
1960 354 223
1960 361 826
1960 447 980
1960 62 510
1960 383 830
1960 70 519
1960 449 200
1960 426 970
1960 299 562
1960 150 486
1960 375 844
1960 302 661
1960 94 409
1960 285 709
1960 344 209
1960 272 567
1960 165 437
1960 286 531
1960 263 583
1960 113 419
1960 300 605
1960 138 526
1960 418 233
1960 432 547
1960 392 861
1960 263 502
1960 457 137
1960 385 225
1960 412 828
1960 427 948
1960 195 736
1960 78 538
1960 220 469
1960 348 1224
1960 275 527
1960 90 404
1980 212 618
1980 314 129
1980 349 823
1980 421 1034
1980 71 431
1980 382 1069
1980 41 643
1980 401 1045
1980 298 562
1980 245 1175
1980 111 341
1980 382 852
1980 318 667
1980 83 332
1980 287 661
1980 263 542
1980 352 1064
1980 284 533
1980 264 576
1980 91 444
1980 87 409
1980 367 1017
1980 168 718
1980 261 1181
1980 418 1028
1980 262 506
1980 466 677
1980 177 488
1980 397 825
1980 406 999
1980 174 487
1980 103 748
1980 239 535
1980 370 1114
1980 75 420
