1800 464 632
1800 217 627
1800 77 486
1800 77 889
1800 245 61
1800 301 569
1800 288 1115
1800 430 613
1800 392 824
1800 310 666
1800 317 810
1800 247 64
1800 286 530
1800 261 566
1800 288 1114
1800 424 828
1800 261 500
1800 443 830
1800 241 531
1800 290 1199
1800 370 772
1820 452 639
1820 217 626
1820 425 389
1820 33 894
1820 301 571
1820 411 642
1820 413 858
1820 306 666
1820 86 420
1820 356 673
1820 284 530
1820 258 566
1820 231 1267
1820 280 662
1820 279 668
1820 426 511
1820 379 850
1820 261 501
1820 421 848
1820 239 534
1820 370 843
1840 217 626
1840 80 455
1840 66 920
1840 298 564
1840 418 647
1840 385 853
1840 312 680
1840 362 612
1840 287 526
1840 261 568
1840 287 656
1840 318 868
1840 363 500
1840 393 658
1840 261 501
1840 373 298
1840 352 834
1840 240 533
1840 330 872
1860 218 627
1860 344 500
1860 76 475
1860 398 838
1860 301 569
1860 387 856
1860 305 665
1860 367 577
1860 314 182
1860 314 182
1860 286 529
1860 263 566
1860 287 643
1860 298 567
1860 360 825
1860 378 689
1860 260 501
1860 241 532
1860 354 826
1880 218 628
1880 433 505
1880 66 536
1880 47 867
1880 401 833
1880 299 567
1880 464 436
1880 381 853
1880 304 664
1880 323 729
1880 287 527
1880 264 566
1880 378 509
1880 432 504
1880 269 493
1880 354 851
1880 242 530
1880 354 824
1900 477 756
1900 218 630
1900 431 448
1900 64 759
1900 61 647
1900 402 842
1900 300 567
1900 447 396
1900 386 859
1900 309 666
1900 266 566
1900 348 491
1900 236 724
1900 285 527
1900 265 564
1900 280 660
1900 382 497
1900 239 685
1900 403 835
1900 262 496
1900 444 389
1900 462 833
1900 355 835
1900 241 531
1900 355 829
1920 456 710
1920 215 626
1920 382 373
1920 428 920
1920 307 569
1920 445 422
1920 378 861
1920 304 663
1920 81 689
1920 281 530
1920 273 589
1920 158 634
1920 394 544
1920 397 755
1920 265 502
1920 403 343
1920 432 914
1920 381 862
1920 107 679
1920 241 530
1920 364 834
1920 45 258
1940 217 626
1940 375 295
1940 27 756
1940 379 983
1940 300 570
1940 423 571
1940 147 499
1940 380 861
1940 309 669
1940 45 269
1940 128 528
1940 297 695
1940 372 303
1940 284 529
1940 265 557
1940 299 695
1940 463 293
1940 400 833
1940 361 977
1940 257 492
1940 389 291
1940 461 868
1940 355 834
1940 241 529
1940 358 827
1960 434 195
1960 216 623
1960 431 956
1960 65 507
1960 89 533
1960 424 947
1960 301 564
1960 425 560
1960 164 428
1960 384 857
1960 306 670
1960 91 405
1960 165 442
1960 329 204
1960 221 626
1960 286 529
1960 266 561
1960 196 750
1960 226 632
1960 305 1061
1960 421 565
1960 301 1063
1960 265 500
1960 376 190
1960 165 443
1960 420 952
1960 373 833
1960 217 475
1960 350 828
1980 220 625
1980 358 1034
1980 408 1027
1980 45 421
1980 403 1033
1980 299 564
1980 388 853
1980 366 643
1980 88 301
1980 361 491
1980 334 144
1980 250 1152
1980 285 530
1980 265 566
1980 160 723
1980 299 563
1980 378 481
1980 399 830
1980 351 1023
1980 266 502
1980 179 487
1980 452 892
1980 363 851
1980 101 758
1980 241 531
1980 272 1161
1980 354 828
1980 65 424
