1800 469 630
1800 216 627
1800 77 486
1800 77 887
1800 239 57
1800 300 570
1800 430 613
1800 392 822
1800 310 668
1800 317 810
1800 241 58
1800 287 529
1800 260 567
1800 288 1114
1800 420 823
1800 261 501
1800 443 828
1800 240 532
1800 289 1200
1800 370 770
1820 452 641
1820 217 626
1820 424 388
1820 33 894
1820 300 571
1820 411 642
1820 404 871
1820 306 665
1820 87 420
1820 409 643
1820 283 530
1820 257 567
1820 303 673
1820 422 512
1820 352 671
1820 260 501
1820 421 843
1820 239 535
1820 360 839
1840 217 626
1840 80 456
1840 298 564
1840 417 647
1840 383 853
1840 313 677
1840 361 613
1840 286 526
1840 261 568
1840 317 872
1840 363 498
1840 393 658
1840 260 501
1840 350 839
1840 240 533
1840 345 843
1860 218 627
1860 76 474
1860 301 570
1860 383 852
1860 306 668
1860 367 579
1860 315 182
1860 285 529
1860 263 567
1860 300 576
1860 391 843
1860 260 502
1860 240 532
1860 355 825
1880 218 628
1880 433 506
1880 66 537
1880 45 864
1880 399 838
1880 299 569
1880 435 504
1880 382 853
1880 306 663
1880 326 729
1880 286 528
1880 263 566
1880 378 510
1880 432 504
1880 268 494
1880 356 850
1880 241 529
1880 354 823
1900 477 754
1900 218 633
1900 432 448
1900 61 642
1900 284 539
1900 404 838
1900 301 568
1900 450 399
1900 385 854
1900 309 665
1900 277 663
1900 349 481
1900 233 720
1900 285 527
1900 263 564
1900 294 675
1900 381 497
1900 401 840
1900 262 496
1900 452 401
1900 462 832
1900 355 829
1900 240 532
1900 354 829
1920 455 710
1920 215 626
1920 400 354
1920 428 920
1920 307 569
1920 441 428
1920 381 861
1920 305 665
1920 92 691
1920 281 530
1920 274 602
1920 173 616
1920 393 541
1920 398 754
1920 265 502
1920 403 343
1920 431 915
1920 107 677
1920 240 531
1920 360 822
1920 46 273
1940 217 626
1940 368 301
1940 20 744
1940 371 996
1940 300 570
1940 423 570
1940 146 495
1940 381 860
1940 309 668
1940 44 269
1940 127 532
1940 305 684
1940 372 304
1940 284 529
1940 265 558
1940 294 715
1940 400 832
1940 361 978
1940 257 492
1940 391 290
1940 461 866
1940 351 847
1940 240 531
1940 357 830
1960 434 193
1960 216 623
1960 431 950
1960 64 505
1960 421 950
1960 301 565
1960 424 560
1960 162 428
1960 384 860
1960 306 668
1960 90 403
1960 163 442
1960 327 203
1960 255 577
1960 285 530
1960 266 564
1960 246 603
1960 303 1062
1960 420 563
1960 299 1066
1960 265 501
1960 376 191
1960 163 443
1960 421 949
1960 372 824
1960 215 475
1960 349 828
1980 219 626
1980 355 1030
1980 402 1034
1980 299 566
1980 177 487
1980 386 853
1980 361 501
1980 88 303
1980 363 495
1980 249 1153
1980 285 530
1980 265 567
1980 159 722
1980 378 481
1980 398 829
1980 351 1023
1980 265 503
1980 178 487
1980 451 892
1980 100 759
1980 240 533
1980 353 828
1980 55 426
