1800 468 629
1800 217 627
1800 77 487
1800 77 886
1800 242 59
1800 301 569
1800 430 613
1800 392 822
1800 310 668
1800 317 811
1800 243 62
1800 288 529
1800 261 566
1800 288 1114
1800 416 817
1800 261 501
1800 443 829
1800 241 532
1800 370 770
1820 452 641
1820 217 626
1820 424 389
1820 32 895
1820 301 570
1820 413 640
1820 413 856
1820 306 666
1820 87 419
1820 283 530
1820 258 567
1820 425 513
1820 356 680
1820 260 501
1820 421 846
1820 239 535
1820 362 838
1820 90 423
1840 217 626
1840 80 456
1840 298 564
1840 417 647
1840 383 853
1840 312 678
1840 362 613
1840 287 526
1840 261 568
1840 316 873
1840 363 498
1840 394 659
1840 260 501
1840 350 836
1840 240 533
1840 347 841
1860 218 627
1860 76 473
1860 301 570
1860 383 851
1860 307 668
1860 363 583
1860 314 181
1860 286 529
1860 263 567
1860 299 576
1860 388 845
1860 260 502
1860 241 532
1860 355 825
1880 218 627
1880 433 505
1880 66 537
1880 47 864
1880 400 838
1880 299 568
1880 434 504
1880 382 853
1880 307 663
1880 325 726
1880 286 527
1880 263 566
1880 378 509
1880 432 503
1880 268 493
1880 359 841
1880 242 529
1880 354 823
1900 477 757
1900 217 630
1900 433 449
1900 61 643
1900 285 537
1900 402 837
1900 301 567
1900 449 398
1900 385 854
1900 309 666
1900 273 588
1900 349 481
1900 235 723
1900 285 527
1900 264 565
1900 287 656
1900 382 496
1900 401 837
1900 262 496
1900 452 401
1900 462 833
1900 355 829
1900 241 532
1900 354 830
1920 455 710
1920 215 627
1920 398 358
1920 429 920
1920 307 569
1920 433 419
1920 380 861
1920 306 664
1920 87 691
1920 281 529
1920 275 598
1920 174 610
1920 393 541
1920 398 753
1920 265 502
1920 403 343
1920 431 914
1920 106 678
1920 241 531
1920 361 822
1920 49 278
1940 217 626
1940 373 293
1940 22 748
1940 371 995
1940 300 570
1940 423 570
1940 146 495
1940 381 859
1940 308 668
1940 44 266
1940 128 527
1940 305 680
1940 372 302
1940 284 529
1940 265 557
1940 295 713
1940 400 831
1940 361 978
1940 258 492
1940 392 294
1940 461 867
1940 353 840
1940 241 530
1940 358 828
1960 435 193
1960 216 622
1960 431 944
1960 64 505
1960 421 951
1960 301 564
1960 424 558
1960 163 426
1960 384 860
1960 306 668
1960 90 403
1960 165 429
1960 328 203
1960 244 591
1960 285 529
1960 266 564
1960 224 628
1960 306 1058
1960 420 569
1960 300 1065
1960 265 500
1960 377 187
1960 163 442
1960 420 949
1960 372 822
1960 216 475
1960 349 828
1980 220 625
1980 356 1027
1980 402 1033
1980 299 565
1980 386 855
1980 305 578
1980 88 301
1980 376 477
1980 335 148
1980 249 1153
1980 285 530
1980 264 565
1980 159 722
1980 378 480
1980 398 829
1980 351 1022
1980 265 502
1980 178 487
1980 451 892
1980 101 757
1980 241 532
1980 353 828
1980 65 426
