1800 440 827
1800 217 626
1800 440 834
1800 35 903
1800 77 489
1800 302 567
1800 388 817
1800 235 66
1800 379 789
1800 307 663
1800 248 532
1800 243 62
1800 296 556
1800 284 529
1800 263 553
1800 303 656
1800 283 1125
1800 293 1195
1800 433 607
1800 284 1123
1800 262 501
1800 442 605
1800 233 73
1800 439 607
1800 312 819
1800 227 63
1800 240 530
1800 231 61
1820 216 625
1820 447 660
1820 417 839
1820 424 839
1820 32 889
1820 301 569
1820 234 1315
1820 355 683
1820 385 843
1820 304 662
1820 87 416
1820 241 533
1820 293 553
1820 283 530
1820 259 568
1820 280 850
1820 382 859
1820 280 860
1820 421 384
1820 412 639
1820 260 501
1820 422 519
1820 428 529
1820 393 868
1820 86 416
1820 239 533
1820 224 1280
1840 216 627
1840 361 500
1840 387 853
1840 58 906
1840 61 917
1840 414 653
1840 298 568
1840 391 658
1840 385 852
1840 364 636
1840 239 605
1840 376 301
1840 306 647
1840 287 527
1840 261 572
1840 335 853
1840 414 648
1840 321 867
1840 259 500
1840 59 906
1840 360 500
1840 166 1343
1840 415 655
1840 415 659
1840 80 456
1840 240 533
1840 382 856
1840 361 291
1840 17 180
1860 217 623
1860 371 686
1860 392 842
1860 47 934
1860 74 476
1860 50 938
1860 312 182
1860 387 699
1860 305 588
1860 393 681
1860 386 856
1860 305 670
1860 257 528
1860 290 586
1860 312 180
1860 283 528
1860 286 528
1860 265 555
1860 346 851
1860 292 600
1860 473 505
1860 398 825
1860 259 503
1860 55 929
1860 372 555
1860 475 527
1860 393 858
1860 241 533
1860 313 188
1880 217 624
1880 356 526
1880 390 858
1880 67 536
1880 49 866
1880 401 839
1880 298 566
1880 464 438
1880 379 852
1880 310 676
1880 237 530
1880 298 555
1880 289 526
1880 258 564
1880 354 847
1880 467 435
1880 429 502
1880 270 495
1880 378 510
1880 466 438
1880 360 848
1880 240 530
1880 282 87
1900 467 825
1900 218 635
1900 381 504
1900 463 827
1900 58 771
1900 232 651
1900 64 645
1900 431 448
1900 469 832
1900 299 559
1900 434 450
1900 388 856
1900 315 627
1900 262 539
1900 374 497
1900 294 553
1900 285 524
1900 264 568
1900 352 502
1900 349 846
1900 256 544
1900 434 386
1900 452 405
1900 273 569
1900 260 496
1900 369 494
1900 66 653
1900 463 828
1900 393 861
1900 81 749
1900 241 533
1900 292 657
1900 97 709
1900 393 510
1920 429 914
1920 217 629
1920 315 466
1920 113 674
1920 80 693
1920 412 896
1920 308 625
1920 383 736
1920 282 622
1920 380 859
1920 307 601
1920 42 269
1920 218 625
1920 389 384
1920 294 615
1920 110 696
1920 269 511
1920 266 549
1920 80 690
1920 216 623
1920 402 347
1920 422 853
1920 264 500
1920 395 543
1920 107 688
1920 155 638
1920 406 831
1920 386 740
1920 156 645
1920 83 700
1920 241 535
1920 408 895
1940 460 875
1940 216 619
1940 397 312
1940 388 854
1940 462 873
1940 72 600
1940 72 598
1940 459 875
1940 301 569
1940 393 851
1940 241 536
1940 367 853
1940 308 664
1940 254 545
1940 374 315
1940 311 658
1940 288 526
1940 267 545
1940 72 594
1940 350 851
1940 345 740
1940 385 265
1940 423 567
1940 308 667
1940 261 474
1940 425 568
1940 126 516
1940 370 982
1940 239 516
1940 383 861
1940 280 534
1960 429 947
1960 214 625
1960 423 574
1960 426 969
1960 68 519
1960 32 519
1960 66 514
1960 366 178
1960 427 939
1960 301 563
1960 407 1002
1960 424 564
1960 217 477
1960 367 844
1960 278 523
1960 89 409
1960 213 620
1960 366 202
1960 276 670
1960 286 528
1960 269 556
1960 87 499
1960 375 856
1960 300 1089
1960 426 212
1960 306 1066
1960 425 553
1960 297 1076
1960 265 501
1960 425 552
1960 120 383
1960 419 970
1960 198 688
1960 93 477
1960 216 476
1960 92 486
1960 276 521
1980 454 898
1980 214 626
1980 397 1043
1980 457 1125
1980 37 435
1980 95 432
1980 44 268
1980 376 1050
1980 299 565
1980 248 1160
1980 393 837
1980 176 492
1980 394 835
1980 359 492
1980 77 416
1980 83 293
1980 359 493
1980 316 599
1980 97 416
1980 281 526
1980 266 558
1980 108 281
1980 385 854
1980 248 1153
1980 263 1168
1980 250 1157
1980 264 504
1980 359 490
1980 104 433
1980 78 412
1980 357 1020
1980 240 535
1980 360 1022
1980 247 1158
1980 319 124
1980 70 429
