1800 461 634
1800 217 627
1800 77 486
1800 76 890
1800 239 59
1800 441 827
1800 300 569
1800 291 1157
1800 431 613
1800 392 821
1800 310 666
1800 316 810
1800 286 529
1800 259 567
1800 317 810
1800 287 1116
1800 405 814
1800 261 502
1800 442 828
1800 240 532
1800 286 1196
1800 370 770
1820 452 639
1820 218 626
1820 35 887
1820 419 833
1820 300 570
1820 410 644
1820 386 851
1820 304 666
1820 86 421
1820 354 680
1820 283 530
1820 255 569
1820 227 1263
1820 276 850
1820 429 516
1820 419 833
1820 260 502
1820 420 846
1820 384 857
1820 237 534
1820 359 839
1820 89 420
1840 217 626
1840 81 455
1840 60 909
1840 297 564
1840 416 647
1840 384 853
1840 299 681
1840 362 612
1840 286 526
1840 260 570
1840 361 512
1840 315 875
1840 363 499
1840 392 661
1840 261 503
1840 353 843
1840 240 532
1840 284 674
1840 352 836
1860 477 520
1860 218 627
1860 77 473
1860 400 834
1860 300 567
1860 386 854
1860 306 668
1860 373 682
1860 317 187
1860 286 528
1860 263 567
1860 364 694
1860 297 568
1860 285 600
1860 399 832
1860 386 706
1860 260 503
1860 353 837
1860 241 531
1860 354 829
1880 468 436
1880 218 628
1880 431 505
1880 335 746
1880 67 536
1880 46 865
1880 397 845
1880 298 569
1880 464 436
1880 379 854
1880 305 663
1880 323 723
1880 286 527
1880 262 566
1880 377 515
1880 465 437
1880 332 753
1880 268 494
1880 354 831
1880 242 530
1880 287 668
1880 352 824
1900 476 753
1900 218 632
1900 380 498
1900 52 790
1900 64 642
1900 274 524
1900 402 848
1900 300 568
1900 275 663
1900 446 398
1900 384 853
1900 313 670
1900 348 487
1900 232 701
1900 286 527
1900 262 564
1900 379 496
1900 281 669
1900 398 844
1900 297 662
1900 262 497
1900 441 387
1900 462 832
1900 240 531
1900 236 681
1900 354 829
1920 455 711
1920 215 627
1920 401 345
1920 410 902
1920 412 897
1920 306 574
1920 447 411
1920 380 861
1920 302 664
1920 81 690
1920 279 528
1920 272 586
1920 171 616
1920 395 543
1920 398 759
1920 265 501
1920 402 344
1920 435 910
1920 379 866
1920 160 652
1920 240 530
1920 360 828
1920 49 287
1940 218 626
1940 371 299
1940 41 783
1940 365 991
1940 300 568
1940 423 568
1940 147 497
1940 377 862
1940 309 667
1940 129 530
1940 309 678
1940 375 297
1940 284 527
1940 263 560
1940 298 703
1940 456 316
1940 400 831
1940 360 980
1940 257 490
1940 395 283
1940 462 868
1940 355 852
1940 240 530
1940 360 995
1940 358 826
1960 439 196
1960 216 622
1960 432 956
1960 431 934
1960 61 507
1960 82 528
1960 425 944
1960 301 562
1960 426 553
1960 164 425
1960 383 859
1960 305 671
1960 91 404
1960 166 430
1960 327 203
1960 250 722
1960 286 530
1960 263 565
1960 216 619
1960 264 563
1960 301 1065
1960 411 814
1960 305 1060
1960 265 501
1960 377 188
1960 165 442
1960 426 942
1960 380 858
1960 217 472
1960 352 829
1980 220 625
1980 361 1038
1980 443 987
1980 46 415
1980 108 494
1980 401 1036
1980 298 565
1980 267 1170
1980 389 102
1980 178 488
1980 387 851
1980 309 666
1980 89 303
1980 337 151
1980 327 130
1980 285 529
1980 264 565
1980 129 734
1980 299 666
1980 360 489
1980 396 831
1980 351 1023
1980 265 503
1980 381 107
1980 178 488
1980 452 893
1980 368 857
1980 96 755
1980 240 531
1980 270 1168
1980 353 828
1980 68 423
