1800 443 835
1800 217 631
1800 232 61
1800 366 769
1800 54 1174
1800 75 496
1800 38 883
1800 234 69
1800 395 834
1800 300 573
1800 288 1195
1800 446 834
1800 388 815
1800 307 662
1800 231 61
1800 293 665
1800 233 52
1800 304 846
1800 284 534
1800 260 577
1800 367 768
1800 281 1131
1800 284 1123
1800 424 613
1800 291 620
1800 258 505
1800 235 52
1800 465 635
1800 318 819
1800 236 75
1800 74 574
1800 238 536
1800 283 1124
1800 288 1165
1800 296 636
1820 450 656
1820 216 629
1820 378 687
1820 439 647
1820 299 574
1820 401 644
1820 408 855
1820 304 663
1820 88 431
1820 289 669
1820 273 851
1820 228 1264
1820 283 532
1820 258 574
1820 358 841
1820 428 393
1820 416 635
1820 278 866
1820 258 504
1820 34 889
1820 425 522
1820 453 633
1820 302 669
1820 237 538
1820 219 1282
1820 281 534
1840 217 631
1840 361 503
1840 287 669
1840 52 899
1840 16 450
1840 59 468
1840 405 822
1840 297 578
1840 393 667
1840 381 854
1840 311 663
1840 10 128
1840 286 655
1840 362 288
1840 306 673
1840 158 1334
1840 284 531
1840 261 577
1840 159 1356
1840 345 840
1840 425 653
1840 371 710
1840 257 504
1840 150 1337
1840 427 656
1840 67 939
1840 240 538
1840 20 393
1860 218 630
1860 342 502
1860 54 936
1860 74 484
1860 37 1330
1860 76 467
1860 312 186
1860 406 845
1860 299 578
1860 386 702
1860 390 858
1860 307 671
1860 291 675
1860 285 532
1860 264 570
1860 345 853
1860 257 507
1860 48 906
1860 333 212
1860 57 947
1860 472 512
1860 49 914
1860 239 540
1860 37 919
1860 291 625
1880 465 437
1880 218 633
1880 353 526
1880 389 865
1880 67 542
1880 68 542
1880 406 840
1880 299 576
1880 429 505
1880 386 859
1880 313 664
1880 289 664
1880 282 115
1880 308 732
1880 286 533
1880 262 574
1880 65 543
1880 342 858
1880 464 436
1880 460 436
1880 268 499
1880 429 505
1880 53 889
1880 462 436
1880 359 858
1880 56 890
1880 239 535
1880 295 597
1880 14 388
1900 464 832
1900 218 637
1900 353 497
1900 59 773
1900 62 655
1900 45 794
1900 62 779
1900 383 508
1900 410 844
1900 298 577
1900 430 386
1900 391 863
1900 320 627
1900 21 174
1900 292 686
1900 263 517
1900 244 544
1900 76 667
1900 285 531
1900 262 570
1900 350 845
1900 234 707
1900 434 388
1900 459 429
1900 260 502
1900 46 787
1900 432 458
1900 74 764
1900 473 753
1900 86 766
1900 241 538
1900 293 581
1920 454 716
1920 216 635
1920 324 472
1920 399 890
1920 157 652
1920 80 696
1920 416 928
1920 309 611
1920 394 746
1920 396 866
1920 306 666
1920 174 627
1920 285 670
1920 217 632
1920 278 533
1920 265 572
1920 85 701
1920 103 693
1920 348 856
1920 407 352
1920 112 701
1920 410 398
1920 264 505
1920 464 439
1920 157 647
1920 455 711
1920 377 861
1920 158 654
1920 94 699
1920 235 541
1920 282 631
1920 6 500
1940 463 878
1940 217 626
1940 369 316
1940 376 1017
1940 463 904
1940 72 605
1940 137 534
1940 459 884
1940 300 574
1940 460 878
1940 387 862
1940 309 663
1940 148 507
1940 293 668
1940 375 296
1940 299 675
1940 284 531
1940 264 574
1940 101 588
1940 351 859
1940 400 343
1940 422 572
1940 262 480
1940 446 333
1940 126 523
1940 470 876
1940 364 996
1940 148 511
1940 60 847
1940 240 542
1940 281 667
1940 29 273
1960 432 960
1960 214 629
1960 327 205
1960 391 1013
1960 434 948
1960 21 539
1960 67 536
1960 357 212
1960 424 968
1960 301 572
1960 427 566
1960 214 478
1960 385 860
1960 301 674
1960 89 411
1960 153 516
1960 293 690
1960 368 206
1960 210 628
1960 43 287
1960 284 532
1960 264 569
1960 74 522
1960 353 867
1960 430 208
1960 304 1077
1960 427 556
1960 313 1073
1960 263 504
1960 119 387
1960 473 446
1960 358 1071
1960 171 454
1960 61 538
1960 213 478
1960 286 678
1960 15 356
1980 456 900
1980 217 627
1980 336 134
1980 380 1057
1980 444 1019
1980 39 431
1980 157 725
1980 79 749
1980 401 1053
1980 299 573
1980 266 1239
1980 399 832
1980 175 494
1980 388 851
1980 315 592
1980 44 295
1980 123 462
1980 285 663
1980 243 592
1980 283 534
1980 262 570
1980 40 282
1980 108 716
1980 348 850
1980 145 734
1980 339 130
1980 252 1152
1980 358 124
1980 344 1150
1980 263 510
1980 370 489
1980 472 920
1980 350 1036
1980 112 743
1980 80 748
1980 237 545
1980 354 1131
1980 248 1152
1980 18 421
