1800 445 604
1800 217 628
1800 41 919
1800 74 483
1800 34 891
1800 244 56
1800 391 815
1800 302 567
1800 428 616
1800 250 59
1800 391 809
1800 309 666
1800 308 665
1800 286 527
1800 265 553
1800 319 802
1800 286 1117
1800 440 606
1800 286 1116
1800 260 501
1800 440 826
1800 373 771
1800 76 487
1800 239 535
1800 315 812
1820 450 644
1820 216 621
1820 458 487
1820 408 641
1820 34 899
1820 423 835
1820 300 568
1820 411 652
1820 422 841
1820 306 661
1820 87 416
1820 284 667
1820 285 530
1820 264 536
1820 296 561
1820 356 835
1820 419 518
1820 411 643
1820 259 501
1820 419 521
1820 424 840
1820 354 674
1820 239 534
1820 224 1254
1820 359 670
1840 411 655
1840 217 626
1840 401 667
1840 59 895
1840 80 460
1840 155 1335
1840 67 905
1840 402 673
1840 296 554
1840 415 654
1840 406 845
1840 364 613
1840 287 604
1840 362 287
1840 286 525
1840 261 567
1840 318 863
1840 320 859
1840 420 675
1840 259 500
1840 391 659
1840 354 833
1840 241 535
1840 362 501
1860 217 627
1860 369 841
1860 50 917
1860 73 460
1860 58 911
1860 399 835
1860 297 553
1860 282 651
1860 387 852
1860 368 699
1860 302 663
1860 310 179
1860 287 527
1860 262 556
1860 353 828
1860 305 667
1860 473 508
1860 258 503
1860 376 707
1860 358 849
1860 240 533
1860 345 506
1880 217 626
1880 430 504
1880 381 857
1880 50 863
1880 65 530
1880 51 863
1880 375 853
1880 298 565
1880 429 506
1880 276 57
1880 383 857
1880 359 802
1880 291 552
1880 287 524
1880 254 557
1880 272 507
1880 323 739
1880 430 504
1880 466 430
1880 269 496
1880 467 431
1880 372 849
1880 358 822
1880 240 531
1880 387 865
1880 225 547
1880 307 665
1900 437 447
1900 216 624
1900 346 498
1900 400 835
1900 470 498
1900 33 791
1900 64 644
1900 393 852
1900 309 595
1900 433 407
1900 263 508
1900 400 831
1900 351 495
1900 303 662
1900 422 480
1900 262 714
1900 286 527
1900 263 553
1900 354 826
1900 433 443
1900 295 675
1900 429 381
1900 259 496
1900 63 650
1900 435 386
1900 463 825
1900 353 825
1900 240 532
1920 456 708
1920 216 627
1920 401 344
1920 409 894
1920 104 687
1920 180 608
1920 99 686
1920 386 861
1920 321 618
1920 223 583
1920 393 370
1920 236 541
1920 383 856
1920 390 541
1920 154 640
1920 287 633
1920 263 499
1920 270 543
1920 155 639
1920 382 841
1920 402 344
1920 405 349
1920 263 501
1920 30 750
1920 402 347
1920 180 610
1920 388 737
1920 382 854
1920 155 647
1920 81 691
1920 241 534
1920 395 834
1920 401 347
1940 217 624
1940 456 323
1940 382 862
1940 457 873
1940 71 876
1940 73 607
1940 126 522
1940 66 842
1940 380 857
1940 285 530
1940 235 429
1940 376 855
1940 279 661
1940 4 283
1940 146 498
1940 279 665
1940 372 293
1940 288 525
1940 266 546
1940 75 606
1940 144 497
1940 352 847
1940 275 581
1940 439 324
1940 276 576
1940 436 310
1940 277 560
1940 260 489
1940 73 602
1940 384 264
1940 126 515
1940 455 871
1940 355 793
1940 130 523
1940 72 596
1940 240 532
1940 368 960
1940 46 260
1960 215 624
1960 447 186
1960 427 937
1960 428 936
1960 47 519
1960 68 505
1960 347 843
1960 299 559
1960 368 836
1960 424 562
1960 215 471
1960 371 822
1960 303 670
1960 91 405
1960 120 383
1960 303 672
1960 331 200
1960 259 564
1960 287 527
1960 270 558
1960 92 493
1960 213 617
1960 361 836
1960 374 855
1960 369 855
1960 265 501
1960 436 186
1960 120 381
1960 383 853
1960 358 826
1960 364 205
1960 103 480
1960 217 472
1960 377 833
1960 364 198
1980 220 625
1980 358 488
1980 395 1041
1980 451 893
1980 70 434
1980 73 419
1980 394 839
1980 298 560
1980 343 127
1980 240 537
1980 395 835
1980 359 492
1980 73 424
1980 86 304
1980 282 612
1980 317 148
1980 273 1171
1980 281 526
1980 267 555
1980 164 715
1980 270 519
1980 361 849
1980 400 1037
1980 263 504
1980 76 414
1980 397 829
1980 350 831
1980 112 735
1980 3 507
1980 239 535
1980 359 1027
1980 38 418
