1800 461 620
1800 218 626
1800 78 485
1800 302 569
1800 292 1158
1800 429 612
1800 392 822
1800 310 665
1800 304 662
1800 287 528
1800 262 557
1800 288 1113
1800 443 826
1800 260 499
1800 230 57
1800 372 770
1800 242 528
1820 454 631
1820 218 621
1820 429 519
1820 38 903
1820 301 572
1820 413 639
1820 386 844
1820 302 655
1820 278 658
1820 285 529
1820 246 537
1820 357 841
1820 276 853
1820 430 515
1820 260 500
1820 431 392
1820 357 839
1820 240 531
1820 383 857
1840 218 621
1840 15 422
1840 300 564
1840 417 647
1840 406 829
1840 364 606
1840 282 628
1840 363 288
1840 288 525
1840 262 558
1840 394 656
1840 349 645
1840 261 499
1840 240 529
1840 321 867
1860 470 498
1860 218 622
1860 373 569
1860 385 701
1860 77 458
1860 303 569
1860 404 818
1860 334 675
1860 291 599
1860 345 489
1860 288 527
1860 266 554
1860 375 558
1860 400 831
1860 260 503
1860 469 487
1860 364 837
1860 242 529
1860 368 689
1860 356 831
1880 467 432
1880 219 626
1880 377 516
1880 68 530
1880 53 853
1880 405 817
1880 301 567
1880 464 445
1880 403 823
1880 347 512
1880 285 577
1880 431 500
1880 289 525
1880 261 561
1880 431 503
1880 463 440
1880 270 491
1880 431 502
1880 346 799
1880 241 530
1880 332 748
1900 465 831
1900 217 632
1900 436 439
1900 467 847
1900 66 759
1900 306 559
1900 456 403
1900 404 821
1900 298 548
1900 271 580
1900 349 501
1900 230 698
1900 287 526
1900 257 554
1900 389 495
1900 462 834
1900 260 494
1900 434 385
1900 355 831
1900 241 531
1900 353 831
1920 457 711
1920 220 628
1920 382 376
1920 395 840
1920 441 480
1920 82 689
1920 417 903
1920 307 568
1920 397 544
1920 408 776
1920 286 639
1920 402 353
1920 273 513
1920 263 544
1920 107 674
1920 358 826
1920 399 359
1920 401 765
1920 265 501
1920 399 359
1920 158 643
1920 379 783
1920 156 642
1920 241 532
1920 359 833
1940 218 623
1940 386 265
1940 358 983
1940 74 597
1940 300 569
1940 424 570
1940 406 829
1940 310 662
1940 128 519
1940 310 657
1940 375 291
1940 288 523
1940 262 530
1940 362 975
1940 401 346
1940 373 290
1940 457 868
1940 355 839
1940 246 454
1940 385 264
1940 350 727
1940 237 525
1940 362 981
1940 359 822
1960 219 629
1960 366 177
1960 427 950
1960 67 514
1960 87 497
1960 427 950
1960 303 562
1960 426 549
1960 394 853
1960 304 670
1960 92 405
1960 163 446
1960 280 664
1960 366 176
1960 257 720
1960 286 529
1960 266 557
1960 367 177
1960 265 499
1960 358 210
1960 430 931
1960 352 826
1960 389 267
1960 91 497
1960 218 472
1960 352 835
1980 221 627
1980 362 495
1980 401 1049
1980 71 422
1980 91 429
1980 337 126
1980 403 1044
1980 301 565
1980 177 489
1980 400 829
1980 368 476
1980 77 306
1980 93 409
1980 287 637
1980 364 480
1980 287 529
1980 266 556
1980 385 485
1980 361 488
1980 269 1173
1980 399 826
1980 353 1027
1980 264 502
1980 87 741
1980 457 890
1980 353 831
1980 240 531
1980 354 1039
1980 353 836
