1800 461 635
1800 217 627
1800 77 485
1800 76 887
1800 243 61
1800 301 569
1800 430 612
1800 392 822
1800 310 668
1800 317 809
1800 288 529
1800 260 565
1800 288 1113
1800 424 824
1800 261 501
1800 443 829
1800 240 532
1800 285 1200
1800 369 769
1820 452 640
1820 217 625
1820 424 387
1820 32 908
1820 301 571
1820 412 640
1820 393 869
1820 305 664
1820 86 420
1820 351 684
1820 284 530
1820 256 566
1820 424 511
1820 420 833
1820 260 501
1820 238 534
1820 361 840
1820 85 426
1840 217 626
1840 80 455
1840 298 563
1840 416 647
1840 383 853
1840 311 679
1840 360 614
1840 287 526
1840 260 567
1840 315 871
1840 363 499
1840 393 666
1840 260 501
1840 349 837
1840 240 533
1840 342 844
1860 218 627
1860 76 474
1860 397 839
1860 301 568
1860 383 851
1860 307 665
1860 369 667
1860 315 181
1860 286 528
1860 263 566
1860 293 672
1860 305 576
1860 398 833
1860 260 501
1860 240 531
1860 354 822
1880 218 626
1880 432 502
1880 66 533
1880 45 862
1880 396 841
1880 298 567
1880 433 505
1880 379 853
1880 303 663
1880 323 729
1880 286 527
1880 263 565
1880 378 509
1880 432 504
1880 267 493
1880 354 850
1880 241 529
1880 353 823
1900 477 755
1900 218 630
1900 430 450
1900 61 647
1900 402 838
1900 300 567
1900 445 396
1900 385 854
1900 308 666
1900 265 569
1900 346 482
1900 237 720
1900 285 526
1900 264 564
1900 284 661
1900 380 496
1900 401 836
1900 262 495
1900 450 398
1900 461 834
1900 355 830
1900 240 531
1900 354 829
1920 455 710
1920 215 626
1920 381 372
1920 427 921
1920 306 568
1920 445 422
1920 379 861
1920 303 663
1920 82 689
1920 280 528
1920 272 584
1920 174 611
1920 394 543
1920 397 752
1920 265 501
1920 403 342
1920 428 917
1920 240 530
1920 358 822
1940 218 626
1940 388 281
1940 26 756
1940 373 982
1940 300 570
1940 422 569
1940 146 495
1940 379 861
1940 309 668
1940 127 530
1940 302 693
1940 371 306
1940 283 530
1940 264 557
1940 291 725
1940 400 831
1940 361 979
1940 256 491
1940 389 288
1940 460 869
1940 351 841
1940 240 530
1940 357 828
1960 216 621
1960 63 505
1960 114 520
1960 419 954
1960 301 565
1960 426 553
1960 162 424
1960 384 859
1960 306 668
1960 90 402
1960 166 431
1960 328 203
1960 222 626
1960 286 529
1960 265 563
1960 178 731
1960 226 631
1960 302 1062
1960 300 1064
1960 265 500
1960 377 203
1960 164 442
1960 424 941
1960 370 824
1960 216 475
1960 349 827
1980 219 625
1980 353 1030
1980 405 1022
1980 402 1034
1980 299 565
1980 178 487
1980 386 852
1980 363 519
1980 88 302
1980 340 148
1980 250 1152
1980 286 529
1980 264 566
1980 160 718
1980 379 480
1980 398 829
1980 350 1020
1980 265 502
1980 178 487
1980 451 892
1980 98 756
1980 241 531
1980 273 1160
1980 353 828
1980 51 414
