1800 452 825
1800 218 626
1800 77 489
1800 255 64
1800 442 829
1800 300 569
1800 291 1146
1800 428 610
1800 391 821
1800 309 669
1800 105 407
1800 308 668
1800 285 530
1800 276 555
1800 318 807
1800 286 1115
1800 422 823
1800 389 809
1800 262 501
1800 442 828
1800 370 767
1800 239 535
1800 290 1152
1800 370 768
1820 411 649
1820 218 624
1820 421 386
1820 411 647
1820 423 834
1820 300 571
1820 414 646
1820 393 874
1820 303 670
1820 86 419
1820 302 671
1820 283 531
1820 280 536
1820 232 1247
1820 276 853
1820 276 853
1820 430 523
1820 412 645
1820 425 388
1820 261 501
1820 431 394
1820 411 657
1820 238 535
1820 379 847
1840 390 661
1840 217 625
1840 389 664
1840 419 655
1840 81 456
1840 401 842
1840 299 566
1840 416 650
1840 385 853
1840 317 678
1840 309 669
1840 286 527
1840 267 564
1840 367 501
1840 320 872
1840 364 503
1840 416 650
1840 361 616
1840 261 501
1840 362 829
1840 240 534
1840 328 869
1860 462 467
1860 219 626
1860 346 500
1860 77 462
1860 341 500
1860 403 821
1860 300 566
1860 285 617
1860 384 852
1860 305 665
1860 304 669
1860 314 183
1860 286 530
1860 265 566
1860 384 702
1860 343 504
1860 304 669
1860 384 701
1860 359 563
1860 261 502
1860 287 531
1860 239 532
1860 386 695
1860 355 832
1880 468 435
1880 220 626
1880 431 503
1880 383 859
1880 67 537
1880 67 535
1880 289 78
1880 401 829
1880 299 567
1880 282 662
1880 466 433
1880 383 856
1880 309 669
1880 303 674
1880 285 77
1880 287 527
1880 269 563
1880 311 728
1880 378 511
1880 262 561
1880 468 436
1880 270 497
1880 469 434
1880 379 518
1880 241 531
1880 355 841
1900 471 828
1900 218 631
1900 382 497
1900 400 835
1900 61 651
1900 65 642
1900 347 499
1900 398 845
1900 300 558
1900 299 583
1900 446 395
1900 384 856
1900 312 669
1900 306 666
1900 376 494
1900 234 709
1900 285 529
1900 263 567
1900 384 496
1900 269 574
1900 382 497
1900 462 827
1900 355 498
1900 262 497
1900 46 790
1900 439 385
1900 463 828
1900 381 497
1900 240 532
1900 306 664
1900 355 830
1920 456 713
1920 217 627
1920 399 356
1920 408 898
1920 427 916
1920 83 691
1920 80 689
1920 411 902
1920 307 571
1920 446 428
1920 382 861
1920 303 665
1920 106 676
1920 286 667
1920 275 519
1920 273 517
1920 176 609
1920 403 347
1920 395 543
1920 294 667
1920 412 811
1920 398 767
1920 264 502
1920 398 363
1920 107 678
1920 176 608
1920 426 917
1920 394 541
1920 106 679
1920 106 675
1920 240 532
1920 360 833
1920 354 835
1920 39 298
1940 473 879
1940 219 626
1940 366 303
1940 395 844
1940 24 798
1940 387 266
1940 363 980
1940 299 570
1940 290 668
1940 423 570
1940 147 501
1940 377 866
1940 308 667
1940 39 324
1940 127 524
1940 300 699
1940 390 265
1940 284 530
1940 264 554
1940 373 309
1940 296 571
1940 354 737
1940 464 289
1940 268 480
1940 460 865
1940 362 976
1940 255 497
1940 389 288
1940 462 866
1940 353 853
1940 238 428
1940 240 533
1940 360 998
1940 353 842
1960 432 198
1960 216 629
1960 368 198
1960 428 933
1960 428 931
1960 60 512
1960 78 506
1960 406 230
1960 424 950
1960 300 566
1960 312 1075
1960 427 553
1960 161 441
1960 383 859
1960 303 673
1960 92 405
1960 119 382
1960 278 674
1960 368 201
1960 162 736
1960 267 494
1960 167 745
1960 285 530
1960 270 566
1960 220 628
1960 250 585
1960 255 722
1960 434 202
1960 299 1068
1960 384 857
1960 316 1075
1960 265 501
1960 385 201
1960 161 440
1960 381 863
1960 416 571
1960 356 215
1960 217 477
1960 368 1056
1960 360 853
1960 350 838
1980 462 902
1980 218 626
1980 394 1055
1980 394 987
1980 19 556
1980 74 415
1980 371 123
1980 402 1045
1980 298 567
1980 266 1174
1980 375 98
1980 173 488
1980 388 854
1980 296 578
1980 78 322
1980 294 674
1980 314 125
1980 363 495
1980 248 1154
1980 285 531
1980 266 568
1980 155 723
1980 355 144
1980 353 832
1980 376 482
1980 249 1157
1980 398 831
1980 350 1023
1980 265 503
1980 85 755
1980 369 133
1980 176 488
1980 454 891
1980 350 1021
1980 106 729
1980 84 746
1980 240 530
1980 351 1028
1980 290 1189
1980 352 833
1980 69 424
