1800 466 626
1800 217 627
1800 390 824
1800 391 828
1800 77 486
1800 34 881
1800 247 66
1800 424 823
1800 301 569
1800 288 1125
1800 440 609
1800 391 820
1800 310 665
1800 316 809
1800 287 528
1800 260 568
1800 309 659
1800 316 810
1800 285 1117
1800 423 824
1800 261 501
1800 442 830
1800 370 766
1800 239 534
1800 370 771
1820 453 640
1820 218 626
1820 423 386
1820 419 837
1820 33 889
1820 421 834
1820 300 570
1820 426 513
1820 381 845
1820 304 664
1820 86 418
1820 355 679
1820 284 530
1820 258 566
1820 228 1260
1820 303 667
1820 275 852
1820 415 517
1820 418 834
1820 260 500
1820 419 834
1820 351 682
1820 239 534
1820 359 835
1840 217 626
1840 343 839
1840 381 854
1840 80 456
1840 60 907
1840 367 505
1840 350 804
1840 298 561
1840 393 664
1840 382 853
1840 314 677
1840 370 629
1840 287 527
1840 260 569
1840 288 656
1840 321 872
1840 364 498
1840 392 659
1840 260 500
1840 364 505
1840 351 829
1840 240 533
1840 350 838
1860 478 502
1860 218 627
1860 346 848
1860 76 462
1860 63 935
1860 402 820
1860 301 567
1860 381 851
1860 306 666
1860 372 684
1860 312 181
1860 286 529
1860 262 564
1860 287 658
1860 360 691
1860 345 498
1860 385 695
1860 360 696
1860 260 501
1860 240 532
1860 355 827
1880 468 435
1880 219 627
1880 465 440
1880 396 850
1880 65 537
1880 49 857
1880 383 851
1880 298 568
1880 432 503
1880 382 854
1880 307 666
1880 334 751
1880 287 528
1880 261 561
1880 297 655
1880 315 698
1880 377 510
1880 431 501
1880 271 494
1880 357 841
1880 241 530
1880 354 830
1900 469 829
1900 218 630
1900 430 452
1900 300 661
1900 53 786
1900 63 652
1900 345 509
1900 402 835
1900 300 568
1900 452 409
1900 384 862
1900 312 666
1900 352 487
1900 345 504
1900 286 528
1900 260 561
1900 275 660
1900 380 496
1900 378 852
1900 262 497
1900 439 386
1900 462 829
1900 240 532
1900 353 830
1920 456 710
1920 216 625
1920 380 378
1920 404 902
1920 80 1027
1920 80 689
1920 415 903
1920 307 587
1920 394 543
1920 382 857
1920 299 556
1920 81 689
1920 283 530
1920 263 552
1920 157 639
1920 283 665
1920 394 542
1920 395 755
1920 265 502
1920 401 343
1920 439 906
1920 391 751
1920 104 679
1920 239 530
1920 354 827
1920 38 299
1940 219 625
1940 373 294
1940 360 988
1940 301 569
1940 422 568
1940 124 514
1940 375 861
1940 307 668
1940 127 525
1940 304 671
1940 389 266
1940 284 528
1940 264 564
1940 293 692
1940 460 308
1940 400 832
1940 359 977
1940 256 481
1940 382 288
1940 461 870
1940 350 845
1940 238 529
1940 360 980
1940 354 839
1960 437 197
1960 217 627
1960 430 939
1960 430 930
1960 53 508
1960 75 504
1960 429 209
1960 422 961
1960 299 564
1960 427 555
1960 162 438
1960 383 855
1960 304 671
1960 90 405
1960 164 441
1960 330 204
1960 183 731
1960 285 530
1960 266 559
1960 275 677
1960 438 199
1960 300 1066
1960 265 500
1960 217 476
1960 427 933
1960 350 826
1960 216 471
1960 351 831
1980 220 624
1980 381 860
1980 402 1037
1980 32 398
1980 14 514
1980 321 134
1980 402 1044
1980 299 567
1980 345 133
1980 104 463
1980 388 852
1980 303 570
1980 69 424
1980 371 476
1980 285 531
1980 264 562
1980 157 716
1980 280 658
1980 351 1026
1980 368 478
1980 250 1152
1980 399 829
1980 352 836
1980 265 502
1980 318 128
1980 177 486
1980 453 892
1980 359 843
1980 87 749
1980 240 530
1980 267 1168
1980 353 828
1980 46 407
