1800 471 630
1800 217 626
1800 77 486
1800 77 889
1800 241 58
1800 301 570
1800 430 613
1800 392 823
1800 311 668
1800 318 810
1800 243 60
1800 288 529
1800 261 566
1800 289 1113
1800 420 821
1800 262 501
1800 443 829
1800 241 532
1800 287 1206
1800 370 770
1820 452 640
1820 217 626
1820 424 389
1820 32 898
1820 301 571
1820 412 640
1820 413 856
1820 307 665
1820 87 419
1820 356 685
1820 284 530
1820 257 567
1820 232 1272
1820 423 512
1820 353 680
1820 261 501
1820 421 844
1820 239 535
1820 361 838
1820 84 427
1840 217 627
1840 80 456
1840 299 564
1840 417 647
1840 383 853
1840 313 679
1840 362 613
1840 287 526
1840 260 568
1840 316 871
1840 363 500
1840 394 658
1840 261 501
1840 344 841
1840 240 533
1840 344 843
1860 218 627
1860 76 473
1860 398 838
1860 301 570
1860 385 853
1860 306 667
1860 365 581
1860 314 181
1860 286 529
1860 263 567
1860 296 581
1860 387 847
1860 260 502
1860 241 532
1860 356 823
1880 218 627
1880 432 504
1880 66 535
1880 45 864
1880 400 842
1880 300 568
1880 464 451
1880 382 854
1880 307 664
1880 327 728
1880 286 528
1880 263 567
1880 378 510
1880 432 504
1880 268 494
1880 354 851
1880 242 530
1880 354 825
1900 477 755
1900 218 630
1900 432 450
1900 61 647
1900 285 538
1900 405 834
1900 301 568
1900 447 395
1900 385 854
1900 311 666
1900 270 581
1900 350 480
1900 236 725
1900 285 527
1900 265 565
1900 288 661
1900 382 496
1900 402 840
1900 262 496
1900 446 395
1900 462 833
1900 356 838
1900 241 532
1900 355 830
1920 455 710
1920 216 626
1920 400 354
1920 429 923
1920 307 570
1920 446 411
1920 380 861
1920 304 665
1920 81 690
1920 282 530
1920 273 600
1920 174 613
1920 332 476
1920 398 754
1920 265 502
1920 403 343
1920 433 913
1920 379 861
1920 107 676
1920 241 531
1920 359 822
1920 48 275
1940 218 626
1940 371 297
1940 19 744
1940 372 986
1940 300 570
1940 423 570
1940 147 496
1940 380 861
1940 309 668
1940 38 301
1940 128 529
1940 305 683
1940 372 304
1940 284 529
1940 265 557
1940 295 718
1940 400 832
1940 361 978
1940 257 492
1940 390 289
1940 460 870
1940 355 839
1940 241 530
1940 357 833
1960 431 194
1960 216 622
1960 430 945
1960 64 505
1960 143 505
1960 420 952
1960 301 563
1960 425 555
1960 163 424
1960 385 859
1960 307 667
1960 90 403
1960 166 432
1960 328 203
1960 221 626
1960 285 530
1960 266 563
1960 225 630
1960 303 1062
1960 420 566
1960 303 1062
1960 265 501
1960 376 188
1960 163 443
1960 421 949
1960 373 849
1960 216 475
1960 349 828
1980 219 625
1980 353 1025
1980 402 1035
1980 299 565
1980 178 487
1980 386 853
1980 303 580
1980 88 305
1980 361 491
1980 328 133
1980 249 1153
1980 285 530
1980 265 566
1980 159 721
1980 380 483
1980 397 831
1980 351 1023
1980 266 503
1980 178 487
1980 451 892
1980 376 864
1980 97 755
1980 241 532
1980 353 828
1980 59 423
