1800 468 642
1800 217 628
1800 35 884
1800 77 492
1800 76 886
1800 246 63
1800 300 570
1800 294 1189
1800 428 613
1800 391 825
1800 309 668
1800 316 810
1800 245 60
1800 285 530
1800 260 570
1800 306 663
1800 316 811
1800 286 1118
1800 450 627
1800 287 1115
1800 261 501
1800 441 832
1800 370 767
1800 77 883
1800 239 538
1800 289 1199
1800 370 770
1820 453 638
1820 218 627
1820 424 389
1820 355 679
1820 387 841
1820 34 889
1820 420 838
1820 300 572
1820 411 647
1820 392 855
1820 304 671
1820 88 416
1820 305 671
1820 284 531
1820 255 571
1820 227 1255
1820 280 597
1820 275 853
1820 426 519
1820 411 648
1820 292 672
1820 260 501
1820 421 838
1820 377 855
1820 239 535
1820 359 837
1840 217 627
1840 355 637
1840 81 457
1840 68 927
1840 365 292
1840 392 663
1840 298 563
1840 417 649
1840 387 856
1840 305 672
1840 359 637
1840 286 529
1840 260 572
1840 293 572
1840 321 875
1840 365 502
1840 416 651
1840 260 501
1840 62 919
1840 393 660
1840 351 832
1840 65 918
1840 240 535
1840 340 853
1860 471 497
1860 218 627
1860 305 667
1860 301 679
1860 76 470
1860 81 911
1860 347 502
1860 402 839
1860 302 584
1860 387 855
1860 307 667
1860 365 581
1860 315 185
1860 286 529
1860 262 568
1860 295 661
1860 348 504
1860 372 691
1860 304 668
1860 260 502
1860 359 820
1860 240 534
1860 351 833
1880 436 510
1880 218 628
1880 432 503
1880 364 845
1880 66 537
1880 58 856
1880 392 854
1880 296 573
1880 466 435
1880 383 856
1880 318 679
1880 334 750
1880 286 529
1880 261 566
1880 281 614
1880 271 533
1880 301 667
1880 378 511
1880 466 437
1880 269 495
1880 358 850
1880 284 542
1880 241 531
1880 337 751
1880 352 845
1900 478 755
1900 218 632
1900 433 455
1900 295 667
1900 53 783
1900 67 679
1900 347 500
1900 402 847
1900 299 570
1900 442 395
1900 385 863
1900 317 679
1900 267 576
1900 383 496
1900 354 490
1900 285 529
1900 261 566
1900 346 503
1900 234 702
1900 379 497
1900 232 702
1900 396 845
1900 263 498
1900 444 397
1900 463 832
1900 355 834
1900 241 536
1900 353 832
1920 456 711
1920 216 629
1920 384 384
1920 381 863
1920 81 690
1920 394 544
1920 418 911
1920 304 608
1920 443 431
1920 101 684
1920 381 860
1920 308 668
1920 106 679
1920 293 618
1920 284 534
1920 263 560
1920 176 613
1920 278 663
1920 395 544
1920 398 763
1920 265 503
1920 403 348
1920 32 748
1920 441 907
1920 378 864
1920 106 680
1920 241 535
1920 352 834
1940 217 627
1940 361 994
1940 366 1002
1940 299 572
1940 422 569
1940 147 499
1940 376 865
1940 308 670
1940 101 586
1940 308 679
1940 387 267
1940 283 530
1940 264 565
1940 277 478
1940 284 670
1940 459 867
1940 359 980
1940 253 502
1940 376 295
1940 148 494
1940 461 870
1940 353 843
1940 150 519
1940 240 538
1940 361 979
1940 352 841
1960 437 198
1960 216 629
1960 430 938
1960 430 935
1960 57 514
1960 78 521
1960 437 192
1960 427 953
1960 299 566
1960 426 553
1960 166 438
1960 383 857
1960 303 674
1960 92 408
1960 121 385
1960 330 205
1960 327 202
1960 285 530
1960 265 562
1960 368 199
1960 248 719
1960 302 1071
1960 422 566
1960 300 1070
1960 265 501
1960 380 192
1960 164 423
1960 380 865
1960 378 865
1960 216 476
1960 350 831
1980 374 103
1980 218 626
1980 357 1039
1980 396 1033
1980 35 541
1980 69 760
1980 334 146
1980 401 1045
1980 296 572
1980 266 1172
1980 375 99
1980 111 464
1980 386 856
1980 327 656
1980 88 305
1980 324 132
1980 323 128
1980 110 285
1980 285 531
1980 263 565
1980 281 659
1980 362 492
1980 392 843
1980 354 1027
1980 265 503
1980 390 146
1980 176 488
1980 452 892
1980 366 854
1980 240 532
1980 352 1029
1980 268 1172
1980 352 832
1980 65 426
