1800 460 632
1800 217 627
1800 77 484
1800 77 884
1800 241 57
1800 301 570
1800 286 1121
1800 429 613
1800 392 823
1800 311 670
1800 316 811
1800 244 60
1800 286 530
1800 260 566
1800 288 1115
1800 420 826
1800 261 501
1800 443 830
1800 240 533
1800 291 1200
1800 369 771
1820 452 645
1820 218 626
1820 424 390
1820 34 883
1820 301 572
1820 410 643
1820 408 862
1820 305 667
1820 87 419
1820 355 684
1820 284 530
1820 257 568
1820 426 511
1820 283 675
1820 354 677
1820 260 501
1820 420 846
1820 238 534
1820 362 839
1840 218 627
1840 80 456
1840 62 909
1840 298 565
1840 417 648
1840 384 853
1840 312 679
1840 362 612
1840 286 526
1840 260 569
1840 317 867
1840 363 500
1840 395 660
1840 261 501
1840 353 834
1840 240 534
1840 345 842
1860 218 625
1860 77 471
1860 400 833
1860 301 568
1860 383 852
1860 306 666
1860 376 689
1860 314 181
1860 286 529
1860 263 566
1860 302 576
1860 385 851
1860 260 501
1860 241 532
1860 354 826
1880 219 628
1880 433 505
1880 65 533
1880 45 863
1880 400 837
1880 299 567
1880 465 440
1880 379 853
1880 306 665
1880 326 691
1880 286 528
1880 263 566
1880 378 510
1880 432 504
1880 270 494
1880 355 840
1880 242 530
1880 354 824
1900 478 755
1900 218 632
1900 432 452
1900 62 644
1900 272 513
1900 402 838
1900 300 566
1900 450 400
1900 385 856
1900 310 666
1900 352 482
1900 236 724
1900 285 526
1900 263 564
1900 346 504
1900 293 686
1900 276 666
1900 380 497
1900 400 840
1900 262 496
1900 442 387
1900 462 835
1900 355 831
1900 241 532
1900 355 829
1920 456 712
1920 215 628
1920 402 351
1920 413 898
1920 306 570
1920 441 430
1920 382 861
1920 303 663
1920 99 687
1920 281 530
1920 274 633
1920 168 614
1920 393 543
1920 397 751
1920 265 502
1920 403 344
1920 430 916
1920 380 864
1920 106 678
1920 240 531
1920 360 829
1920 55 286
1940 218 626
1940 371 300
1940 24 768
1940 375 986
1940 300 571
1940 423 571
1940 146 496
1940 377 863
1940 309 669
1940 126 523
1940 306 677
1940 373 308
1940 284 530
1940 264 559
1940 291 733
1940 445 332
1940 400 833
1940 360 979
1940 256 493
1940 395 282
1940 461 875
1940 351 856
1940 240 532
1940 357 832
1960 435 187
1960 216 622
1960 64 506
1960 92 516
1960 422 950
1960 300 564
1960 423 562
1960 163 438
1960 384 861
1960 305 671
1960 90 403
1960 162 443
1960 328 203
1960 286 529
1960 265 562
1960 197 749
1960 258 575
1960 279 674
1960 301 1066
1960 421 564
1960 301 1065
1960 265 501
1960 367 178
1960 163 441
1960 426 941
1960 367 831
1960 216 475
1960 350 830
1980 220 626
1980 363 1037
1980 405 1023
1980 57 422
1980 402 1039
1980 299 565
1980 386 857
1980 303 574
1980 87 299
1980 335 138
1980 249 1153
1980 285 530
1980 264 565
1980 162 717
1980 380 485
1980 398 832
1980 351 1024
1980 266 502
1980 178 487
1980 451 894
1980 357 841
1980 95 756
1980 241 531
1980 353 829
1980 65 416
