1800 469 627
1800 216 628
1800 420 829
1800 77 487
1800 40 897
1800 300 569
1800 286 1126
1800 428 612
1800 392 821
1800 310 666
1800 315 811
1800 285 529
1800 260 569
1800 308 663
1800 282 626
1800 316 809
1800 286 1118
1800 405 814
1800 261 501
1800 441 832
1800 239 535
1800 393 828
1800 288 1160
1800 370 772
1820 452 640
1820 217 626
1820 431 396
1820 420 841
1820 423 841
1820 420 837
1820 299 570
1820 411 644
1820 384 845
1820 304 669
1820 355 690
1820 284 531
1820 258 569
1820 229 1261
1820 276 662
1820 275 853
1820 415 516
1820 418 834
1820 355 677
1820 260 501
1820 416 636
1820 355 670
1820 238 534
1820 374 846
1840 217 627
1840 364 288
1840 389 664
1840 420 657
1840 80 455
1840 62 914
1840 393 662
1840 297 564
1840 416 648
1840 382 853
1840 306 673
1840 361 614
1840 286 526
1840 259 570
1840 282 661
1840 319 872
1840 363 501
1840 392 658
1840 260 501
1840 351 829
1840 239 532
1840 337 846
1840 330 872
1860 478 501
1860 217 628
1860 392 687
1860 76 462
1860 393 852
1860 288 601
1860 387 699
1860 384 852
1860 306 668
1860 372 684
1860 312 182
1860 286 531
1860 262 565
1860 295 672
1860 342 497
1860 300 674
1860 402 813
1860 260 501
1860 478 504
1860 375 688
1860 241 532
1860 294 652
1860 355 828
1880 468 435
1880 218 629
1880 376 855
1880 65 538
1880 51 862
1880 383 855
1880 292 585
1880 467 437
1880 382 855
1880 312 670
1880 325 732
1880 287 528
1880 261 565
1880 285 670
1880 308 733
1880 377 510
1880 345 518
1880 467 435
1880 336 767
1880 268 494
1880 354 789
1880 241 531
1880 386 858
1880 353 824
1900 476 756
1900 218 633
1900 432 386
1900 465 840
1900 60 762
1900 68 681
1900 350 497
1900 397 846
1900 300 571
1900 271 671
1900 441 387
1900 385 863
1900 309 666
1900 384 498
1900 230 716
1900 286 530
1900 261 565
1900 231 680
1900 235 700
1900 294 664
1900 378 495
1900 301 661
1900 356 834
1900 261 497
1900 453 404
1900 464 830
1900 240 533
1900 295 681
1900 354 829
1920 456 711
1920 215 628
1920 383 383
1920 82 691
1920 81 690
1920 413 902
1920 306 626
1920 382 858
1920 315 637
1920 103 678
1920 314 460
1920 285 532
1920 272 581
1920 175 611
1920 298 663
1920 298 662
1920 393 544
1920 294 669
1920 394 748
1920 264 502
1920 402 345
1920 415 900
1920 384 740
1920 105 679
1920 240 532
1920 376 860
1920 361 827
1920 33 217
1940 218 626
1940 372 294
1940 358 986
1940 361 979
1940 300 571
1940 421 570
1940 146 496
1940 377 860
1940 299 666
1940 101 587
1940 307 672
1940 416 332
1940 284 529
1940 265 561
1940 250 461
1940 300 690
1940 358 731
1940 459 314
1940 280 645
1940 395 838
1940 360 980
1940 253 498
1940 390 288
1940 462 870
1940 354 822
1940 146 496
1940 241 530
1940 360 978
1940 357 828
1960 433 197
1960 217 629
1960 423 319
1960 428 936
1960 429 929
1960 62 507
1960 89 502
1960 367 203
1960 412 1002
1960 300 567
1960 299 1067
1960 428 554
1960 161 441
1960 384 855
1960 304 660
1960 91 404
1960 96 411
1960 331 204
1960 220 627
1960 285 531
1960 267 562
1960 194 746
1960 254 723
1960 255 720
1960 303 671
1960 299 1067
1960 421 565
1960 298 1067
1960 265 501
1960 443 197
1960 161 440
1960 428 931
1960 216 475
1960 350 827
1980 219 626
1980 329 133
1980 351 1043
1980 444 990
1980 49 420
1980 57 407
1980 392 1054
1980 298 567
1980 106 465
1980 390 851
1980 299 570
1980 89 304
1980 249 1152
1980 286 531
1980 263 564
1980 164 712
1980 293 666
1980 313 632
1980 362 493
1980 398 829
1980 350 1025
1980 265 503
1980 177 487
1980 452 893
1980 240 530
1980 359 1074
1980 277 1175
1980 353 828
1980 65 429
