1800 444 834
1800 217 626
1800 368 765
1800 21 767
1800 81 915
1800 407 828
1800 302 561
1800 443 821
1800 390 807
1800 312 667
1800 307 658
1800 287 529
1800 267 557
1800 371 767
1800 284 1119
1800 243 75
1800 290 1193
1800 447 602
1800 372 768
1800 259 501
1800 241 73
1800 460 632
1800 238 528
1820 454 645
1820 215 620
1820 417 405
1820 397 644
1820 431 662
1820 11 419
1820 34 884
1820 424 832
1820 302 562
1820 222 1274
1820 420 843
1820 15 51
1820 383 841
1820 306 660
1820 85 415
1820 304 665
1820 281 849
1820 285 530
1820 264 563
1820 40 909
1820 344 853
1820 434 385
1820 428 509
1820 257 499
1820 425 507
1820 448 634
1820 377 845
1820 235 531
1820 381 855
1820 220 1259
1820 84 414
1840 216 623
1840 363 498
1840 349 829
1840 53 902
1840 6 454
1840 62 903
1840 300 562
1840 392 652
1840 18 208
1840 381 851
1840 289 677
1840 4 125
1840 306 652
1840 362 284
1840 321 862
1840 286 529
1840 265 562
1840 172 1358
1840 346 834
1840 393 653
1840 354 828
1840 256 501
1840 361 497
1840 163 1335
1840 422 644
1840 412 839
1840 239 531
1840 368 835
1840 155 1345
1860 218 625
1860 342 496
1860 357 828
1860 56 926
1860 21 738
1860 50 902
1860 56 923
1860 300 563
1860 402 808
1860 395 839
1860 306 666
1860 304 660
1860 186 407
1860 298 566
1860 287 528
1860 267 553
1860 45 909
1860 348 825
1860 452 844
1860 395 847
1860 258 501
1860 55 927
1860 468 521
1860 55 922
1860 239 533
1880 217 624
1880 374 512
1880 371 847
1880 447 440
1880 13 635
1880 50 876
1880 408 823
1880 299 569
1880 380 520
1880 388 856
1880 304 671
1880 300 653
1880 301 597
1880 290 524
1880 258 556
1880 342 855
1880 463 432
1880 430 500
1880 350 797
1880 264 491
1880 430 495
1880 64 860
1880 460 431
1880 399 850
1880 238 528
1880 368 839
1900 467 821
1900 217 632
1900 351 474
1900 351 831
1900 44 796
1900 49 789
1900 70 760
1900 300 561
1900 54 774
1900 395 844
1900 329 628
1900 305 661
1900 285 527
1900 86 757
1900 287 527
1900 267 565
1900 50 785
1900 352 829
1900 427 436
1900 433 426
1900 238 670
1900 258 494
1900 53 778
1900 371 488
1900 64 637
1900 262 513
1900 474 760
1900 409 845
1900 84 734
1900 239 531
1900 363 844
1900 49 951
1900 265 561
1920 445 905
1920 216 625
1920 324 469
1920 370 839
1920 5 497
1920 78 689
1920 412 910
1920 299 561
1920 397 742
1920 108 682
1920 396 815
1920 309 663
1920 34 278
1920 177 611
1920 304 658
1920 283 527
1920 265 541
1920 345 839
1920 381 370
1920 418 415
1920 351 829
1920 262 499
1920 411 349
1920 81 684
1920 176 609
1920 407 840
1920 387 863
1920 106 677
1920 238 530
1920 364 827
1940 460 871
1940 217 620
1940 363 301
1940 372 852
1940 460 950
1940 25 708
1940 451 865
1940 302 562
1940 403 853
1940 141 501
1940 395 835
1940 314 651
1940 10 478
1940 147 499
1940 310 658
1940 369 289
1940 271 575
1940 146 495
1940 288 525
1940 265 530
1940 125 523
1940 346 823
1940 362 294
1940 455 283
1940 296 816
1940 242 451
1940 460 286
1940 77 596
1940 469 865
1940 364 984
1940 238 528
1940 363 972
1940 266 466
1960 213 625
1960 364 834
1960 427 947
1960 30 821
1960 50 508
1960 65 505
1960 351 214
1960 416 963
1960 300 563
1960 426 544
1960 119 378
1960 392 842
1960 302 668
1960 90 402
1960 110 413
1960 302 672
1960 332 202
1960 212 619
1960 162 438
1960 63 514
1960 287 528
1960 268 551
1960 74 515
1960 346 851
1960 317 1047
1960 363 189
1960 426 543
1960 315 1070
1960 263 500
1960 62 514
1960 214 474
1960 439 555
1960 400 1014
1960 165 733
1960 81 512
1960 213 474
1960 362 980
1960 253 559
1960 27 513
1980 458 889
1980 218 626
1980 302 127
1980 354 833
1980 400 1046
1980 20 425
1980 306 132
1980 399 1039
1980 301 554
1980 398 817
1980 87 402
1980 396 816
1980 331 618
1980 90 401
1980 91 414
1980 303 650
1980 360 492
1980 75 414
1980 264 1171
1980 284 530
1980 266 557
1980 156 712
1980 351 823
1980 251 1157
1980 363 480
1980 345 136
1980 355 1031
1980 262 502
1980 365 482
1980 74 416
1980 389 1043
1980 199 641
1980 71 750
1980 237 530
1980 353 1030
1980 70 423
