1800 464 634
1800 216 627
1800 76 485
1800 78 881
1800 242 58
1800 300 570
1800 286 1121
1800 430 612
1800 392 822
1800 311 669
1800 316 810
1800 246 64
1800 286 530
1800 260 566
1800 288 1114
1800 414 817
1800 261 501
1800 442 830
1800 240 533
1800 288 1199
1800 369 770
1820 452 642
1820 217 625
1820 424 388
1820 31 896
1820 300 571
1820 410 642
1820 392 872
1820 304 668
1820 83 421
1820 353 671
1820 284 530
1820 257 567
1820 424 511
1820 367 821
1820 260 501
1820 420 843
1820 238 534
1820 358 837
1820 81 423
1840 217 626
1840 79 455
1840 299 563
1840 416 647
1840 383 852
1840 310 682
1840 362 612
1840 286 527
1840 261 568
1840 280 633
1840 315 868
1840 363 500
1840 393 658
1840 261 501
1840 350 839
1840 240 533
1840 351 838
1860 217 627
1860 77 472
1860 397 839
1860 300 567
1860 384 852
1860 306 665
1860 375 685
1860 313 181
1860 286 529
1860 263 566
1860 343 498
1860 386 849
1860 260 502
1860 240 532
1860 354 825
1880 218 627
1880 432 504
1880 65 531
1880 46 861
1880 400 837
1880 299 567
1880 465 445
1880 380 853
1880 305 665
1880 329 732
1880 287 527
1880 263 565
1880 378 510
1880 432 503
1880 268 494
1880 359 839
1880 241 529
1880 354 824
1900 477 756
1900 217 630
1900 425 490
1900 62 644
1900 403 838
1900 301 567
1900 441 386
1900 385 854
1900 307 665
1900 265 567
1900 346 490
1900 230 720
1900 285 526
1900 264 564
1900 281 658
1900 378 495
1900 397 845
1900 261 496
1900 434 386
1900 461 834
1900 355 827
1900 240 532
1900 354 830
1920 455 711
1920 215 626
1920 400 349
1920 413 899
1920 306 568
1920 449 418
1920 380 861
1920 302 663
1920 82 690
1920 281 531
1920 274 588
1920 157 636
1920 330 479
1920 399 762
1920 265 502
1920 403 343
1920 429 916
1920 105 677
1920 240 530
1920 359 822
1940 218 626
1940 360 296
1940 372 984
1940 300 570
1940 422 568
1940 145 497
1940 378 862
1940 308 668
1940 99 582
1940 306 676
1940 372 302
1940 284 529
1940 265 559
1940 291 729
1940 397 834
1940 361 978
1940 257 493
1940 393 281
1940 460 873
1940 351 840
1940 240 531
1940 357 831
1960 436 192
1960 216 622
1960 64 505
1960 114 473
1960 423 949
1960 300 565
1960 425 553
1960 162 423
1960 385 859
1960 305 670
1960 89 403
1960 162 443
1960 327 204
1960 220 645
1960 286 529
1960 266 563
1960 224 630
1960 302 1064
1960 425 552
1960 300 1064
1960 265 501
1960 388 218
1960 161 442
1960 423 943
1960 371 822
1960 216 474
1960 349 828
1980 219 626
1980 356 1032
1980 406 1029
1980 58 421
1980 402 1036
1980 299 565
1980 175 485
1980 386 854
1980 306 582
1980 87 302
1980 249 1153
1980 284 530
1980 264 565
1980 158 720
1980 377 480
1980 398 830
1980 350 1023
1980 265 502
1980 177 486
1980 451 893
1980 374 863
1980 89 751
1980 240 531
1980 353 828
1980 57 414
