1800 443 825
1800 218 628
1800 367 763
1800 71 759
1800 67 502
1800 444 828
1800 299 566
1800 368 766
1800 308 637
1800 305 631
1800 315 805
1800 285 529
1800 259 560
1800 184 1312
1800 315 803
1800 283 1122
1800 289 1181
1800 445 601
1800 260 501
1800 475 633
1800 442 821
1800 237 56
1800 77 804
1800 215 618
1800 286 1171
1820 452 631
1820 217 625
1820 94 842
1820 424 839
1820 300 564
1820 224 1270
1820 375 834
1820 85 415
1820 373 835
1820 310 661
1820 88 410
1820 291 668
1820 445 429
1820 281 846
1820 285 528
1820 257 559
1820 159 1281
1820 379 849
1820 427 391
1820 417 512
1820 258 499
1820 417 510
1820 203 1365
1820 215 624
1820 423 834
1820 237 529
1820 224 1276
1840 218 626
1840 369 293
1840 322 860
1840 52 896
1840 37 502
1840 323 859
1840 292 536
1840 79 448
1840 381 853
1840 314 668
1840 290 666
1840 362 283
1840 360 625
1840 284 527
1840 259 569
1840 160 1343
1840 320 856
1840 413 644
1840 324 858
1840 258 499
1840 362 498
1840 164 1329
1840 363 629
1840 413 647
1840 250 556
1840 170 1346
1840 361 288
1860 218 625
1860 409 750
1860 391 853
1860 51 919
1860 298 556
1860 401 822
1860 309 664
1860 293 608
1860 470 533
1860 286 527
1860 261 554
1860 354 826
1860 473 520
1860 258 501
1860 441 269
1860 284 532
1860 397 838
1860 54 924
1860 240 528
1860 359 1222
1860 309 177
1880 218 626
1880 429 502
1880 368 822
1880 401 834
1880 298 561
1880 333 739
1880 312 665
1880 290 585
1880 455 501
1880 348 672
1880 289 522
1880 259 562
1880 315 696
1880 464 431
1880 429 492
1880 267 494
1880 377 506
1880 295 560
1880 401 822
1880 239 528
1880 398 843
1900 464 827
1900 218 637
1900 366 486
1900 395 840
1900 472 1186
1900 54 785
1900 80 704
1900 461 825
1900 299 551
1900 398 832
1900 311 665
1900 304 668
1900 349 479
1900 287 526
1900 260 563
1900 434 425
1900 441 391
1900 258 496
1900 371 490
1900 308 664
1900 404 827
1900 437 327
1900 84 755
1900 214 624
1900 257 549
1920 436 907
1920 218 629
1920 394 541
1920 387 851
1920 459 1113
1920 75 1012
1920 35 326
1920 264 506
1920 80 690
1920 416 911
1920 302 565
1920 104 680
1920 382 786
1920 309 662
1920 295 631
1920 380 800
1920 155 277
1920 281 526
1920 263 541
1920 378 781
1920 403 339
1920 445 450
1920 262 500
1920 407 344
1920 177 612
1920 396 842
1920 232 571
1920 121 857
1920 238 530
1920 422 916
1940 458 875
1940 217 619
1940 461 283
1940 362 847
1940 472 1132
1940 67 849
1940 16 609
1940 73 588
1940 385 280
1940 459 877
1940 301 558
1940 395 835
1940 126 523
1940 394 820
1940 312 653
1940 42 286
1940 148 505
1940 296 651
1940 393 268
1940 292 654
1940 289 525
1940 259 543
1940 126 526
1940 361 725
1940 383 260
1940 424 565
1940 347 889
1940 232 430
1940 461 282
1940 249 543
1940 399 834
1940 365 997
1940 69 859
1940 239 526
1940 360 989
1940 354 292
1960 427 944
1960 214 627
1960 466 131
1960 356 838
1960 429 952
1960 68 511
1960 252 723
1960 72 536
1960 367 276
1960 417 981
1960 299 563
1960 323 1262
1960 119 383
1960 392 852
1960 302 668
1960 90 409
1960 303 672
1960 366 210
1960 257 485
1960 285 529
1960 266 551
1960 93 410
1960 359 848
1960 358 222
1960 425 542
1960 300 1075
1960 263 499
1960 455 171
1960 216 474
1960 426 941
1960 416 989
1960 172 706
1960 82 607
1960 197 519
1960 242 541
1960 23 481
1980 456 893
1980 216 623
1980 347 134
1980 347 830
1980 406 1043
1980 72 427
1980 49 628
1980 402 1037
1980 298 556
1980 267 1342
1980 106 299
1980 399 817
1980 316 650
1980 89 316
1980 283 629
1980 427 74
1980 280 526
1980 260 563
1980 164 706
1980 346 837
1980 248 1153
1980 476 911
1980 352 831
1980 262 503
1980 375 481
1980 172 486
1980 399 818
1980 387 1054
1980 235 533
1980 349 1124
1980 244 1153
1980 314 120
1980 42 414
