1800 464 638
1800 217 630
1800 77 492
1800 79 883
1800 239 75
1800 437 827
1800 301 569
1800 292 1166
1800 427 611
1800 391 821
1800 308 663
1800 307 668
1800 287 529
1800 261 569
1800 282 665
1800 394 827
1800 286 1121
1800 424 817
1800 261 501
1800 442 831
1800 316 810
1800 241 532
1800 283 1161
1800 369 767
1820 453 638
1820 217 626
1820 422 387
1820 32 896
1820 423 842
1820 300 572
1820 413 639
1820 416 837
1820 305 667
1820 87 422
1820 305 671
1820 222 1251
1820 284 530
1820 255 570
1820 222 1230
1820 424 514
1820 420 833
1820 260 500
1820 423 386
1820 381 847
1820 239 533
1820 371 815
1840 411 664
1840 217 626
1840 82 456
1840 60 909
1840 300 565
1840 416 650
1840 384 853
1840 308 662
1840 301 671
1840 287 526
1840 259 569
1840 321 874
1840 362 500
1840 392 658
1840 260 500
1840 397 852
1840 319 874
1840 240 532
1840 336 865
1860 479 525
1860 217 626
1860 373 557
1860 76 469
1860 57 940
1860 341 496
1860 387 853
1860 300 567
1860 387 853
1860 309 669
1860 306 670
1860 315 184
1860 287 529
1860 262 569
1860 375 689
1860 373 557
1860 383 693
1860 260 502
1860 351 836
1860 241 532
1860 361 813
1880 432 503
1880 218 627
1880 430 502
1880 66 535
1880 53 855
1880 397 843
1880 300 566
1880 465 437
1880 382 857
1880 313 670
1880 307 671
1880 288 524
1880 261 565
1880 333 724
1880 378 510
1880 403 820
1880 307 617
1880 271 495
1880 467 435
1880 354 826
1880 328 760
1880 241 531
1880 352 820
1900 471 827
1900 218 632
1900 430 455
1900 58 757
1900 62 641
1900 347 510
1900 393 856
1900 300 565
1900 448 394
1900 386 862
1900 315 669
1900 304 667
1900 386 494
1900 287 528
1900 258 567
1900 435 451
1900 353 828
1900 379 494
1900 353 835
1900 393 850
1900 263 498
1900 440 387
1900 463 830
1900 354 829
1900 241 533
1900 353 828
1920 456 712
1920 216 626
1920 402 354
1920 80 689
1920 299 443
1920 418 912
1920 307 570
1920 448 411
1920 381 859
1920 306 661
1920 157 642
1920 278 666
1920 286 532
1920 261 548
1920 160 640
1920 395 544
1920 413 802
1920 265 503
1920 402 345
1920 425 915
1920 356 833
1920 158 644
1920 240 532
1920 351 828
1940 476 888
1940 217 627
1940 387 266
1940 359 985
1940 72 599
1940 28 758
1940 431 324
1940 362 977
1940 300 569
1940 422 570
1940 147 500
1940 376 865
1940 309 670
1940 34 274
1940 148 502
1940 306 673
1940 376 295
1940 286 528
1940 265 566
1940 251 463
1940 310 670
1940 400 833
1940 361 972
1940 260 488
1940 378 296
1940 461 867
1940 352 849
1940 241 532
1940 362 975
1940 356 817
1960 435 196
1960 217 628
1960 432 204
1960 429 939
1960 429 934
1960 58 513
1960 82 505
1960 397 215
1960 426 946
1960 300 567
1960 424 561
1960 160 440
1960 380 863
1960 304 672
1960 93 408
1960 294 679
1960 331 205
1960 194 745
1960 216 476
1960 286 530
1960 266 561
1960 356 216
1960 368 203
1960 352 833
1960 382 854
1960 300 1065
1960 265 501
1960 351 164
1960 354 827
1960 215 476
1960 358 833
1980 218 628
1980 393 1045
1980 439 957
1980 44 427
1980 66 426
1980 402 1036
1980 299 567
1980 276 1175
1980 139 361
1980 393 845
1980 299 565
1980 86 299
1980 294 669
1980 362 492
1980 319 106
1980 86 417
1980 247 1162
1980 286 531
1980 263 563
1980 336 139
1980 349 1023
1980 362 492
1980 396 832
1980 351 1026
1980 265 503
1980 177 488
1980 453 893
1980 352 831
1980 99 755
1980 241 531
1980 277 1216
1980 42 422
