1800 457 637
1800 217 628
1800 390 826
1800 78 490
1800 36 893
1800 246 65
1800 301 569
1800 295 1172
1800 430 612
1800 391 822
1800 310 667
1800 317 811
1800 287 528
1800 261 569
1800 287 1115
1800 440 828
1800 262 501
1800 442 830
1800 241 534
1800 292 1182
1800 370 771
1820 452 640
1820 218 626
1820 424 388
1820 420 839
1820 36 885
1820 419 838
1820 300 570
1820 411 643
1820 386 847
1820 303 670
1820 351 689
1820 284 529
1820 257 570
1820 229 1267
1820 424 513
1820 411 641
1820 260 501
1820 410 645
1820 352 671
1820 238 534
1820 359 841
1820 84 424
1840 217 627
1840 390 658
1840 80 455
1840 59 907
1840 407 682
1840 299 566
1840 416 649
1840 384 854
1840 312 681
1840 366 631
1840 287 525
1840 261 570
1840 291 568
1840 318 864
1840 364 500
1840 397 662
1840 260 500
1840 337 853
1840 240 532
1840 283 656
1840 335 861
1860 476 508
1860 218 628
1860 385 858
1860 78 468
1860 399 838
1860 301 568
1860 384 852
1860 307 669
1860 365 686
1860 315 182
1860 287 528
1860 262 566
1860 369 686
1860 345 497
1860 283 650
1860 404 818
1860 260 501
1860 473 498
1860 386 696
1860 241 531
1860 355 829
1880 467 435
1880 218 628
1880 432 504
1880 308 711
1880 49 861
1880 399 840
1880 298 567
1880 432 505
1880 382 854
1880 305 667
1880 335 747
1880 287 528
1880 263 565
1880 285 611
1880 432 505
1880 431 503
1880 351 845
1880 269 494
1880 469 434
1880 359 846
1880 241 529
1880 353 839
1880 352 822
1900 477 753
1900 217 631
1900 381 504
1900 381 853
1900 70 776
1900 67 656
1900 405 834
1900 301 569
1900 453 405
1900 384 855
1900 309 667
1900 383 498
1900 286 527
1900 262 565
1900 292 683
1900 230 695
1900 382 505
1900 230 679
1900 354 831
1900 262 496
1900 449 418
1900 380 504
1900 461 829
1900 241 533
1900 355 828
1920 456 710
1920 216 629
1920 381 378
1920 419 909
1920 80 688
1920 414 902
1920 307 584
1920 446 412
1920 379 860
1920 301 665
1920 80 687
1920 315 460
1920 284 531
1920 273 567
1920 175 609
1920 445 411
1920 390 745
1920 265 501
1920 404 345
1920 411 896
1920 107 677
1920 241 531
1920 358 839
1920 41 271
1940 477 876
1940 218 626
1940 366 300
1940 391 847
1940 374 960
1940 300 569
1940 422 568
1940 146 497
1940 378 862
1940 308 670
1940 128 521
1940 357 736
1940 389 267
1940 283 529
1940 266 562
1940 296 721
1940 461 305
1940 258 472
1940 398 836
1940 361 987
1940 253 496
1940 404 313
1940 465 876
1940 354 837
1940 240 531
1940 361 978
1940 356 827
1960 439 204
1960 217 626
1960 340 218
1960 429 930
1960 428 927
1960 68 519
1960 425 945
1960 301 565
1960 426 553
1960 164 435
1960 382 856
1960 305 672
1960 90 406
1960 164 439
1960 333 204
1960 286 530
1960 267 562
1960 265 497
1960 247 725
1960 299 1066
1960 424 557
1960 300 1067
1960 265 500
1960 427 221
1960 164 434
1960 428 929
1960 369 832
1960 216 474
1960 353 830
1980 219 624
1980 357 1049
1980 404 1020
1980 58 426
1980 63 615
1980 400 1040
1980 299 567
1980 265 1169
1980 395 842
1980 300 593
1980 88 310
1980 313 125
1980 285 530
1980 265 564
1980 163 712
1980 372 477
1980 398 832
1980 350 1029
1980 265 502
1980 178 486
1980 452 894
1980 115 755
1980 241 530
1980 361 1054
1980 278 1163
1980 354 829
1980 65 433
