1800 455 639
1800 215 631
1800 38 911
1800 73 503
1800 75 486
1800 432 828
1800 301 570
1800 301 1191
1800 428 611
1800 391 828
1800 312 673
1800 295 665
1800 283 534
1800 261 573
1800 298 576
1800 314 814
1800 285 1123
1800 441 830
1800 259 503
1800 441 829
1800 371 775
1800 238 534
1800 285 1125
1800 315 814
1820 452 640
1820 215 625
1820 451 648
1820 32 900
1820 421 842
1820 299 574
1820 411 642
1820 422 841
1820 303 669
1820 81 419
1820 301 676
1820 224 1259
1820 283 533
1820 258 578
1820 229 1267
1820 382 858
1820 274 859
1820 419 387
1820 273 861
1820 412 643
1820 274 862
1820 259 502
1820 423 839
1820 369 836
1820 88 424
1820 236 537
1820 405 655
1820 227 1257
1820 415 839
1820 86 422
1840 216 629
1840 430 665
1840 73 463
1840 161 1368
1840 297 569
1840 217 627
1840 418 653
1840 383 856
1840 311 662
1840 54 459
1840 290 675
1840 362 286
1840 286 529
1840 259 581
1840 162 1358
1840 317 868
1840 415 654
1840 259 502
1840 64 919
1840 162 1356
1840 422 654
1840 354 838
1840 239 540
1840 174 1351
1840 319 870
1840 80 457
1860 473 523
1860 216 631
1860 378 861
1860 49 914
1860 70 479
1860 285 614
1860 76 463
1860 312 188
1860 403 832
1860 300 570
1860 389 857
1860 357 703
1860 294 675
1860 286 531
1860 263 570
1860 366 574
1860 383 702
1860 475 512
1860 370 690
1860 472 519
1860 259 505
1860 475 509
1860 356 849
1860 239 538
1860 403 830
1860 346 853
1860 74 471
1880 216 628
1880 379 861
1880 466 430
1880 46 865
1880 66 535
1880 62 865
1880 66 533
1880 402 822
1880 296 577
1880 387 859
1880 308 675
1880 299 674
1880 345 521
1880 286 530
1880 260 572
1880 314 674
1880 431 507
1880 465 436
1880 308 673
1880 268 497
1880 429 506
1880 68 542
1880 472 437
1880 354 846
1880 70 550
1880 238 533
1880 404 823
1880 327 763
1900 462 833
1900 217 632
1900 350 512
1900 385 868
1900 53 783
1900 30 757
1900 62 672
1900 64 774
1900 468 843
1900 299 570
1900 216 630
1900 454 405
1900 402 833
1900 326 574
1900 297 684
1900 430 452
1900 281 541
1900 285 530
1900 260 571
1900 56 796
1900 429 452
1900 273 533
1900 351 835
1900 432 452
1900 409 836
1900 465 832
1900 240 669
1900 260 500
1900 58 778
1900 431 387
1900 70 660
1900 463 831
1900 354 830
1900 65 650
1900 239 537
1900 354 834
1920 456 711
1920 216 626
1920 387 380
1920 432 921
1920 456 710
1920 11 494
1920 80 693
1920 408 398
1920 405 907
1920 300 570
1920 412 368
1920 408 900
1920 303 668
1920 177 617
1920 287 667
1920 281 651
1920 281 529
1920 266 573
1920 107 683
1920 160 645
1920 304 567
1920 403 369
1920 440 915
1920 264 504
1920 406 402
1920 423 918
1920 373 863
1920 156 646
1920 107 688
1920 235 540
1920 403 852
1920 363 853
1940 215 619
1940 462 308
1940 362 999
1940 466 863
1940 65 609
1940 81 753
1940 440 329
1940 365 1003
1940 300 573
1940 424 573
1940 284 528
1940 398 836
1940 309 666
1940 49 417
1940 147 502
1940 307 672
1940 371 302
1940 285 529
1940 263 571
1940 80 600
1940 359 1004
1940 305 668
1940 454 313
1940 290 739
1940 466 864
1940 376 870
1940 247 467
1940 439 321
1940 84 599
1940 144 498
1940 457 871
1940 351 845
1940 127 524
1940 237 538
1940 293 742
1940 354 847
1960 212 627
1960 430 205
1960 428 948
1960 430 944
1960 66 518
1960 63 511
1960 399 226
1960 409 1009
1960 298 565
1960 320 1066
1960 425 557
1960 216 477
1960 382 864
1960 302 673
1960 90 404
1960 120 386
1960 301 675
1960 345 214
1960 120 385
1960 283 531
1960 263 572
1960 184 752
1960 422 569
1960 317 1071
1960 433 554
1960 329 1064
1960 264 504
1960 425 226
1960 120 385
1960 427 945
1960 357 842
1960 96 413
1960 215 477
1960 316 1074
1960 184 754
1960 367 853
1980 212 632
1980 363 497
1980 394 1045
1980 453 895
1980 61 784
1980 272 608
1980 81 747
1980 366 1049
1980 298 567
1980 289 1270
1980 176 496
1980 395 840
1980 357 492
1980 79 426
1980 90 319
1980 297 661
1980 267 1208
1980 283 531
1980 262 571
1980 93 757
1980 277 570
1980 361 1053
1980 361 847
1980 364 149
1980 263 1178
1980 458 894
1980 371 1063
1980 263 504
1980 270 1181
1980 115 464
1980 453 892
1980 352 841
1980 111 465
1980 79 757
1980 237 540
1980 374 1072
1980 380 1108
1980 353 837
1980 40 417
