1800 464 631
1800 217 627
1800 77 486
1800 77 886
1800 238 56
1800 301 570
1800 288 1118
1800 431 612
1800 392 823
1800 310 667
1800 317 810
1800 246 64
1800 288 530
1800 261 567
1800 289 1114
1800 417 818
1800 261 501
1800 442 830
1800 240 533
1800 291 1207
1800 369 770
1820 452 641
1820 218 626
1820 425 390
1820 33 895
1820 300 571
1820 412 641
1820 392 873
1820 305 668
1820 86 420
1820 352 684
1820 284 530
1820 257 567
1820 230 1269
1820 427 513
1820 364 777
1820 261 501
1820 421 838
1820 238 535
1820 361 840
1840 217 627
1840 80 456
1840 299 563
1840 417 647
1840 381 854
1840 308 679
1840 363 613
1840 363 291
1840 287 526
1840 260 569
1840 317 867
1840 363 500
1840 393 659
1840 261 501
1840 353 833
1840 240 533
1840 340 851
1860 218 627
1860 77 472
1860 398 840
1860 301 569
1860 385 854
1860 306 666
1860 366 579
1860 315 181
1860 286 529
1860 263 567
1860 307 590
1860 399 831
1860 260 502
1860 241 533
1860 355 823
1880 219 628
1880 433 505
1880 66 533
1880 49 866
1880 401 831
1880 299 568
1880 465 445
1880 380 854
1880 307 665
1880 323 721
1880 286 528
1880 263 567
1880 378 510
1880 432 504
1880 269 494
1880 354 851
1880 241 530
1880 354 825
1900 477 756
1900 218 631
1900 430 450
1900 63 643
1900 346 494
1900 403 843
1900 300 567
1900 451 399
1900 385 856
1900 310 666
1900 262 565
1900 351 488
1900 238 722
1900 285 527
1900 265 565
1900 295 671
1900 381 497
1900 403 832
1900 262 496
1900 449 396
1900 462 833
1900 241 531
1900 355 830
1920 455 710
1920 216 627
1920 399 356
1920 427 922
1920 307 569
1920 447 417
1920 380 861
1920 303 665
1920 95 691
1920 281 530
1920 274 598
1920 166 623
1920 394 542
1920 395 751
1920 265 503
1920 403 344
1920 431 915
1920 109 681
1920 241 531
1920 360 823
1940 218 626
1940 370 299
1940 20 746
1940 373 986
1940 300 570
1940 422 570
1940 147 499
1940 380 861
1940 309 669
1940 45 279
1940 128 531
1940 304 690
1940 374 296
1940 285 528
1940 265 555
1940 293 727
1940 401 832
1940 361 978
1940 258 492
1940 393 290
1940 461 869
1940 352 850
1940 241 531
1940 356 830
1960 432 194
1960 216 622
1960 430 945
1960 65 507
1960 422 950
1960 300 563
1960 426 554
1960 163 423
1960 384 860
1960 305 670
1960 90 404
1960 165 433
1960 327 203
1960 285 530
1960 265 563
1960 249 593
1960 421 567
1960 300 1065
1960 265 501
1960 377 208
1960 165 442
1960 425 940
1960 371 826
1960 217 475
1960 349 829
1980 220 626
1980 359 1034
1980 404 1026
1980 41 424
1980 402 1036
1980 299 565
1980 180 488
1980 387 853
1980 303 573
1980 90 307
1980 375 480
1980 250 1153
1980 285 530
1980 264 566
1980 161 717
1980 377 481
1980 399 831
1980 352 1024
1980 265 503
1980 179 487
1980 451 892
1980 99 757
1980 240 532
1980 269 1164
1980 353 829
1980 59 423
