1800 469 629
1800 217 627
1800 77 486
1800 76 887
1800 241 59
1800 301 570
1800 430 613
1800 392 822
1800 310 670
1800 317 810
1800 240 58
1800 287 530
1800 261 566
1800 288 1114
1800 418 821
1800 261 501
1800 443 828
1800 241 532
1800 370 769
1820 452 641
1820 217 625
1820 424 388
1820 33 894
1820 300 570
1820 412 640
1820 406 870
1820 306 666
1820 87 419
1820 408 645
1820 283 530
1820 257 567
1820 424 512
1820 352 677
1820 260 501
1820 421 844
1820 239 535
1820 361 839
1840 217 626
1840 80 455
1840 298 564
1840 417 647
1840 382 853
1840 312 677
1840 362 614
1840 286 526
1840 261 568
1840 317 873
1840 363 499
1840 393 658
1840 261 501
1840 350 837
1840 240 533
1840 345 843
1860 218 627
1860 75 472
1860 301 570
1860 383 851
1860 306 667
1860 366 582
1860 315 182
1860 286 529
1860 263 567
1860 304 578
1860 388 846
1860 260 502
1860 241 532
1860 355 825
1880 218 627
1880 433 506
1880 66 537
1880 45 863
1880 399 840
1880 299 568
1880 433 504
1880 381 853
1880 306 663
1880 326 728
1880 286 528
1880 263 566
1880 378 509
1880 432 504
1880 268 493
1880 354 851
1880 241 529
1880 354 824
1900 477 755
1900 217 630
1900 430 449
1900 61 643
1900 283 539
1900 401 837
1900 301 567
1900 450 397
1900 385 853
1900 309 666
1900 273 592
1900 349 482
1900 233 723
1900 285 527
1900 264 565
1900 294 669
1900 382 496
1900 401 839
1900 262 496
1900 448 398
1900 462 833
1900 355 829
1900 241 532
1900 354 829
1920 455 710
1920 216 625
1920 399 356
1920 428 920
1920 307 569
1920 409 383
1920 381 860
1920 305 664
1920 88 693
1920 281 529
1920 272 618
1920 173 612
1920 337 472
1920 398 753
1920 265 502
1920 403 343
1920 431 913
1920 106 676
1920 241 531
1920 360 822
1920 50 275
1940 217 626
1940 370 301
1940 20 745
1940 374 989
1940 301 570
1940 423 570
1940 146 495
1940 380 860
1940 309 668
1940 41 283
1940 128 527
1940 305 681
1940 372 305
1940 284 529
1940 265 558
1940 293 723
1940 400 831
1940 361 978
1940 257 492
1940 390 289
1940 461 868
1940 351 849
1940 240 530
1940 358 829
1960 216 623
1960 430 949
1960 64 505
1960 421 950
1960 301 565
1960 423 560
1960 162 426
1960 384 860
1960 306 668
1960 90 403
1960 166 442
1960 327 203
1960 256 575
1960 285 529
1960 266 565
1960 179 732
1960 223 630
1960 303 1062
1960 420 568
1960 299 1066
1960 265 500
1960 378 189
1960 164 442
1960 422 946
1960 372 823
1960 216 475
1960 349 827
1980 219 625
1980 353 1025
1980 402 1034
1980 299 565
1980 177 487
1980 386 853
1980 312 586
1980 87 300
1980 362 484
1980 340 148
1980 249 1153
1980 285 530
1980 265 566
1980 159 720
1980 378 481
1980 398 829
1980 351 1023
1980 265 502
1980 178 487
1980 451 892
1980 99 757
1980 241 532
1980 353 827
1980 61 424
