1800 465 633
1800 217 623
1800 77 482
1800 30 892
1800 441 824
1800 301 568
1800 298 1187
1800 429 611
1800 390 810
1800 307 659
1800 318 805
1800 286 528
1800 261 562
1800 288 1127
1800 442 825
1800 261 498
1800 460 603
1800 442 827
1800 240 527
1800 391 820
1800 291 1183
1800 369 769
1820 452 634
1820 216 620
1820 421 384
1820 420 834
1820 32 893
1820 421 834
1820 301 569
1820 451 630
1820 382 845
1820 304 664
1820 87 416
1820 354 684
1820 223 1247
1820 284 528
1820 254 564
1820 224 1255
1820 276 849
1820 424 514
1820 409 637
1820 260 498
1820 431 394
1820 421 833
1820 409 638
1820 239 532
1820 357 837
1840 216 625
1840 262 568
1840 398 842
1840 394 659
1840 80 454
1840 60 906
1840 298 561
1840 395 859
1840 300 563
1840 415 649
1840 378 852
1840 315 674
1840 363 498
1840 282 669
1840 287 524
1840 260 566
1840 364 616
1840 362 611
1840 363 499
1840 415 647
1840 260 498
1840 368 501
1840 390 656
1840 373 851
1840 240 531
1840 350 834
1860 477 511
1860 216 623
1860 372 676
1860 390 859
1860 77 455
1860 53 936
1860 287 529
1860 403 820
1860 300 564
1860 366 701
1860 392 841
1860 310 668
1860 371 556
1860 311 178
1860 299 555
1860 287 527
1860 263 562
1860 306 665
1860 373 557
1860 359 821
1860 259 498
1860 302 604
1860 474 507
1860 371 687
1860 240 531
1860 359 837
1860 354 825
1880 467 434
1880 217 626
1880 430 501
1880 335 744
1880 66 527
1880 47 857
1880 307 664
1880 404 817
1880 299 561
1880 297 561
1880 431 502
1880 378 855
1880 316 675
1880 322 733
1880 286 521
1880 287 522
1880 260 563
1880 337 737
1880 378 508
1880 465 432
1880 378 855
1880 266 492
1880 465 434
1880 379 858
1880 240 530
1880 358 838
1880 352 822
1900 473 825
1900 217 629
1900 433 448
1900 52 775
1900 62 636
1900 63 642
1900 348 504
1900 461 825
1900 300 547
1900 444 390
1900 384 856
1900 309 665
1900 368 484
1900 236 693
1900 286 527
1900 259 556
1900 303 661
1900 379 492
1900 462 822
1900 260 494
1900 435 386
1900 464 826
1900 354 826
1900 68 756
1900 240 530
1900 353 826
1920 456 709
1920 215 623
1920 399 347
1920 416 909
1920 423 914
1920 81 689
1920 400 354
1920 414 905
1920 307 567
1920 395 543
1920 176 606
1920 379 857
1920 305 663
1920 159 644
1920 401 372
1920 281 527
1920 278 524
1920 264 553
1920 211 610
1920 301 646
1920 395 542
1920 450 752
1920 264 500
1920 411 358
1920 177 606
1920 434 910
1920 369 827
1920 102 675
1920 80 684
1920 239 530
1920 357 822
1940 474 883
1940 217 623
1940 384 263
1940 361 994
1940 72 595
1940 76 952
1940 301 565
1940 423 567
1940 147 495
1940 374 858
1940 308 667
1940 48 309
1940 125 512
1940 312 685
1940 390 265
1940 291 668
1940 285 524
1940 264 552
1940 309 668
1940 442 319
1940 462 863
1940 355 829
1940 236 435
1940 388 265
1940 148 500
1940 460 867
1940 352 841
1940 239 525
1940 365 972
1940 353 836
1960 216 621
1960 430 929
1960 430 925
1960 47 505
1960 96 491
1960 333 206
1960 429 926
1960 301 565
1960 426 550
1960 159 437
1960 375 855
1960 304 667
1960 91 401
1960 128 388
1960 370 195
1960 250 710
1960 286 529
1960 265 556
1960 238 494
1960 177 713
1960 265 696
1960 426 549
1960 432 550
1960 326 1066
1960 265 499
1960 402 218
1960 214 474
1960 426 933
1960 373 832
1960 214 473
1960 318 1068
1960 350 834
1980 217 616
1980 284 527
1980 352 1027
1980 455 899
1980 37 431
1980 73 414
1980 384 1009
1980 299 563
1980 263 1172
1980 362 486
1980 176 487
1980 396 829
1980 310 579
1980 85 297
1980 363 491
1980 289 545
1980 247 1153
1980 286 528
1980 263 558
1980 216 611
1980 278 589
1980 215 611
1980 372 473
1980 248 1153
1980 399 825
1980 360 1042
1980 264 501
1980 326 119
1980 175 486
1980 453 890
1980 346 1008
1980 91 751
1980 239 530
1980 359 1054
1980 266 1171
1980 352 826
1980 47 416
