1800 459 624
1800 218 632
1800 41 887
1800 77 501
1800 240 75
1800 448 838
1800 300 569
1800 297 1195
1800 431 609
1800 233 89
1800 391 822
1800 310 666
1800 299 665
1800 257 78
1800 284 532
1800 262 573
1800 315 812
1800 286 1121
1800 425 813
1800 261 501
1800 442 827
1800 377 781
1800 240 536
1800 183 1307
1800 313 813
1800 78 489
1820 452 639
1820 218 628
1820 425 522
1820 422 839
1820 416 633
1820 31 900
1820 451 645
1820 300 570
1820 410 641
1820 421 839
1820 305 666
1820 286 673
1820 282 532
1820 256 573
1820 276 855
1820 417 519
1820 410 639
1820 357 842
1820 261 501
1820 432 403
1820 421 840
1820 384 847
1820 238 535
1820 356 681
1820 228 1268
1820 356 680
1820 84 423
1840 218 627
1840 401 831
1840 9 441
1840 297 560
1840 415 650
1840 404 836
1840 314 664
1840 13 175
1840 285 666
1840 364 619
1840 285 528
1840 259 573
1840 158 1345
1840 319 869
1840 284 672
1840 415 649
1840 405 826
1840 261 501
1840 159 1331
1840 417 650
1840 378 853
1840 241 535
1840 335 864
1840 81 456
1860 471 504
1860 218 632
1860 399 810
1860 57 484
1860 316 179
1860 317 181
1860 388 857
1860 299 563
1860 313 183
1860 401 828
1860 302 675
1860 292 667
1860 285 532
1860 264 566
1860 315 183
1860 374 558
1860 383 694
1860 260 503
1860 55 936
1860 355 837
1860 241 536
1860 345 504
1860 66 477
1880 468 434
1880 219 632
1880 431 506
1880 353 846
1880 67 538
1880 22 790
1880 384 860
1880 299 567
1880 471 434
1880 392 848
1880 299 569
1880 290 669
1880 466 442
1880 287 528
1880 259 570
1880 356 832
1880 431 506
1880 465 435
1880 297 573
1880 271 497
1880 432 507
1880 357 845
1880 241 533
1880 369 854
1880 330 751
1880 67 539
1900 218 637
1900 379 499
1900 470 833
1900 59 646
1900 64 771
1900 431 453
1900 393 864
1900 299 563
1900 460 430
1900 403 826
1900 297 568
1900 289 672
1900 385 496
1900 286 529
1900 261 559
1900 382 501
1900 310 664
1900 383 498
1900 462 829
1900 260 497
1900 441 389
1900 462 830
1900 355 831
1900 241 539
1900 11 641
1920 456 713
1920 219 634
1920 383 377
1920 9 511
1920 80 691
1920 418 922
1920 305 566
1920 439 509
1920 409 812
1920 302 596
1920 286 669
1920 403 349
1920 283 531
1920 266 575
1920 106 684
1920 383 855
1920 355 825
1920 409 511
1920 455 710
1920 265 504
1920 385 380
1920 156 640
1920 421 922
1920 367 851
1920 156 642
1920 242 535
1920 358 831
1920 291 539
1920 20 632
1940 477 890
1940 218 629
1940 379 292
1940 468 870
1940 72 604
1940 18 796
1940 292 581
1940 461 884
1940 299 570
1940 424 571
1940 146 502
1940 392 854
1940 308 665
1940 21 289
1940 126 521
1940 293 675
1940 393 272
1940 288 644
1940 286 529
1940 264 574
1940 453 327
1940 459 863
1940 356 848
1940 257 477
1940 394 274
1940 127 523
1940 462 873
1940 355 846
1940 393 290
1940 240 535
1940 361 992
1940 344 740
1940 31 316
1960 216 628
1960 418 249
1960 429 944
1960 431 940
1960 62 510
1960 70 525
1960 37 220
1960 424 974
1960 300 568
1960 428 552
1960 161 442
1960 398 843
1960 303 673
1960 92 408
1960 159 443
1960 303 671
1960 344 64
1960 283 530
1960 265 571
1960 219 477
1960 295 1070
1960 222 629
1960 434 557
1960 385 861
1960 309 1055
1960 266 503
1960 371 183
1960 120 382
1960 428 942
1960 361 832
1960 332 209
1960 159 444
1960 217 478
1960 425 552
1980 217 629
1980 369 1061
1980 455 899
1980 84 736
1980 46 442
1980 80 749
1980 391 1049
1980 299 566
1980 267 1171
1980 178 489
1980 398 832
1980 297 565
1980 86 309
1980 107 464
1980 293 673
1980 353 146
1980 45 261
1980 246 1154
1980 284 530
1980 263 567
1980 96 762
1980 350 1040
1980 362 493
1980 248 1154
1980 396 829
1980 354 1043
1980 265 503
1980 67 306
1980 454 892
1980 354 839
1980 148 725
1980 240 535
1980 352 1034
1980 219 626
1980 68 433
