1800 441 830
1800 220 626
1800 412 808
1800 453 616
1800 78 482
1800 433 824
1800 304 569
1800 430 612
1800 263 65
1800 390 811
1800 310 667
1800 296 605
1800 287 529
1800 263 561
1800 325 798
1800 287 1115
1800 446 608
1800 263 501
1800 440 829
1800 421 809
1800 240 532
1800 294 1181
1800 301 567
1820 454 638
1820 220 625
1820 416 827
1820 422 637
1820 422 838
1820 302 570
1820 417 638
1820 387 847
1820 305 664
1820 88 418
1820 291 636
1820 227 1256
1820 286 530
1820 258 561
1820 282 859
1820 339 726
1820 427 388
1820 250 571
1820 429 512
1820 261 502
1820 426 387
1820 430 511
1820 368 679
1820 241 533
1820 241 1312
1820 301 559
1840 220 627
1840 379 850
1840 415 650
1840 299 568
1840 416 657
1840 383 850
1840 312 667
1840 298 630
1840 379 305
1840 289 529
1840 264 567
1840 214 622
1840 321 851
1840 321 862
1840 424 651
1840 349 832
1840 261 501
1840 360 503
1840 8 136
1840 405 839
1840 242 536
1840 317 866
1840 365 501
1860 220 624
1860 377 853
1860 316 180
1860 400 835
1860 303 567
1860 398 848
1860 307 673
1860 299 630
1860 289 530
1860 265 554
1860 345 852
1860 298 616
1860 474 499
1860 261 505
1860 54 924
1860 377 876
1860 249 524
1860 301 565
1880 221 626
1880 377 835
1880 464 439
1880 56 553
1880 403 823
1880 301 569
1880 463 436
1880 375 848
1880 308 673
1880 300 597
1880 285 81
1880 289 527
1880 259 563
1880 325 746
1880 307 669
1880 465 434
1880 431 503
1880 322 691
1880 272 499
1880 378 511
1880 473 436
1880 404 846
1880 240 531
1880 405 829
1900 464 828
1900 221 631
1900 434 401
1900 381 853
1900 462 829
1900 69 760
1900 78 661
1900 427 380
1900 406 831
1900 301 567
1900 442 391
1900 372 848
1900 314 668
1900 299 612
1900 386 495
1900 245 707
1900 290 526
1900 261 562
1900 220 627
1900 354 830
1900 283 671
1900 435 385
1900 223 630
1900 455 398
1900 264 499
1900 45 790
1900 354 475
1900 464 827
1900 386 862
1900 354 490
1900 90 753
1900 241 534
1900 263 555
1900 313 592
1920 424 906
1920 220 630
1920 394 866
1920 454 712
1920 98 689
1920 414 896
1920 313 587
1920 394 544
1920 244 541
1920 381 858
1920 312 665
1920 44 252
1920 291 656
1920 161 640
1920 284 531
1920 261 567
1920 105 679
1920 183 610
1920 391 741
1920 408 349
1920 418 352
1920 266 502
1920 411 369
1920 107 677
1920 106 677
1920 416 785
1920 377 858
1920 182 611
1920 244 537
1920 368 827
1920 304 458
1920 10 502
1940 461 872
1940 220 624
1940 453 322
1940 380 858
1940 457 871
1940 71 611
1940 72 605
1940 84 684
1940 301 567
1940 426 568
1940 264 479
1940 377 859
1940 309 668
1940 148 502
1940 289 622
1940 375 293
1940 301 562
1940 111 559
1940 289 524
1940 261 557
1940 241 531
1940 332 720
1940 281 665
1940 419 328
1940 248 532
1940 424 569
1940 358 842
1940 242 447
1940 463 288
1940 129 518
1940 459 869
1940 367 974
1940 74 597
1940 240 530
1940 363 997
1940 72 598
1940 281 666
1960 217 626
1960 436 177
1960 430 933
1960 431 936
1960 33 550
1960 74 503
1960 421 976
1960 302 563
1960 426 558
1960 247 482
1960 377 852
1960 303 671
1960 93 408
1960 159 444
1960 279 675
1960 346 205
1960 256 711
1960 146 465
1960 289 527
1960 258 564
1960 175 742
1960 215 625
1960 353 858
1960 239 513
1960 427 550
1960 326 1059
1960 266 501
1960 167 746
1960 121 385
1960 379 857
1960 217 625
1960 265 504
1960 366 846
1960 272 567
1960 35 305
1980 454 900
1980 223 627
1980 396 1042
1980 453 897
1980 36 435
1980 99 749
1980 369 110
1980 399 1044
1980 301 564
1980 366 116
1980 247 540
1980 387 852
1980 354 624
1980 84 417
1980 86 306
1980 297 615
1980 330 135
1980 115 248
1980 272 1171
1980 289 529
1980 262 559
1980 184 740
1980 217 624
1980 353 846
1980 353 1019
1980 275 1170
1980 361 1028
1980 266 503
1980 362 489
1980 455 892
1980 387 852
1980 173 726
1980 241 535
1980 363 1057
1980 287 531
1980 35 407
