1800 467 629
1800 216 629
1800 77 492
1800 41 903
1800 238 59
1800 441 831
1800 301 569
1800 295 1155
1800 427 612
1800 392 824
1800 310 666
1800 316 810
1800 286 529
1800 261 569
1800 308 664
1800 286 1116
1800 407 817
1800 260 501
1800 442 830
1800 240 533
1800 286 1177
1800 369 771
1820 452 637
1820 217 627
1820 423 388
1820 354 685
1820 33 893
1820 419 831
1820 300 572
1820 412 644
1820 414 856
1820 305 668
1820 85 421
1820 355 677
1820 284 529
1820 255 568
1820 228 1259
1820 429 514
1820 355 681
1820 260 501
1820 367 847
1820 237 534
1820 363 842
1840 217 628
1840 79 457
1840 58 902
1840 298 569
1840 416 648
1840 385 853
1840 299 679
1840 362 610
1840 285 526
1840 260 570
1840 318 870
1840 364 501
1840 404 659
1840 260 502
1840 342 864
1840 240 535
1840 342 850
1860 217 628
1860 345 505
1860 75 470
1860 395 848
1860 300 571
1860 387 855
1860 308 667
1860 374 684
1860 314 182
1860 286 529
1860 262 566
1860 367 702
1860 343 499
1860 402 828
1860 388 695
1860 259 502
1860 312 180
1860 361 726
1860 240 534
1860 354 835
1880 467 435
1880 217 629
1880 377 510
1880 65 538
1880 44 865
1880 396 841
1880 298 574
1880 464 438
1880 381 854
1880 303 664
1880 331 729
1880 286 527
1880 262 566
1880 377 514
1880 432 504
1880 269 495
1880 355 829
1880 240 530
1880 354 826
1900 477 754
1900 217 633
1900 434 385
1900 53 782
1900 62 642
1900 399 843
1900 299 577
1900 453 403
1900 384 854
1900 306 667
1900 288 550
1900 347 495
1900 274 673
1900 284 529
1900 263 568
1900 282 606
1900 381 496
1900 289 634
1900 399 840
1900 282 651
1900 261 497
1900 353 477
1900 462 832
1900 353 836
1900 239 532
1900 354 829
1920 455 709
1920 214 628
1920 381 376
1920 427 925
1920 306 579
1920 382 859
1920 300 666
1920 88 694
1920 280 530
1920 270 556
1920 178 604
1920 394 543
1920 397 750
1920 264 503
1920 402 352
1920 420 899
1920 373 864
1920 105 679
1920 239 529
1920 359 830
1940 217 626
1940 394 283
1940 37 810
1940 364 977
1940 301 569
1940 421 569
1940 146 500
1940 379 862
1940 309 670
1940 100 588
1940 309 672
1940 376 304
1940 284 528
1940 266 552
1940 291 731
1940 298 713
1940 398 834
1940 360 976
1940 257 492
1940 409 336
1940 147 500
1940 462 870
1940 355 837
1940 239 533
1940 360 977
1940 356 833
1960 437 193
1960 216 624
1960 431 938
1960 430 930
1960 66 509
1960 73 510
1960 331 204
1960 423 948
1960 301 563
1960 425 557
1960 163 423
1960 382 856
1960 305 672
1960 90 404
1960 98 413
1960 332 204
1960 252 722
1960 285 529
1960 266 561
1960 181 737
1960 218 631
1960 276 687
1960 422 561
1960 302 1063
1960 264 501
1960 379 191
1960 161 441
1960 427 931
1960 373 862
1960 215 474
1960 351 830
1980 328 137
1980 219 625
1980 334 174
1980 361 1051
1980 403 1029
1980 64 423
1980 71 632
1980 399 1041
1980 299 566
1980 264 1172
1980 178 488
1980 387 851
1980 299 567
1980 88 304
1980 361 490
1980 325 124
1980 247 1152
1980 285 531
1980 264 567
1980 163 713
1980 369 481
1980 400 829
1980 352 1027
1980 265 503
1980 177 487
1980 452 892
1980 376 864
1980 93 751
1980 240 531
1980 271 1163
1980 352 829
1980 66 424
