1800 467 631
1800 217 627
1800 77 486
1800 78 875
1800 237 55
1800 300 569
1800 293 1151
1800 431 611
1800 392 823
1800 311 667
1800 318 806
1800 256 70
1800 286 529
1800 260 565
1800 288 1114
1800 410 811
1800 261 501
1800 442 829
1800 240 533
1800 291 1198
1800 370 769
1820 452 639
1820 218 626
1820 423 387
1820 34 887
1820 300 571
1820 410 642
1820 390 871
1820 304 666
1820 86 420
1820 353 676
1820 284 530
1820 256 565
1820 230 1268
1820 278 664
1820 427 515
1820 420 833
1820 260 501
1820 420 844
1820 356 680
1820 238 534
1820 280 664
1820 367 840
1820 86 419
1840 217 626
1840 80 456
1840 63 915
1840 362 501
1840 297 562
1840 416 648
1840 382 852
1840 308 678
1840 365 615
1840 286 526
1840 260 569
1840 317 870
1840 363 498
1840 392 657
1840 260 501
1840 352 832
1840 240 532
1840 344 841
1860 474 503
1860 218 626
1860 343 498
1860 77 468
1860 403 825
1860 300 567
1860 385 853
1860 306 668
1860 369 566
1860 314 183
1860 286 529
1860 262 564
1860 375 685
1860 344 497
1860 287 602
1860 401 826
1860 401 812
1860 260 502
1860 241 531
1860 289 665
1860 353 826
1880 218 627
1880 432 504
1880 278 658
1880 66 536
1880 45 862
1880 402 834
1880 298 568
1880 465 435
1880 380 854
1880 307 665
1880 320 701
1880 287 87
1880 286 527
1880 262 564
1880 377 510
1880 431 502
1880 267 494
1880 381 853
1880 241 529
1880 353 824
1900 477 751
1900 217 632
1900 436 451
1900 57 775
1900 63 641
1900 270 569
1900 406 829
1900 300 565
1900 451 399
1900 385 856
1900 310 665
1900 349 477
1900 240 723
1900 285 527
1900 263 561
1900 299 657
1900 381 495
1900 308 666
1900 395 847
1900 305 659
1900 262 495
1900 453 400
1900 462 832
1900 240 531
1900 277 661
1900 354 829
1920 456 711
1920 215 627
1920 395 363
1920 428 920
1920 307 569
1920 445 419
1920 378 860
1920 301 663
1920 100 681
1920 396 363
1920 282 529
1920 275 591
1920 178 603
1920 278 662
1920 394 543
1920 398 757
1920 265 501
1920 403 343
1920 431 914
1920 385 877
1920 107 679
1920 240 530
1920 359 820
1940 217 626
1940 390 272
1940 37 806
1940 300 569
1940 423 569
1940 147 497
1940 377 861
1940 308 668
1940 43 273
1940 139 505
1940 305 670
1940 373 295
1940 283 529
1940 264 559
1940 292 720
1940 399 831
1940 361 976
1940 255 481
1940 394 279
1940 462 869
1940 355 849
1940 239 529
1940 361 976
1940 357 829
1960 431 190
1960 216 623
1960 432 945
1960 61 506
1960 77 507
1960 389 216
1960 427 935
1960 301 561
1960 427 552
1960 163 426
1960 383 860
1960 305 670
1960 90 402
1960 166 440
1960 327 202
1960 253 725
1960 285 529
1960 265 561
1960 177 729
1960 256 576
1960 427 562
1960 303 1061
1960 265 500
1960 377 206
1960 163 441
1960 397 823
1960 215 474
1960 350 826
1980 219 625
1980 357 1033
1980 408 1019
1980 33 399
1980 402 1036
1980 298 564
1980 180 489
1980 386 853
1980 307 599
1980 88 304
1980 361 490
1980 334 142
1980 249 1152
1980 285 530
1980 264 563
1980 161 716
1980 377 480
1980 399 831
1980 350 1020
1980 265 502
1980 378 109
1980 178 487
1980 452 892
1980 355 845
1980 93 752
1980 240 531
1980 273 1161
1980 353 828
1980 64 414
