1800 449 622
1800 218 630
1800 77 490
1800 247 63
1800 438 824
1800 301 572
1800 285 1117
1800 444 608
1800 391 821
1800 309 670
1800 315 813
1800 285 661
1800 286 1120
1800 285 532
1800 261 574
1800 289 590
1800 299 573
1800 287 1119
1800 441 829
1800 261 502
1800 427 614
1800 442 832
1800 241 536
1800 415 817
1800 290 1141
1800 392 820
1820 453 642
1820 218 627
1820 422 387
1820 411 642
1820 34 893
1820 421 840
1820 300 573
1820 416 847
1820 418 516
1820 420 838
1820 304 673
1820 88 418
1820 271 620
1820 220 1234
1820 283 532
1820 256 572
1820 225 1256
1820 302 666
1820 277 854
1820 419 519
1820 358 841
1820 410 640
1820 287 672
1820 260 502
1820 422 387
1820 412 643
1820 380 850
1820 238 535
1820 388 852
1820 382 847
1840 218 630
1840 363 286
1840 404 662
1840 81 456
1840 70 923
1840 387 863
1840 298 568
1840 383 857
1840 411 654
1840 383 854
1840 308 676
1840 362 615
1840 275 666
1840 282 663
1840 286 528
1840 261 574
1840 296 573
1840 363 501
1840 318 875
1840 415 651
1840 260 502
1840 366 501
1840 319 877
1840 241 535
1840 385 856
1840 360 839
1860 476 522
1860 219 629
1860 77 460
1860 385 856
1860 301 570
1860 391 853
1860 309 668
1860 376 691
1860 313 183
1860 290 601
1860 287 531
1860 266 570
1860 307 666
1860 291 605
1860 374 558
1860 393 849
1860 354 827
1860 260 504
1860 475 519
1860 374 686
1860 241 537
1860 386 855
1860 355 830
1880 468 437
1880 219 630
1880 376 514
1880 67 538
1880 53 858
1880 280 68
1880 383 864
1880 299 572
1880 371 862
1880 431 506
1880 381 858
1880 318 681
1880 334 754
1880 281 608
1880 277 538
1880 287 529
1880 262 570
1880 304 668
1880 378 512
1880 305 732
1880 467 436
1880 309 688
1880 271 498
1880 468 438
1880 354 831
1880 241 533
1880 380 861
1880 355 841
1900 477 753
1900 218 634
1900 433 446
1900 463 830
1900 64 651
1900 64 647
1900 299 569
1900 453 404
1900 385 863
1900 336 617
1900 353 483
1900 356 489
1900 232 700
1900 286 531
1900 263 567
1900 335 464
1900 354 480
1900 305 667
1900 384 496
1900 365 498
1900 463 832
1900 262 500
1900 438 458
1900 464 835
1900 352 836
1900 241 535
1900 353 833
1920 456 714
1920 216 629
1920 398 365
1920 419 920
1920 422 921
1920 81 690
1920 402 366
1920 412 905
1920 305 576
1920 382 859
1920 395 544
1920 379 861
1920 303 660
1920 160 646
1920 414 504
1920 282 537
1920 278 530
1920 283 624
1920 216 628
1920 280 598
1920 304 664
1920 283 662
1920 399 540
1920 342 519
1920 410 821
1920 359 835
1920 265 504
1920 406 353
1920 177 608
1920 408 899
1920 361 837
1920 107 679
1920 241 535
1920 387 743
1920 375 859
1940 219 628
1940 373 293
1940 73 600
1940 395 280
1940 361 995
1940 300 572
1940 423 568
1940 148 502
1940 376 863
1940 309 674
1940 27 288
1940 149 503
1940 301 690
1940 391 268
1940 280 664
1940 283 654
1940 286 530
1940 266 562
1940 308 672
1940 372 309
1940 282 639
1940 463 293
1940 294 718
1940 462 869
1940 359 979
1940 251 467
1940 417 321
1940 243 452
1940 148 500
1940 464 872
1940 348 843
1940 240 534
1940 360 979
1940 292 585
1940 351 846
1960 432 558
1960 219 630
1960 413 230
1960 428 930
1960 429 939
1960 48 519
1960 296 1071
1960 86 500
1960 370 206
1960 427 947
1960 300 572
1960 426 553
1960 162 443
1960 382 863
1960 304 672
1960 91 404
1960 369 205
1960 256 719
1960 163 442
1960 304 673
1960 285 532
1960 266 567
1960 298 1066
1960 195 747
1960 250 715
1960 302 675
1960 279 675
1960 436 187
1960 299 1064
1960 426 551
1960 302 1064
1960 265 503
1960 385 218
1960 162 441
1960 428 938
1960 355 840
1960 118 398
1960 217 475
1960 416 967
1960 301 1066
1960 369 859
1980 219 627
1980 361 1048
1980 453 892
1980 72 424
1980 149 730
1980 80 424
1980 324 122
1980 402 1047
1980 299 571
1980 363 136
1980 390 853
1980 386 491
1980 94 426
1980 127 397
1980 297 659
1980 374 480
1980 71 423
1980 246 1154
1980 286 532
1980 265 568
1980 246 1152
1980 219 626
1980 325 144
1980 281 610
1980 374 481
1980 255 1159
1980 399 832
1980 350 1026
1980 265 504
1980 378 488
1980 177 488
1980 453 894
1980 354 835
1980 240 533
1980 352 1028
1980 266 1171
1980 352 836
1980 61 427
