1800 459 634
1800 217 628
1800 77 487
1800 77 886
1800 239 59
1800 301 569
1800 291 1155
1800 429 614
1800 391 821
1800 311 670
1800 316 812
1800 244 67
1800 285 530
1800 260 568
1800 286 1116
1800 398 825
1800 261 502
1800 442 831
1800 239 535
1800 287 1195
1800 370 771
1820 452 640
1820 218 627
1820 423 390
1820 34 885
1820 352 674
1820 300 571
1820 410 645
1820 391 854
1820 304 667
1820 85 421
1820 305 670
1820 283 530
1820 254 567
1820 229 1272
1820 306 668
1820 276 664
1820 428 517
1820 408 646
1820 260 502
1820 237 535
1820 278 662
1820 358 838
1820 82 423
1840 217 627
1840 80 455
1840 61 916
1840 298 565
1840 415 648
1840 383 853
1840 307 682
1840 362 617
1840 286 527
1840 259 570
1840 360 500
1840 317 871
1840 363 500
1840 392 659
1840 261 502
1840 351 839
1840 240 533
1840 280 664
1840 336 856
1860 478 517
1860 218 628
1860 343 502
1860 384 706
1860 76 465
1860 402 833
1860 300 570
1860 382 852
1860 306 669
1860 298 625
1860 315 185
1860 286 529
1860 262 565
1860 368 705
1860 342 499
1860 401 829
1860 260 503
1860 240 532
1860 349 838
1880 218 630
1880 375 528
1880 300 668
1880 66 537
1880 46 869
1880 402 831
1880 298 571
1880 464 439
1880 377 853
1880 304 666
1880 316 729
1880 286 528
1880 261 566
1880 378 513
1880 431 504
1880 268 494
1880 382 857
1880 241 529
1880 303 668
1880 353 843
1900 217 631
1900 435 450
1900 354 849
1900 63 643
1900 346 501
1900 405 841
1900 300 572
1900 446 397
1900 385 857
1900 309 666
1900 276 662
1900 346 496
1900 236 710
1900 286 527
1900 262 563
1900 344 505
1900 274 663
1900 380 497
1900 306 666
1900 355 831
1900 262 497
1900 438 387
1900 461 832
1900 240 531
1900 352 834
1920 455 712
1920 216 627
1920 400 354
1920 408 901
1920 413 904
1920 305 570
1920 444 427
1920 380 860
1920 301 664
1920 83 692
1920 301 662
1920 282 534
1920 272 587
1920 158 634
1920 394 543
1920 390 746
1920 265 502
1920 402 344
1920 428 917
1920 384 860
1920 108 680
1920 240 531
1920 355 827
1940 218 626
1940 355 295
1940 358 984
1940 300 568
1940 422 570
1940 147 498
1940 377 862
1940 309 667
1940 127 526
1940 307 673
1940 373 305
1940 284 529
1940 265 561
1940 290 731
1940 309 669
1940 417 330
1940 400 832
1940 360 980
1940 256 491
1940 394 278
1940 460 875
1940 353 839
1940 239 530
1940 359 978
1940 352 843
1960 438 196
1960 217 626
1960 341 217
1960 430 945
1960 429 932
1960 64 507
1960 78 505
1960 369 200
1960 424 946
1960 301 563
1960 423 560
1960 163 439
1960 382 861
1960 305 671
1960 91 407
1960 160 446
1960 270 571
1960 327 204
1960 250 726
1960 285 530
1960 265 564
1960 301 1065
1960 426 555
1960 300 1065
1960 265 501
1960 366 201
1960 163 443
1960 427 938
1960 389 814
1960 216 475
1960 349 835
1980 219 625
1980 357 1037
1980 407 1014
1980 58 421
1980 313 129
1980 401 1037
1980 298 565
1980 378 100
1980 123 302
1980 385 854
1980 300 572
1980 89 308
1980 287 531
1980 325 129
1980 248 1153
1980 284 531
1980 263 566
1980 161 718
1980 365 484
1980 399 830
1980 350 1023
1980 265 503
1980 367 124
1980 178 488
1980 452 892
1980 357 844
1980 94 756
1980 239 531
1980 272 1163
1980 352 832
1980 67 419
