1800 468 638
1800 216 629
1800 77 488
1800 79 854
1800 238 69
1800 426 819
1800 300 569
1800 288 1133
1800 429 608
1800 392 819
1800 308 661
1800 317 807
1800 286 530
1800 257 566
1800 317 806
1800 287 1117
1800 438 819
1800 368 765
1800 261 500
1800 442 829
1800 317 807
1800 240 532
1800 291 1147
1800 369 767
1820 453 637
1820 217 625
1820 422 384
1820 377 851
1820 421 834
1820 422 837
1820 300 571
1820 417 630
1820 381 847
1820 305 665
1820 89 414
1820 355 681
1820 225 1238
1820 284 530
1820 253 561
1820 228 1241
1820 352 679
1820 278 848
1820 416 515
1820 421 832
1820 260 500
1820 422 386
1820 412 642
1820 350 682
1820 240 532
1820 230 1273
1820 409 638
1840 217 627
1840 296 594
1840 81 455
1840 62 906
1840 376 297
1840 321 853
1840 299 561
1840 416 648
1840 382 851
1840 306 666
1840 364 501
1840 287 526
1840 257 570
1840 321 871
1840 364 500
1840 393 656
1840 260 500
1840 363 287
1840 391 662
1840 343 881
1840 362 501
1840 240 532
1840 319 868
1860 473 503
1860 217 627
1860 343 494
1860 77 460
1860 388 857
1860 300 564
1860 401 792
1860 385 850
1860 308 664
1860 369 562
1860 313 181
1860 310 179
1860 286 529
1860 261 566
1860 371 685
1860 373 557
1860 385 696
1860 260 501
1860 385 689
1860 353 827
1860 240 532
1860 361 819
1880 432 502
1880 218 629
1880 431 500
1880 363 843
1880 66 536
1880 50 853
1880 279 600
1880 378 853
1880 298 564
1880 432 503
1880 380 853
1880 319 670
1880 326 731
1880 286 522
1880 258 564
1880 431 502
1880 303 666
1880 378 508
1880 357 832
1880 307 667
1880 270 494
1880 465 445
1880 431 507
1880 353 829
1880 241 531
1880 331 751
1900 471 830
1900 217 632
1900 385 493
1900 64 641
1900 64 639
1900 345 503
1900 388 875
1900 298 556
1900 439 452
1900 386 852
1900 312 666
1900 345 498
1900 232 709
1900 286 529
1900 257 563
1900 378 493
1900 254 553
1900 377 492
1900 399 833
1900 292 664
1900 261 496
1900 438 386
1900 463 831
1900 354 827
1900 240 531
1900 353 826
1920 456 712
1920 215 626
1920 401 351
1920 414 909
1920 403 896
1920 81 688
1920 413 906
1920 306 568
1920 382 857
1920 294 655
1920 157 642
1920 384 375
1920 278 526
1920 261 553
1920 157 637
1920 286 526
1920 395 544
1920 411 806
1920 357 830
1920 265 502
1920 402 343
1920 179 606
1920 416 911
1920 360 828
1920 103 674
1920 240 531
1920 352 830
1920 45 253
1940 473 889
1940 217 626
1940 354 291
1940 360 974
1940 363 988
1940 300 569
1940 423 569
1940 147 500
1940 376 859
1940 309 667
1940 28 277
1940 146 501
1940 345 735
1940 374 293
1940 285 527
1940 262 556
1940 372 306
1940 345 733
1940 461 291
1940 399 831
1940 360 972
1940 258 476
1940 395 279
1940 147 497
1940 460 869
1940 353 830
1940 240 530
1940 358 985
1940 354 728
1960 216 626
1960 427 945
1960 428 928
1960 50 512
1960 86 500
1960 369 203
1960 418 985
1960 301 566
1960 427 551
1960 161 441
1960 382 857
1960 304 666
1960 92 405
1960 49 290
1960 303 674
1960 330 204
1960 251 715
1960 166 441
1960 286 530
1960 263 560
1960 197 632
1960 218 627
1960 302 1062
1960 367 848
1960 312 1047
1960 265 500
1960 120 381
1960 369 857
1960 215 474
1960 352 839
1980 215 629
1980 295 586
1980 401 1042
1980 452 948
1980 70 431
1980 330 123
1980 405 1036
1980 299 567
1980 265 1172
1980 389 849
1980 299 563
1980 87 302
1980 361 490
1980 201 605
1980 285 531
1980 261 562
1980 264 502
1980 147 727
1980 257 555
1980 380 483
1980 400 824
1980 352 1019
1980 265 502
1980 106 455
1980 453 892
1980 349 1015
1980 94 757
1980 240 531
1980 250 1185
1980 352 827
1980 70 425
