1800 466 631
1800 217 627
1800 77 486
1800 78 883
1800 241 57
1800 301 570
1800 288 1130
1800 431 612
1800 392 822
1800 310 665
1800 317 811
1800 251 70
1800 287 530
1800 261 566
1800 288 1114
1800 413 810
1800 261 501
1800 442 829
1800 241 532
1800 290 1199
1800 369 770
1820 452 638
1820 217 626
1820 425 389
1820 34 892
1820 301 571
1820 412 641
1820 412 860
1820 306 666
1820 87 419
1820 410 647
1820 284 530
1820 258 565
1820 230 1268
1820 427 512
1820 410 642
1820 260 501
1820 421 846
1820 389 851
1820 238 534
1820 359 838
1820 83 422
1840 217 627
1840 80 456
1840 65 909
1840 298 564
1840 417 647
1840 383 853
1840 309 680
1840 362 612
1840 354 320
1840 286 526
1840 261 567
1840 289 563
1840 319 873
1840 363 501
1840 393 658
1840 261 501
1840 352 829
1840 240 533
1840 343 844
1860 218 627
1860 344 500
1860 75 474
1860 400 833
1860 301 568
1860 384 852
1860 306 666
1860 362 587
1860 314 181
1860 286 529
1860 263 565
1860 348 506
1860 392 843
1860 260 502
1860 241 532
1860 354 825
1880 218 628
1880 433 505
1880 66 533
1880 47 864
1880 403 828
1880 300 567
1880 465 435
1880 379 853
1880 307 664
1880 329 734
1880 287 528
1880 263 565
1880 378 510
1880 432 503
1880 269 494
1880 363 836
1880 242 530
1880 353 823
1900 478 754
1900 218 632
1900 431 448
1900 60 649
1900 350 491
1900 403 843
1900 300 567
1900 448 397
1900 385 853
1900 308 664
1900 281 676
1900 350 479
1900 237 724
1900 285 527
1900 264 564
1900 299 665
1900 277 668
1900 382 498
1900 399 841
1900 262 496
1900 452 402
1900 462 831
1900 353 840
1900 240 532
1900 355 828
1920 456 711
1920 216 627
1920 402 351
1920 428 921
1920 307 568
1920 448 411
1920 383 858
1920 303 664
1920 104 677
1920 300 662
1920 282 529
1920 275 589
1920 161 623
1920 349 510
1920 397 753
1920 265 502
1920 403 343
1920 431 915
1920 106 678
1920 240 531
1920 360 826
1920 43 267
1940 217 626
1940 372 297
1940 27 757
1940 376 987
1940 301 570
1940 422 570
1940 147 497
1940 380 860
1940 309 669
1940 43 268
1940 128 528
1940 307 670
1940 374 303
1940 284 528
1940 265 554
1940 293 723
1940 433 327
1940 400 830
1940 361 977
1940 257 491
1940 394 289
1940 461 866
1940 354 842
1940 241 530
1940 358 827
1960 435 193
1960 216 623
1960 430 940
1960 64 506
1960 83 556
1960 427 939
1960 300 562
1960 427 553
1960 163 426
1960 384 858
1960 306 670
1960 90 404
1960 164 442
1960 328 203
1960 218 625
1960 285 530
1960 266 561
1960 190 749
1960 221 629
1960 421 564
1960 301 1064
1960 265 501
1960 381 215
1960 162 442
1960 424 943
1960 374 821
1960 217 475
1960 350 828
1980 220 626
1980 364 1043
1980 408 1026
1980 57 421
1980 402 1035
1980 299 565
1980 261 1168
1980 178 488
1980 386 853
1980 301 571
1980 87 302
1980 268 571
1980 361 491
1980 327 129
1980 249 1153
1980 285 530
1980 265 564
1980 159 724
1980 376 479
1980 399 829
1980 352 1022
1980 265 502
1980 178 487
1980 451 893
1980 364 863
1980 94 756
1980 241 532
1980 271 1162
1980 353 828
1980 63 418
