1800 464 628
1800 217 626
1800 392 826
1800 77 488
1800 77 886
1800 421 814
1800 301 568
1800 289 1132
1800 430 611
1800 391 820
1800 310 664
1800 318 809
1800 287 527
1800 261 566
1800 317 807
1800 287 1118
1800 425 822
1800 262 500
1800 443 828
1800 241 532
1800 370 772
1820 452 639
1820 218 625
1820 431 395
1820 352 675
1820 34 887
1820 419 832
1820 301 569
1820 411 643
1820 385 846
1820 304 667
1820 305 671
1820 284 530
1820 258 568
1820 229 1251
1820 276 852
1820 429 513
1820 418 832
1820 261 500
1820 409 648
1820 239 533
1820 231 1294
1820 409 641
1840 218 626
1840 281 662
1840 391 661
1840 80 455
1840 298 560
1840 416 647
1840 383 853
1840 321 673
1840 359 619
1840 287 526
1840 261 569
1840 318 867
1840 365 501
1840 391 658
1840 260 500
1840 241 533
1840 321 866
1860 477 522
1860 218 625
1860 347 842
1860 76 465
1860 403 816
1860 302 567
1860 383 850
1860 308 667
1860 357 694
1860 314 180
1860 287 528
1860 263 563
1860 369 677
1860 290 534
1860 402 822
1860 260 500
1860 383 704
1860 241 531
1860 354 834
1880 468 434
1880 219 626
1880 432 500
1880 349 845
1880 65 535
1880 48 862
1880 398 834
1880 298 567
1880 464 436
1880 380 854
1880 308 665
1880 334 751
1880 287 527
1880 263 563
1880 378 509
1880 431 501
1880 267 493
1880 469 435
1880 362 836
1880 242 530
1880 333 753
1900 219 629
1900 383 496
1900 62 645
1900 63 646
1900 354 500
1900 405 833
1900 301 565
1900 450 397
1900 384 854
1900 313 666
1900 269 568
1900 431 461
1900 237 699
1900 286 528
1900 261 562
1900 305 662
1900 229 694
1900 381 497
1900 394 845
1900 262 496
1900 449 415
1900 462 830
1900 240 531
1900 355 828
1920 456 709
1920 218 624
1920 399 352
1920 81 689
1920 417 902
1920 307 577
1920 457 420
1920 377 858
1920 304 663
1920 84 692
1920 285 530
1920 276 584
1920 178 603
1920 277 670
1920 394 542
1920 392 745
1920 265 500
1920 403 343
1920 429 914
1920 159 649
1920 240 530
1920 360 831
1940 478 879
1940 218 625
1940 365 300
1940 360 977
1940 62 748
1940 361 978
1940 301 569
1940 423 567
1940 146 497
1940 379 860
1940 309 668
1940 101 586
1940 308 669
1940 379 306
1940 257 483
1940 284 528
1940 265 559
1940 296 703
1940 448 322
1940 396 835
1940 361 980
1940 253 477
1940 393 276
1940 125 515
1940 459 872
1940 352 838
1940 240 529
1940 360 981
1940 354 733
1960 436 195
1960 218 626
1960 328 205
1960 417 957
1960 430 931
1960 51 510
1960 419 955
1960 302 567
1960 425 553
1960 159 438
1960 382 854
1960 292 628
1960 92 404
1960 65 511
1960 290 676
1960 328 202
1960 174 717
1960 286 530
1960 266 560
1960 384 854
1960 299 1065
1960 265 500
1960 396 215
1960 161 441
1960 426 936
1960 215 475
1960 351 828
1980 220 623
1980 369 478
1980 394 1039
1980 401 1023
1980 49 416
1980 38 419
1980 396 1045
1980 299 565
1980 264 1170
1980 386 851
1980 302 571
1980 88 304
1980 310 123
1980 250 1153
1980 286 530
1980 265 562
1980 156 722
1980 361 490
1980 399 828
1980 349 1025
1980 266 502
1980 179 486
1980 452 891
1980 86 747
1980 241 530
1980 354 827
1980 57 428
