1800 462 631
1800 217 627
1800 77 485
1800 76 887
1800 241 57
1800 301 569
1800 290 1142
1800 433 610
1800 392 821
1800 310 664
1800 317 810
1800 245 63
1800 287 529
1800 260 566
1800 288 1114
1800 407 813
1800 261 500
1800 442 829
1800 240 532
1800 288 1201
1800 369 770
1820 452 640
1820 217 626
1820 424 388
1820 33 893
1820 301 571
1820 410 642
1820 391 864
1820 305 669
1820 87 419
1820 355 678
1820 284 530
1820 257 566
1820 232 1268
1820 423 512
1820 353 670
1820 261 500
1820 420 847
1820 239 534
1820 358 837
1840 217 627
1840 80 456
1840 63 905
1840 299 562
1840 416 648
1840 382 852
1840 307 678
1840 362 611
1840 287 525
1840 260 568
1840 318 865
1840 363 499
1840 393 658
1840 261 500
1840 354 828
1840 240 532
1840 340 847
1860 477 507
1860 218 626
1860 344 497
1860 77 469
1860 401 835
1860 301 567
1860 383 851
1860 306 666
1860 375 687
1860 315 182
1860 286 529
1860 263 565
1860 295 556
1860 388 849
1860 372 683
1860 260 501
1860 241 532
1860 356 821
1880 218 627
1880 431 503
1880 65 537
1880 49 865
1880 400 835
1880 299 566
1880 465 437
1880 379 853
1880 304 665
1880 326 728
1880 286 527
1880 262 564
1880 378 510
1880 432 504
1880 268 493
1880 357 848
1880 241 529
1880 353 822
1900 478 754
1900 217 631
1900 431 455
1900 63 663
1900 348 486
1900 404 844
1900 301 565
1900 446 397
1900 382 852
1900 308 665
1900 351 483
1900 232 703
1900 286 526
1900 263 564
1900 342 506
1900 380 496
1900 278 657
1900 389 856
1900 261 495
1900 441 386
1900 461 833
1900 354 837
1900 241 531
1900 355 828
1920 456 710
1920 216 625
1920 401 347
1920 303 451
1920 418 905
1920 306 569
1920 444 427
1920 378 861
1920 303 662
1920 81 689
1920 281 528
1920 274 586
1920 170 612
1920 342 509
1920 395 749
1920 265 501
1920 403 342
1920 430 915
1920 105 674
1920 241 530
1920 359 825
1920 47 297
1940 217 626
1940 357 295
1940 36 774
1940 366 994
1940 300 570
1940 422 569
1940 146 495
1940 377 862
1940 308 668
1940 100 584
1940 303 688
1940 372 300
1940 283 529
1940 263 559
1940 291 728
1940 399 833
1940 360 977
1940 252 473
1940 390 286
1940 461 866
1940 355 837
1940 240 530
1940 357 826
1960 434 194
1960 216 621
1960 431 949
1960 63 505
1960 87 500
1960 423 946
1960 301 564
1960 426 553
1960 163 437
1960 384 859
1960 305 670
1960 90 403
1960 162 446
1960 329 205
1960 192 751
1960 286 529
1960 265 562
1960 167 739
1960 240 600
1960 250 726
1960 303 1062
1960 421 562
1960 300 1065
1960 265 500
1960 381 214
1960 162 442
1960 424 943
1960 378 841
1960 215 474
1960 350 827
1980 316 131
1980 219 626
1980 361 1048
1980 405 1020
1980 63 424
1980 401 1037
1980 300 565
1980 263 1172
1980 386 855
1980 301 574
1980 88 304
1980 249 1153
1980 286 529
1980 264 564
1980 157 721
1980 377 479
1980 398 829
1980 265 502
1980 378 112
1980 178 487
1980 451 893
1980 364 853
1980 94 756
1980 241 530
1980 272 1162
1980 353 828
1980 58 413
