1800 470 630
1800 216 627
1800 77 486
1800 76 889
1800 242 59
1800 300 570
1800 430 612
1800 392 822
1800 310 668
1800 316 810
1800 242 59
1800 287 529
1800 260 566
1800 288 1114
1800 420 822
1800 261 501
1800 443 829
1800 240 532
1800 369 770
1820 452 641
1820 217 626
1820 424 388
1820 32 904
1820 300 570
1820 412 641
1820 403 871
1820 306 666
1820 87 420
1820 409 646
1820 283 530
1820 257 567
1820 422 513
1820 353 679
1820 260 501
1820 421 841
1820 239 535
1820 361 839
1840 217 626
1840 80 455
1840 298 564
1840 416 647
1840 383 853
1840 312 678
1840 362 614
1840 286 526
1840 261 568
1840 317 873
1840 363 500
1840 393 658
1840 261 501
1840 350 837
1840 240 533
1840 347 841
1860 218 627
1860 75 475
1860 301 570
1860 383 851
1860 306 668
1860 367 580
1860 316 182
1860 286 529
1860 263 567
1860 303 575
1860 394 840
1860 260 502
1860 241 532
1860 355 825
1880 218 627
1880 433 507
1880 66 537
1880 45 861
1880 399 840
1880 299 568
1880 433 504
1880 381 853
1880 305 663
1880 324 728
1880 286 528
1880 263 566
1880 378 509
1880 431 503
1880 268 494
1880 356 849
1880 241 530
1880 354 823
1900 477 755
1900 217 630
1900 433 450
1900 61 642
1900 278 528
1900 403 838
1900 301 567
1900 450 399
1900 385 854
1900 309 666
1900 274 592
1900 350 479
1900 236 722
1900 285 527
1900 264 565
1900 290 663
1900 382 496
1900 401 840
1900 262 496
1900 453 402
1900 462 833
1900 240 532
1900 354 829
1920 455 710
1920 216 625
1920 400 352
1920 429 920
1920 306 569
1920 411 393
1920 381 861
1920 306 664
1920 81 690
1920 281 530
1920 273 596
1920 174 611
1920 394 543
1920 398 754
1920 265 502
1920 403 342
1920 431 914
1920 241 531
1920 360 821
1920 53 276
1940 217 626
1940 371 298
1940 22 748
1940 374 994
1940 300 570
1940 423 570
1940 146 495
1940 381 860
1940 308 668
1940 47 273
1940 127 530
1940 304 686
1940 373 302
1940 284 529
1940 265 558
1940 292 726
1940 400 832
1940 361 979
1940 258 492
1940 390 291
1940 460 867
1940 352 843
1940 240 531
1940 357 829
1960 216 622
1960 430 952
1960 64 505
1960 421 950
1960 301 566
1960 423 560
1960 162 425
1960 384 860
1960 306 668
1960 90 403
1960 166 432
1960 327 203
1960 258 570
1960 286 529
1960 266 564
1960 171 731
1960 303 1062
1960 419 574
1960 302 1063
1960 265 501
1960 377 186
1960 163 442
1960 422 946
1960 372 824
1960 216 475
1960 349 827
1980 219 626
1980 354 1025
1980 402 1032
1980 299 566
1980 178 487
1980 386 852
1980 362 631
1980 88 302
1980 337 146
1980 249 1153
1980 285 530
1980 264 566
1980 159 722
1980 380 483
1980 399 828
1980 351 1022
1980 265 503
1980 178 487
1980 451 892
1980 98 756
1980 241 532
1980 353 827
1980 57 425
