1800 468 629
1800 217 626
1800 77 486
1800 76 889
1800 245 61
1800 301 569
1800 431 612
1800 392 821
1800 311 669
1800 317 809
1800 245 60
1800 288 529
1800 260 565
1800 288 1114
1800 418 819
1800 261 501
1800 442 830
1800 240 532
1800 287 1196
1800 369 769
1820 452 641
1820 217 625
1820 424 389
1820 33 897
1820 301 570
1820 412 640
1820 398 874
1820 305 666
1820 87 418
1820 351 676
1820 283 530
1820 256 568
1820 279 664
1820 423 511
1820 260 501
1820 420 845
1820 238 534
1820 362 837
1820 82 423
1840 217 626
1840 80 456
1840 299 564
1840 417 647
1840 383 852
1840 311 678
1840 362 613
1840 287 526
1840 260 567
1840 317 873
1840 363 499
1840 393 658
1840 261 501
1840 352 831
1840 240 533
1840 343 844
1860 218 627
1860 76 471
1860 301 568
1860 384 852
1860 305 666
1860 373 665
1860 313 181
1860 286 529
1860 263 566
1860 295 672
1860 299 565
1860 362 822
1860 260 502
1860 240 532
1860 355 822
1880 218 627
1880 431 514
1880 66 535
1880 45 863
1880 399 840
1880 299 567
1880 432 505
1880 381 853
1880 304 663
1880 324 725
1880 286 527
1880 263 566
1880 378 510
1880 432 504
1880 268 493
1880 357 845
1880 241 529
1880 353 823
1900 477 754
1900 217 629
1900 387 497
1900 62 642
1900 403 836
1900 301 566
1900 441 385
1900 385 854
1900 309 665
1900 263 567
1900 347 483
1900 240 724
1900 285 527
1900 264 565
1900 301 659
1900 380 496
1900 394 850
1900 262 495
1900 442 392
1900 462 833
1900 355 828
1900 240 531
1900 354 829
1920 455 710
1920 215 626
1920 400 346
1920 425 917
1920 306 568
1920 449 409
1920 379 861
1920 303 663
1920 81 689
1920 280 528
1920 275 605
1920 172 612
1920 330 478
1920 396 751
1920 265 502
1920 403 343
1920 430 914
1920 106 676
1920 240 530
1920 360 826
1920 48 282
1940 217 626
1940 371 298
1940 28 770
1940 373 984
1940 300 570
1940 423 571
1940 146 495
1940 379 861
1940 309 668
1940 128 524
1940 305 677
1940 371 306
1940 283 530
1940 265 555
1940 295 714
1940 399 831
1940 361 978
1940 257 491
1940 391 280
1940 460 867
1940 352 839
1940 240 530
1940 358 827
1960 435 193
1960 216 620
1960 64 505
1960 418 954
1960 301 564
1960 426 554
1960 162 424
1960 384 860
1960 306 668
1960 90 403
1960 166 426
1960 327 203
1960 221 625
1960 285 529
1960 265 562
1960 244 533
1960 305 1059
1960 421 562
1960 298 1066
1960 265 500
1960 373 183
1960 163 443
1960 419 951
1960 369 824
1960 216 475
1960 349 828
1980 219 625
1980 353 1022
1980 403 1013
1980 401 1035
1980 299 565
1980 385 855
1980 309 583
1980 87 304
1980 249 1153
1980 286 529
1980 264 565
1980 145 730
1980 378 480
1980 398 829
1980 350 1022
1980 265 502
1980 178 487
1980 451 892
1980 95 755
1980 240 532
1980 267 1166
1980 353 828
1980 48 420
