1800 458 620
1800 217 627
1800 76 486
1800 78 883
1800 243 60
1800 421 825
1800 301 568
1800 291 1139
1800 428 612
1800 392 821
1800 311 667
1800 317 808
1800 287 528
1800 261 567
1800 287 1114
1800 417 811
1800 261 501
1800 442 830
1800 372 770
1800 240 532
1800 287 1180
1800 370 770
1820 452 642
1820 218 626
1820 423 387
1820 35 884
1820 419 833
1820 300 570
1820 412 639
1820 412 846
1820 305 666
1820 86 420
1820 354 671
1820 284 529
1820 257 568
1820 229 1266
1820 275 855
1820 418 515
1820 385 845
1820 261 501
1820 359 837
1820 239 535
1820 370 839
1840 217 626
1840 81 455
1840 63 918
1840 364 286
1840 298 564
1840 416 648
1840 383 852
1840 307 679
1840 363 609
1840 286 526
1840 261 568
1840 318 867
1840 365 498
1840 417 646
1840 261 501
1840 352 832
1840 241 530
1840 353 835
1860 218 627
1860 372 562
1860 373 690
1860 75 462
1860 397 843
1860 301 570
1860 384 851
1860 308 669
1860 375 688
1860 314 184
1860 287 528
1860 263 563
1860 347 507
1860 402 822
1860 387 697
1860 260 503
1860 346 841
1860 239 532
1860 355 829
1880 467 434
1880 218 628
1880 432 503
1880 66 534
1880 46 866
1880 397 840
1880 300 568
1880 432 504
1880 379 852
1880 305 667
1880 318 675
1880 287 526
1880 263 565
1880 377 511
1880 465 435
1880 269 494
1880 350 848
1880 240 529
1880 354 824
1900 478 759
1900 218 632
1900 435 449
1900 64 652
1900 63 643
1900 347 497
1900 399 844
1900 299 578
1900 234 704
1900 445 389
1900 383 850
1900 310 681
1900 348 497
1900 235 704
1900 286 527
1900 264 566
1900 234 652
1900 382 495
1900 403 828
1900 262 496
1900 443 387
1900 462 834
1900 356 827
1900 240 531
1900 354 831
1920 456 710
1920 216 625
1920 399 353
1920 413 895
1920 310 584
1920 454 414
1920 383 856
1920 303 664
1920 298 440
1920 282 529
1920 272 583
1920 178 605
1920 394 542
1920 394 745
1920 286 652
1920 265 501
1920 403 344
1920 435 909
1920 362 821
1920 160 646
1920 240 530
1920 361 826
1920 47 273
1940 218 625
1940 371 294
1940 83 608
1940 372 994
1940 301 568
1940 423 568
1940 146 496
1940 380 858
1940 309 667
1940 127 523
1940 309 672
1940 375 294
1940 286 526
1940 265 555
1940 274 473
1940 296 706
1940 418 328
1940 401 830
1940 361 978
1940 257 487
1940 394 274
1940 462 875
1940 355 839
1940 149 504
1940 241 529
1940 360 982
1940 358 829
1960 218 625
1960 341 215
1960 431 938
1960 429 928
1960 65 505
1960 85 511
1960 327 203
1960 422 951
1960 302 566
1960 426 552
1960 165 420
1960 383 855
1960 305 671
1960 90 402
1960 169 435
1960 328 202
1960 254 722
1960 286 529
1960 267 561
1960 266 501
1960 316 1072
1960 422 560
1960 301 1064
1960 265 501
1960 430 202
1960 164 431
1960 427 936
1960 355 825
1960 216 474
1960 350 830
1980 221 624
1980 358 1037
1980 444 1016
1980 67 423
1980 401 1036
1980 298 565
1980 264 1170
1980 179 489
1980 388 851
1980 321 603
1980 88 303
1980 82 297
1980 366 480
1980 328 129
1980 249 1152
1980 286 530
1980 266 566
1980 280 660
1980 375 477
1980 399 828
1980 350 1022
1980 265 502
1980 377 110
1980 178 488
1980 452 894
1980 352 825
1980 94 751
1980 240 530
1980 276 1166
1980 353 828
1980 66 425
