1800 464 642
1800 216 632
1800 76 491
1800 80 880
1800 300 572
1800 293 1184
1800 428 612
1800 391 821
1800 308 668
1800 313 812
1800 286 532
1800 259 567
1800 315 808
1800 444 600
1800 285 1124
1800 434 824
1800 261 502
1800 441 831
1800 315 813
1800 240 535
1800 288 1172
1800 370 775
1820 453 642
1820 217 627
1820 433 414
1820 14 738
1820 411 639
1820 300 572
1820 412 642
1820 382 847
1820 304 671
1820 86 417
1820 283 532
1820 255 562
1820 224 1268
1820 275 850
1820 423 518
1820 420 835
1820 260 502
1820 427 390
1820 421 839
1820 356 689
1820 238 534
1820 358 841
1820 51 415
1840 218 631
1840 284 529
1840 81 457
1840 64 924
1840 299 568
1840 414 652
1840 372 848
1840 310 660
1840 9 173
1840 287 529
1840 259 569
1840 316 880
1840 362 501
1840 415 650
1840 260 502
1840 317 873
1840 240 535
1840 372 860
1840 78 462
1860 478 523
1860 216 629
1860 342 497
1860 76 461
1860 386 857
1860 301 569
1860 372 688
1860 381 852
1860 308 668
1860 371 558
1860 312 181
1860 286 531
1860 263 565
1860 358 696
1860 371 556
1860 374 690
1860 260 503
1860 372 659
1860 352 830
1860 240 536
1860 356 825
1880 467 437
1880 218 630
1880 378 511
1880 66 545
1880 46 865
1880 303 181
1880 403 816
1880 299 570
1880 431 505
1880 375 853
1880 309 669
1880 328 739
1880 264 566
1880 286 529
1880 260 565
1880 311 731
1880 377 514
1880 467 438
1880 271 498
1880 432 505
1880 340 775
1880 241 533
1880 355 839
1900 469 833
1900 217 635
1900 383 495
1900 32 1010
1900 64 652
1900 61 642
1900 284 531
1900 299 571
1900 436 388
1900 382 863
1900 310 666
1900 347 486
1900 230 703
1900 349 487
1900 286 530
1900 261 564
1900 293 684
1900 274 582
1900 375 493
1900 460 834
1900 262 500
1900 437 389
1900 463 833
1900 351 842
1900 240 534
1900 352 835
1920 455 718
1920 214 629
1920 399 355
1920 80 692
1920 413 904
1920 308 592
1920 394 546
1920 80 691
1920 380 862
1920 305 661
1920 108 685
1920 401 352
1920 296 440
1920 281 529
1920 270 528
1920 177 611
1920 389 742
1920 285 621
1920 394 544
1920 410 813
1920 266 505
1920 402 352
1920 176 610
1920 427 920
1920 354 834
1920 107 683
1920 240 536
1920 367 857
1940 474 885
1940 217 627
1940 373 293
1940 72 601
1940 73 619
1940 273 555
1940 300 571
1940 422 570
1940 147 504
1940 372 865
1940 308 670
1940 39 265
1940 142 503
1940 353 734
1940 374 293
1940 358 295
1940 285 529
1940 264 559
1940 310 671
1940 463 291
1940 454 873
1940 358 819
1940 255 491
1940 411 334
1940 148 502
1940 461 873
1940 350 822
1940 240 532
1940 358 982
1940 354 846
1960 214 629
1960 255 522
1960 428 940
1960 428 931
1960 44 514
1960 89 520
1960 368 180
1960 428 934
1960 301 568
1960 422 566
1960 160 442
1960 379 860
1960 303 675
1960 91 408
1960 336 208
1960 247 698
1960 96 414
1960 286 531
1960 262 562
1960 177 724
1960 215 625
1960 301 676
1960 381 859
1960 322 1071
1960 265 503
1960 439 197
1960 161 442
1960 364 841
1960 214 477
1960 361 842
1980 210 636
1980 265 505
1980 401 1046
1980 451 924
1980 51 431
1980 71 624
1980 401 1046
1980 299 569
1980 172 490
1980 387 853
1980 299 569
1980 85 295
1980 84 749
1980 363 493
1980 318 131
1980 245 1155
1980 286 532
1980 262 563
1980 146 535
1980 277 662
1980 371 480
1980 397 834
1980 370 1068
1980 265 504
1980 167 521
1980 452 895
1980 356 840
1980 88 744
1980 240 534
1980 273 1169
1980 352 835
1980 34 421
