1800 463 627
1800 218 629
1800 77 487
1800 77 892
1800 442 830
1800 301 569
1800 294 1163
1800 428 612
1800 392 821
1800 311 667
1800 319 808
1800 286 530
1800 262 569
1800 310 666
1800 283 662
1800 287 1115
1800 397 827
1800 261 501
1800 443 829
1800 370 771
1800 241 532
1800 294 1186
1800 370 772
1820 452 639
1820 218 628
1820 423 387
1820 35 896
1820 420 835
1820 300 571
1820 411 642
1820 395 858
1820 303 668
1820 354 678
1820 284 530
1820 257 568
1820 231 1269
1820 277 853
1820 421 513
1820 412 639
1820 261 502
1820 425 387
1820 421 837
1820 238 535
1820 360 835
1840 218 628
1840 80 455
1840 70 918
1840 298 562
1840 418 647
1840 384 853
1840 307 677
1840 363 612
1840 287 527
1840 262 569
1840 363 289
1840 317 869
1840 364 501
1840 282 663
1840 417 648
1840 261 501
1840 352 830
1840 240 533
1840 356 832
1860 476 500
1860 219 629
1860 372 559
1860 77 458
1860 402 828
1860 301 567
1860 383 851
1860 308 668
1860 371 559
1860 317 185
1860 286 529
1860 264 564
1860 343 498
1860 398 836
1860 386 697
1860 261 502
1860 362 707
1860 241 531
1860 356 831
1880 467 437
1880 219 630
1880 431 504
1880 356 841
1880 66 536
1880 47 871
1880 401 838
1880 298 562
1880 378 510
1880 376 850
1880 298 559
1880 319 674
1880 287 528
1880 263 567
1880 288 634
1880 305 666
1880 378 511
1880 431 504
1880 271 495
1880 465 431
1880 363 836
1880 242 531
1880 355 828
1900 478 756
1900 218 633
1900 441 458
1900 65 765
1900 64 643
1900 349 489
1900 404 834
1900 287 529
1900 275 667
1900 451 401
1900 379 852
1900 310 665
1900 353 480
1900 358 486
1900 231 691
1900 286 528
1900 265 566
1900 302 670
1900 239 716
1900 382 497
1900 403 833
1900 262 498
1900 452 413
1900 462 832
1900 355 829
1900 241 532
1900 355 830
1920 456 711
1920 215 629
1920 401 348
1920 412 896
1920 313 464
1920 445 427
1920 384 855
1920 303 663
1920 107 679
1920 282 525
1920 274 585
1920 179 607
1920 394 544
1920 390 743
1920 265 502
1920 401 349
1920 435 910
1920 394 846
1920 159 640
1920 241 531
1920 358 827
1920 41 269
1940 218 627
1940 361 297
1940 26 792
1940 399 834
1940 285 544
1940 422 569
1940 148 501
1940 380 861
1940 309 668
1940 127 517
1940 307 671
1940 389 266
1940 285 527
1940 265 559
1940 300 694
1940 302 687
1940 462 298
1940 400 833
1940 362 979
1940 257 485
1940 412 332
1940 462 872
1940 355 827
1940 240 531
1940 363 986
1940 354 841
1960 433 187
1960 217 625
1960 427 939
1960 430 931
1960 67 509
1960 84 505
1960 344 210
1960 425 945
1960 300 563
1960 427 552
1960 165 418
1960 384 855
1960 300 570
1960 91 404
1960 166 440
1960 340 209
1960 195 749
1960 286 530
1960 267 563
1960 190 746
1960 255 722
1960 426 553
1960 301 1064
1960 266 501
1960 430 211
1960 165 417
1960 418 956
1960 367 831
1960 217 474
1960 351 832
1980 220 625
1980 366 481
1980 379 1044
1980 452 904
1980 55 423
1980 68 582
1980 401 1041
1980 299 565
1980 266 1172
1980 388 852
1980 299 566
1980 89 303
1980 371 477
1980 249 1152
1980 286 530
1980 266 566
1980 284 600
1980 373 476
1980 400 830
1980 349 1027
1980 266 503
1980 376 120
1980 178 488
1980 452 892
1980 354 838
1980 116 767
1980 241 530
1980 371 1109
1980 266 1171
1980 353 831
1980 71 425
