1800 468 629
1800 216 627
1800 77 486
1800 77 888
1800 241 59
1800 300 570
1800 430 613
1800 392 822
1800 310 667
1800 317 811
1800 244 64
1800 286 530
1800 260 566
1800 288 1114
1800 413 816
1800 261 501
1800 442 829
1800 241 532
1800 290 1207
1800 370 770
1820 451 641
1820 217 626
1820 424 390
1820 32 897
1820 300 571
1820 412 641
1820 413 865
1820 306 666
1820 86 420
1820 283 530
1820 257 567
1820 426 514
1820 352 678
1820 260 501
1820 421 839
1820 238 535
1820 362 838
1840 217 627
1840 80 456
1840 298 564
1840 417 647
1840 382 853
1840 312 677
1840 362 614
1840 286 526
1840 261 567
1840 316 870
1840 363 499
1840 394 658
1840 260 502
1840 349 836
1840 240 533
1840 352 837
1860 218 627
1860 75 471
1860 301 569
1860 383 852
1860 306 667
1860 363 587
1860 315 182
1860 285 529
1860 263 566
1860 299 568
1860 364 818
1860 260 502
1860 241 533
1860 356 823
1880 218 628
1880 432 508
1880 66 537
1880 400 836
1880 299 568
1880 433 504
1880 381 853
1880 306 663
1880 325 726
1880 286 528
1880 263 566
1880 378 510
1880 432 504
1880 268 494
1880 356 850
1880 241 529
1880 354 824
1900 477 755
1900 217 630
1900 432 449
1900 61 642
1900 282 532
1900 402 836
1900 301 567
1900 446 393
1900 384 852
1900 310 665
1900 270 579
1900 350 480
1900 236 726
1900 285 527
1900 264 565
1900 299 662
1900 381 497
1900 400 839
1900 262 496
1900 448 398
1900 462 832
1900 355 829
1900 241 532
1900 355 830
1920 455 710
1920 216 626
1920 398 356
1920 428 921
1920 307 569
1920 410 393
1920 381 861
1920 304 665
1920 81 690
1920 281 529
1920 274 597
1920 174 614
1920 394 542
1920 395 751
1920 265 502
1920 403 343
1920 432 914
1920 107 679
1920 240 531
1920 361 822
1920 48 278
1940 217 626
1940 371 298
1940 27 758
1940 372 987
1940 300 570
1940 423 570
1940 146 495
1940 381 860
1940 308 668
1940 39 292
1940 127 527
1940 305 679
1940 373 300
1940 284 529
1940 265 556
1940 295 716
1940 401 831
1940 361 978
1940 258 492
1940 390 290
1940 461 867
1940 355 839
1940 240 531
1940 357 829
1960 432 194
1960 216 622
1960 429 944
1960 64 505
1960 367 200
1960 422 949
1960 300 563
1960 423 562
1960 162 427
1960 384 860
1960 306 668
1960 90 404
1960 165 442
1960 328 203
1960 256 576
1960 284 530
1960 266 563
1960 224 630
1960 304 1061
1960 419 567
1960 302 1062
1960 265 501
1960 378 190
1960 162 442
1960 421 948
1960 372 823
1960 216 475
1960 349 828
1980 219 626
1980 355 1024
1980 401 1032
1980 299 565
1980 178 487
1980 386 853
1980 312 586
1980 88 302
1980 373 477
1980 336 147
1980 249 1153
1980 284 530
1980 264 565
1980 159 721
1980 377 479
1980 398 829
1980 350 1020
1980 265 503
1980 178 487
1980 451 892
1980 99 757
1980 240 532
1980 353 827
1980 63 429
