1800 465 629
1800 217 627
1800 77 486
1800 77 888
1800 301 570
1800 290 1142
1800 431 611
1800 392 821
1800 311 666
1800 317 809
1800 253 70
1800 286 529
1800 261 564
1800 288 1115
1800 424 824
1800 261 500
1800 442 829
1800 240 532
1800 286 1185
1800 370 770
1820 452 639
1820 218 626
1820 424 387
1820 32 896
1820 300 571
1820 413 640
1820 418 840
1820 306 666
1820 87 419
1820 353 673
1820 284 530
1820 257 565
1820 229 1265
1820 282 667
1820 420 514
1820 419 833
1820 261 501
1820 355 674
1820 238 534
1820 365 836
1820 84 421
1840 218 627
1840 80 456
1840 62 915
1840 365 500
1840 298 563
1840 417 647
1840 383 852
1840 309 673
1840 363 611
1840 365 290
1840 287 525
1840 261 568
1840 292 660
1840 318 864
1840 363 500
1840 394 658
1840 261 500
1840 351 830
1840 240 533
1840 343 846
1860 478 499
1860 218 627
1860 372 558
1860 76 460
1860 401 829
1860 301 569
1860 383 851
1860 306 663
1860 376 681
1860 314 182
1860 286 528
1860 263 565
1860 302 666
1860 297 562
1860 394 840
1860 260 501
1860 240 532
1860 355 823
1880 219 628
1880 433 503
1880 66 532
1880 47 865
1880 402 828
1880 299 567
1880 466 443
1880 379 853
1880 305 665
1880 321 698
1880 287 527
1880 263 565
1880 294 656
1880 378 509
1880 433 505
1880 268 493
1880 381 852
1880 241 529
1880 354 825
1900 478 752
1900 217 631
1900 431 448
1900 63 642
1900 352 484
1900 403 833
1900 300 570
1900 448 397
1900 384 853
1900 307 664
1900 352 485
1900 235 703
1900 286 527
1900 265 563
1900 289 655
1900 233 694
1900 383 495
1900 234 682
1900 354 829
1900 262 495
1900 453 401
1900 462 832
1900 241 531
1900 355 829
1920 456 710
1920 215 627
1920 382 375
1920 420 907
1920 304 570
1920 448 410
1920 381 860
1920 303 662
1920 102 678
1920 314 464
1920 280 527
1920 279 634
1920 174 609
1920 394 543
1920 393 746
1920 359 838
1920 265 501
1920 403 343
1920 430 915
1920 398 755
1920 158 640
1920 240 531
1920 359 823
1920 53 281
1940 218 627
1940 386 266
1940 34 803
1940 378 983
1940 300 569
1940 422 568
1940 147 496
1940 381 858
1940 309 668
1940 127 521
1940 309 670
1940 374 304
1940 286 526
1940 265 556
1940 294 725
1940 438 329
1940 401 831
1940 362 978
1940 258 491
1940 396 279
1940 460 870
1940 355 831
1940 240 531
1940 357 829
1960 436 189
1960 216 623
1960 329 206
1960 430 946
1960 65 506
1960 85 504
1960 367 197
1960 425 940
1960 301 564
1960 427 553
1960 164 441
1960 384 858
1960 306 670
1960 91 402
1960 164 441
1960 330 203
1960 286 529
1960 266 561
1960 192 743
1960 256 726
1960 252 725
1960 303 1063
1960 422 562
1960 302 1063
1960 265 500
1960 392 212
1960 164 442
1960 427 936
1960 384 816
1960 216 474
1960 351 830
1980 220 625
1980 359 1035
1980 408 1023
1980 402 1036
1980 299 565
1980 265 1170
1980 179 488
1980 388 852
1980 301 568
1980 88 302
1980 373 479
1980 249 1153
1980 285 530
1980 263 566
1980 163 714
1980 378 480
1980 398 829
1980 352 1023
1980 265 502
1980 178 487
1980 452 892
1980 353 830
1980 100 757
1980 240 530
1980 270 1163
1980 353 828
1980 66 412
