1800 460 642
1800 217 627
1800 77 489
1800 78 870
1800 237 62
1800 300 570
1800 286 1134
1800 429 613
1800 391 819
1800 309 667
1800 318 807
1800 244 65
1800 286 531
1800 262 566
1800 318 807
1800 285 1118
1800 444 605
1800 261 501
1800 442 829
1800 370 769
1800 240 532
1800 288 1191
1800 370 771
1820 453 640
1820 218 626
1820 424 387
1820 33 897
1820 422 834
1820 300 573
1820 412 644
1820 385 846
1820 303 670
1820 84 419
1820 298 575
1820 284 531
1820 255 568
1820 224 1252
1820 281 669
1820 277 854
1820 417 515
1820 413 644
1820 260 501
1820 428 381
1820 423 833
1820 239 533
1820 234 1286
1820 379 852
1840 393 664
1840 216 627
1840 381 853
1840 81 456
1840 58 905
1840 299 568
1840 415 649
1840 384 854
1840 313 669
1840 363 623
1840 286 528
1840 259 568
1840 286 532
1840 306 665
1840 365 502
1840 416 649
1840 260 501
1840 60 914
1840 416 650
1840 343 843
1840 240 533
1840 340 853
1860 472 500
1860 218 627
1860 392 853
1860 76 460
1860 386 857
1860 300 568
1860 385 854
1860 306 667
1860 361 694
1860 313 182
1860 286 530
1860 264 564
1860 313 182
1860 343 499
1860 378 688
1860 259 501
1860 403 823
1860 347 839
1860 241 531
1860 354 824
1880 467 434
1880 218 628
1880 431 502
1880 365 834
1880 382 857
1880 66 534
1880 89 674
1880 392 848
1880 299 569
1880 432 504
1880 376 855
1880 310 668
1880 334 752
1880 287 529
1880 261 561
1880 306 665
1880 377 510
1880 378 509
1880 269 494
1880 394 849
1880 356 835
1880 241 530
1880 355 824
1900 465 835
1900 217 633
1900 383 493
1900 64 769
1900 61 638
1900 284 530
1900 392 861
1900 300 567
1900 440 384
1900 355 843
1900 313 673
1900 284 676
1900 348 496
1900 230 691
1900 286 529
1900 261 565
1900 278 665
1900 229 674
1900 378 495
1900 379 494
1900 261 497
1900 439 385
1900 462 830
1900 354 827
1900 240 532
1900 353 828
1920 456 710
1920 216 628
1920 383 375
1920 418 909
1920 81 689
1920 417 912
1920 305 586
1920 446 427
1920 381 860
1920 303 661
1920 105 675
1920 282 675
1920 280 526
1920 262 554
1920 176 606
1920 277 659
1920 394 544
1920 386 736
1920 264 502
1920 401 343
1920 428 916
1920 356 830
1920 155 643
1920 240 531
1920 355 827
1940 473 880
1940 217 628
1940 387 265
1940 360 990
1940 384 992
1940 361 1002
1940 299 571
1940 422 569
1940 146 499
1940 360 859
1940 310 669
1940 126 520
1940 306 678
1940 388 266
1940 284 530
1940 264 558
1940 301 704
1940 375 859
1940 376 861
1940 257 499
1940 374 295
1940 145 497
1940 461 864
1940 353 833
1940 149 501
1940 239 530
1940 360 978
1940 355 831
1960 426 552
1960 216 629
1960 428 929
1960 428 930
1960 50 513
1960 79 507
1960 415 980
1960 301 570
1960 425 554
1960 160 443
1960 381 859
1960 303 675
1960 92 406
1960 162 441
1960 303 670
1960 368 203
1960 285 531
1960 266 561
1960 195 739
1960 217 628
1960 426 551
1960 297 1067
1960 264 501
1960 368 179
1960 160 442
1960 428 930
1960 368 834
1960 219 474
1960 215 477
1960 350 828
1980 217 627
1980 363 494
1980 353 1032
1980 450 922
1980 46 576
1980 73 664
1980 402 1048
1980 299 568
1980 158 545
1980 386 855
1980 303 668
1980 87 303
1980 280 663
1980 362 493
1980 286 531
1980 265 564
1980 106 760
1980 321 127
1980 280 661
1980 362 493
1980 264 502
1980 360 154
1980 176 487
1980 452 893
1980 92 748
1980 240 530
1980 265 1170
1980 354 828
1980 62 432
