1800 464 630
1800 218 627
1800 77 486
1800 239 78
1800 442 829
1800 301 570
1800 292 1175
1800 428 610
1800 392 819
1800 310 667
1800 308 663
1800 286 530
1800 259 562
1800 284 1117
1800 471 617
1800 261 500
1800 442 828
1800 370 765
1800 241 532
1800 288 1149
1820 452 640
1820 217 625
1820 421 386
1820 419 838
1820 31 897
1820 421 836
1820 301 570
1820 412 639
1820 384 846
1820 305 667
1820 83 418
1820 305 669
1820 221 1232
1820 284 530
1820 255 568
1820 222 1234
1820 276 854
1820 428 516
1820 412 638
1820 260 501
1820 433 399
1820 421 837
1820 349 692
1820 239 533
1820 348 678
1840 217 627
1840 360 499
1840 423 658
1840 80 455
1840 60 918
1840 388 861
1840 300 565
1840 414 652
1840 383 853
1840 307 674
1840 291 668
1840 288 526
1840 258 570
1840 362 499
1840 414 651
1840 261 500
1840 319 869
1840 63 923
1840 240 533
1860 476 510
1860 218 628
1860 372 558
1860 384 855
1860 77 459
1860 409 836
1860 302 569
1860 385 853
1860 309 668
1860 305 667
1860 312 181
1860 287 529
1860 260 566
1860 343 496
1860 381 693
1860 260 504
1860 468 511
1860 342 851
1860 242 533
1860 354 837
1880 218 628
1880 431 503
1880 351 848
1880 49 865
1880 350 518
1880 388 859
1880 300 568
1880 379 855
1880 309 665
1880 301 663
1880 288 527
1880 259 565
1880 310 683
1880 378 511
1880 464 433
1880 268 497
1880 467 436
1880 347 858
1880 241 532
1880 355 849
1900 459 834
1900 218 632
1900 433 452
1900 377 860
1900 459 837
1900 61 771
1900 342 489
1900 407 832
1900 301 567
1900 452 401
1900 383 860
1900 308 665
1900 299 663
1900 375 478
1900 277 680
1900 287 528
1900 255 557
1900 376 492
1900 430 385
1900 263 497
1900 436 386
1900 461 830
1900 351 839
1900 240 532
1920 456 710
1920 216 627
1920 394 371
1920 419 922
1920 78 687
1920 297 436
1920 418 910
1920 306 595
1920 447 427
1920 94 687
1920 380 860
1920 307 666
1920 81 690
1920 300 660
1920 283 530
1920 259 560
1920 169 619
1920 395 542
1920 409 793
1920 265 502
1920 405 347
1920 177 607
1920 427 915
1920 349 850
1920 105 678
1920 238 531
1920 357 840
1940 470 872
1940 218 623
1940 372 295
1940 354 996
1940 49 603
1940 403 830
1940 299 569
1940 423 566
1940 146 494
1940 378 860
1940 309 668
1940 145 497
1940 308 670
1940 387 265
1940 286 527
1940 258 561
1940 301 673
1940 402 830
1940 360 972
1940 251 467
1940 405 357
1940 147 495
1940 462 872
1940 349 823
1940 240 529
1940 378 865
1940 356 836
1960 437 189
1960 217 627
1960 428 934
1960 429 926
1960 67 510
1960 84 499
1960 424 947
1960 301 565
1960 424 561
1960 159 439
1960 382 861
1960 305 670
1960 90 400
1960 303 673
1960 330 205
1960 263 558
1960 162 435
1960 285 530
1960 264 561
1960 177 714
1960 298 1067
1960 297 1068
1960 266 501
1960 438 199
1960 161 439
1960 427 930
1960 352 847
1960 216 476
1960 296 1296
1960 356 834
1980 218 621
1980 371 1055
1980 450 1101
1980 48 426
1980 381 1040
1980 300 568
1980 261 1168
1980 372 109
1980 87 310
1980 391 848
1980 315 619
1980 88 308
1980 294 645
1980 322 134
1980 323 126
1980 106 286
1980 247 1153
1980 286 531
1980 261 561
1980 161 707
1980 368 481
1980 372 475
1980 398 829
1980 354 1030
1980 265 503
1980 102 307
1980 452 893
1980 89 748
1980 239 533
1980 263 1168
1980 384 851
1980 67 422
