1800 461 632
1800 217 628
1800 77 486
1800 77 886
1800 239 55
1800 301 570
1800 430 613
1800 392 823
1800 310 667
1800 317 810
1800 241 58
1800 286 530
1800 260 567
1800 288 1114
1800 422 824
1800 261 501
1800 442 829
1800 240 533
1800 286 1202
1800 369 771
1820 452 641
1820 217 627
1820 424 389
1820 33 894
1820 300 571
1820 411 642
1820 398 872
1820 306 666
1820 86 419
1820 350 688
1820 284 530
1820 256 567
1820 231 1272
1820 424 514
1820 421 834
1820 260 501
1820 420 836
1820 238 535
1820 362 840
1820 81 423
1840 217 627
1840 80 456
1840 63 915
1840 299 563
1840 417 648
1840 384 853
1840 313 676
1840 362 612
1840 287 526
1840 260 568
1840 317 869
1840 363 499
1840 394 659
1840 260 501
1840 352 830
1840 240 533
1840 341 855
1860 218 628
1860 344 499
1860 76 469
1860 400 829
1860 300 570
1860 383 853
1860 307 667
1860 366 578
1860 315 181
1860 285 530
1860 263 567
1860 305 594
1860 361 821
1860 260 502
1860 241 532
1860 356 822
1880 218 628
1880 432 502
1880 66 534
1880 46 865
1880 400 832
1880 299 567
1880 464 440
1880 380 854
1880 306 666
1880 325 714
1880 286 528
1880 263 566
1880 378 510
1880 432 504
1880 267 494
1880 354 850
1880 241 530
1880 354 824
1900 477 755
1900 218 631
1900 433 451
1900 62 642
1900 276 523
1900 404 834
1900 300 569
1900 442 386
1900 385 858
1900 308 665
1900 346 489
1900 237 726
1900 285 527
1900 264 564
1900 296 667
1900 381 497
1900 400 839
1900 262 496
1900 450 398
1900 461 833
1900 355 828
1900 240 533
1900 354 829
1920 455 710
1920 215 628
1920 398 358
1920 424 916
1920 305 569
1920 448 419
1920 380 861
1920 304 663
1920 101 681
1920 281 530
1920 273 585
1920 175 611
1920 393 543
1920 396 752
1920 265 502
1920 403 343
1920 429 916
1920 107 678
1920 240 531
1920 361 823
1920 47 263
1940 218 627
1940 372 294
1940 21 746
1940 301 570
1940 423 570
1940 147 497
1940 380 861
1940 309 669
1940 40 293
1940 127 531
1940 305 680
1940 372 306
1940 283 529
1940 265 559
1940 294 717
1940 400 832
1940 361 978
1940 257 493
1940 391 289
1940 461 869
1940 351 849
1940 240 531
1940 357 829
1960 431 214
1960 216 622
1960 431 956
1960 64 506
1960 89 516
1960 421 955
1960 301 567
1960 425 555
1960 163 429
1960 384 860
1960 306 670
1960 90 404
1960 165 439
1960 328 203
1960 220 626
1960 285 530
1960 265 562
1960 180 732
1960 253 587
1960 302 1063
1960 420 572
1960 300 1065
1960 265 501
1960 378 192
1960 163 443
1960 423 944
1960 370 826
1960 217 474
1960 349 827
1980 219 625
1980 356 1031
1980 403 1022
1980 65 424
1980 401 1037
1980 299 565
1980 178 488
1980 387 852
1980 301 572
1980 88 305
1980 249 1153
1980 285 530
1980 264 566
1980 160 718
1980 276 663
1980 377 480
1980 399 829
1980 351 1023
1980 265 502
1980 178 487
1980 451 892
1980 99 757
1980 240 532
1980 267 1166
1980 353 828
1980 52 416
