1800 467 642
1800 217 627
1800 389 823
1800 391 829
1800 77 490
1800 33 892
1800 248 65
1800 444 618
1800 301 571
1800 286 1128
1800 428 613
1800 391 826
1800 311 667
1800 317 813
1800 243 60
1800 260 68
1800 285 531
1800 260 570
1800 287 1116
1800 408 815
1800 287 1114
1800 261 502
1800 442 830
1800 241 533
1800 370 772
1820 452 642
1820 218 627
1820 352 681
1820 36 885
1820 419 844
1820 301 571
1820 411 648
1820 386 847
1820 303 671
1820 85 420
1820 284 532
1820 256 572
1820 229 1264
1820 428 516
1820 419 835
1820 261 501
1820 421 837
1820 239 536
1820 360 839
1840 217 627
1840 79 456
1840 59 907
1840 298 566
1840 416 649
1840 383 853
1840 319 680
1840 355 638
1840 286 528
1840 261 572
1840 286 541
1840 316 874
1840 364 501
1840 391 660
1840 260 501
1840 351 832
1840 241 533
1840 343 848
1860 478 524
1860 218 627
1860 344 499
1860 386 858
1860 76 461
1860 387 856
1860 302 570
1860 386 855
1860 309 670
1860 357 689
1860 315 184
1860 286 529
1860 262 566
1860 368 684
1860 344 498
1860 402 827
1860 261 501
1860 365 694
1860 241 533
1860 356 830
1880 468 437
1880 218 629
1880 432 506
1880 385 860
1880 65 541
1880 47 860
1880 392 852
1880 300 569
1880 466 456
1880 382 854
1880 317 616
1880 335 750
1880 287 529
1880 264 567
1880 301 663
1880 378 515
1880 371 840
1880 310 668
1880 270 494
1880 359 838
1880 242 530
1880 354 824
1900 217 633
1900 383 500
1900 62 643
1900 346 513
1900 390 874
1900 300 571
1900 452 407
1900 385 857
1900 309 669
1900 382 503
1900 262 567
1900 285 529
1900 263 567
1900 228 719
1900 381 504
1900 399 842
1900 262 498
1900 443 446
1900 350 513
1900 463 835
1900 240 534
1900 355 829
1920 456 710
1920 217 629
1920 399 360
1920 403 901
1920 412 905
1920 304 591
1920 447 414
1920 381 859
1920 303 667
1920 81 689
1920 314 466
1920 282 531
1920 263 565
1920 175 607
1920 313 463
1920 278 668
1920 394 544
1920 397 762
1920 266 503
1920 387 391
1920 434 911
1920 398 837
1920 106 679
1920 240 532
1920 361 837
1920 39 286
1940 218 626
1940 370 304
1940 381 862
1940 300 573
1940 423 571
1940 146 497
1940 377 862
1940 308 673
1940 127 526
1940 305 677
1940 388 267
1940 283 531
1940 265 568
1940 276 631
1940 464 291
1940 398 837
1940 361 978
1940 256 478
1940 392 284
1940 462 870
1940 351 844
1940 239 532
1940 357 828
1960 437 197
1960 217 627
1960 429 936
1960 428 936
1960 57 514
1960 368 203
1960 416 981
1960 300 568
1960 424 563
1960 160 434
1960 383 856
1960 304 673
1960 91 407
1960 162 438
1960 333 205
1960 191 749
1960 285 530
1960 266 565
1960 177 716
1960 218 629
1960 213 621
1960 246 727
1960 300 1067
1960 386 854
1960 299 1065
1960 265 501
1960 445 194
1960 161 435
1960 370 826
1960 216 474
1960 354 829
1980 220 624
1980 354 1038
1980 400 1023
1980 41 411
1980 310 124
1980 392 1057
1980 298 568
1980 264 1174
1980 387 852
1980 361 494
1980 90 313
1980 385 117
1980 302 123
1980 247 1152
1980 285 531
1980 265 564
1980 163 715
1980 278 660
1980 362 485
1980 399 833
1980 350 1031
1980 266 503
1980 374 115
1980 178 488
1980 451 896
1980 344 855
1980 89 753
1980 241 531
1980 348 1036
1980 266 1172
1980 354 830
1980 66 435
