1800 471 630
1800 217 627
1800 391 826
1800 77 486
1800 246 67
1800 301 569
1800 284 1120
1800 428 611
1800 391 823
1800 310 667
1800 315 813
1800 286 530
1800 262 568
1800 301 561
1800 285 1118
1800 395 822
1800 261 501
1800 442 831
1800 239 538
1800 284 1120
1800 371 766
1820 451 647
1820 217 625
1820 435 407
1820 409 645
1820 35 883
1820 420 837
1820 300 571
1820 409 651
1820 387 848
1820 301 673
1820 352 673
1820 284 531
1820 260 566
1820 222 1237
1820 303 668
1820 283 674
1820 429 520
1820 410 641
1820 260 501
1820 431 394
1820 418 839
1820 237 535
1820 353 673
1840 217 626
1840 60 911
1840 297 563
1840 417 647
1840 383 852
1840 308 670
1840 362 613
1840 286 527
1840 262 569
1840 279 663
1840 316 872
1840 363 500
1840 405 663
1840 281 673
1840 260 501
1840 240 533
1840 321 869
1860 217 627
1860 77 463
1860 59 937
1860 400 825
1860 299 577
1860 382 851
1860 307 672
1860 377 693
1860 312 182
1860 285 529
1860 270 558
1860 300 666
1860 344 501
1860 402 824
1860 260 504
1860 474 494
1860 366 701
1860 239 533
1860 382 710
1880 218 628
1880 432 501
1880 67 537
1880 49 856
1880 400 832
1880 298 574
1880 466 437
1880 380 855
1880 304 671
1880 329 736
1880 287 528
1880 264 567
1880 286 636
1880 377 511
1880 467 433
1880 269 497
1880 468 435
1880 364 856
1880 241 529
1880 335 750
1880 332 751
1900 475 754
1900 218 629
1900 435 385
1900 403 494
1900 60 771
1900 64 643
1900 402 830
1900 300 569
1900 454 405
1900 384 858
1900 309 666
1900 355 491
1900 355 500
1900 233 701
1900 286 529
1900 260 563
1900 259 713
1900 287 671
1900 382 498
1900 282 661
1900 396 847
1900 262 497
1900 438 386
1900 465 834
1900 239 533
1900 354 829
1920 456 711
1920 217 626
1920 401 347
1920 88 693
1920 414 900
1920 303 651
1920 453 431
1920 383 859
1920 302 689
1920 99 684
1920 286 532
1920 275 640
1920 181 604
1920 394 543
1920 391 746
1920 264 502
1920 402 344
1920 438 907
1920 103 682
1920 240 529
1920 390 799
1940 478 879
1940 217 625
1940 376 301
1940 359 731
1940 72 594
1940 362 979
1940 301 568
1940 422 571
1940 144 500
1940 379 861
1940 308 670
1940 100 589
1940 305 676
1940 390 268
1940 285 529
1940 272 547
1940 285 669
1940 303 694
1940 462 304
1940 395 838
1940 361 978
1940 256 496
1940 381 298
1940 461 869
1940 354 824
1940 239 536
1940 362 978
1940 358 731
1960 432 216
1960 217 627
1960 425 945
1960 428 932
1960 66 509
1960 86 500
1960 421 963
1960 301 566
1960 425 555
1960 163 429
1960 383 855
1960 304 674
1960 89 405
1960 70 511
1960 367 201
1960 164 736
1960 286 530
1960 267 560
1960 174 735
1960 249 726
1960 431 210
1960 301 1065
1960 425 551
1960 297 1067
1960 265 501
1960 443 191
1960 162 441
1960 378 837
1960 373 820
1960 217 474
1960 352 828
1980 221 625
1980 362 1050
1980 369 1003
1980 51 418
1980 400 1048
1980 299 566
1980 375 101
1980 102 425
1980 394 845
1980 89 311
1980 350 138
1980 248 1152
1980 286 530
1980 266 565
1980 148 725
1980 302 566
1980 371 477
1980 399 835
1980 353 830
1980 266 503
1980 178 487
1980 452 893
1980 88 748
1980 240 531
1980 269 1170
1980 353 829
1980 69 425
