1800 461 641
1800 217 629
1800 77 488
1800 34 895
1800 236 60
1800 301 570
1800 290 1144
1800 427 612
1800 391 826
1800 309 664
1800 316 810
1800 241 58
1800 286 531
1800 262 570
1800 278 666
1800 315 810
1800 285 1120
1800 417 816
1800 261 501
1800 442 830
1800 369 770
1800 240 533
1800 289 1182
1800 370 771
1820 453 644
1820 218 627
1820 422 386
1820 32 900
1820 420 838
1820 300 572
1820 410 643
1820 418 835
1820 303 672
1820 87 418
1820 353 689
1820 229 1267
1820 284 532
1820 258 571
1820 228 1257
1820 278 667
1820 275 855
1820 415 515
1820 421 834
1820 260 501
1820 421 836
1820 383 847
1820 239 534
1820 358 836
1840 218 628
1840 80 457
1840 57 907
1840 298 553
1840 415 650
1840 385 855
1840 364 618
1840 363 622
1840 286 528
1840 261 571
1840 285 676
1840 319 875
1840 363 500
1840 409 691
1840 260 501
1840 351 831
1840 240 533
1840 352 837
1860 218 629
1860 76 460
1860 342 500
1860 403 825
1860 300 571
1860 386 701
1860 393 851
1860 358 699
1860 370 561
1860 311 181
1860 286 530
1860 263 568
1860 292 669
1860 293 657
1860 342 499
1860 403 822
1860 385 703
1860 260 502
1860 377 856
1860 241 532
1860 354 825
1880 468 438
1880 219 630
1880 430 501
1880 390 858
1880 65 541
1880 50 860
1880 347 519
1880 401 835
1880 299 571
1880 463 439
1880 382 857
1880 359 537
1880 334 747
1880 286 531
1880 262 566
1880 277 666
1880 309 668
1880 377 512
1880 466 438
1880 271 498
1880 369 850
1880 241 531
1880 354 828
1900 471 838
1900 218 634
1900 433 457
1900 58 776
1900 64 640
1900 347 501
1900 402 832
1900 300 569
1900 450 401
1900 383 866
1900 349 520
1900 432 461
1900 262 564
1900 65 645
1900 286 530
1900 261 563
1900 347 500
1900 281 680
1900 230 700
1900 382 498
1900 245 717
1900 394 849
1900 262 499
1900 438 386
1900 462 830
1900 353 831
1900 65 650
1900 240 533
1900 353 830
1920 456 715
1920 216 628
1920 400 356
1920 88 764
1920 80 690
1920 313 464
1920 424 922
1920 309 619
1920 102 680
1920 381 862
1920 300 663
1920 82 691
1920 156 641
1920 286 533
1920 266 562
1920 157 641
1920 279 674
1920 394 544
1920 395 755
1920 291 660
1920 265 504
1920 107 687
1920 402 344
1920 430 915
1920 380 863
1920 105 679
1920 240 532
1920 355 829
1940 475 898
1940 218 627
1940 356 293
1940 381 862
1940 300 573
1940 421 570
1940 146 499
1940 377 868
1940 309 671
1940 127 525
1940 308 672
1940 386 266
1940 284 532
1940 265 567
1940 278 663
1940 438 323
1940 399 833
1940 360 980
1940 257 500
1940 385 285
1940 461 866
1940 359 853
1940 240 534
1940 360 980
1940 354 837
1960 432 211
1960 217 628
1960 430 938
1960 429 934
1960 50 513
1960 76 577
1960 429 214
1960 428 938
1960 302 569
1960 425 555
1960 162 440
1960 383 863
1960 303 675
1960 92 407
1960 164 442
1960 331 205
1960 217 627
1960 93 404
1960 286 531
1960 267 567
1960 208 600
1960 253 723
1960 424 560
1960 299 1071
1960 265 501
1960 435 192
1960 428 932
1960 368 838
1960 216 476
1960 215 475
1960 351 836
1980 219 626
1980 361 494
1980 351 1029
1980 453 918
1980 52 430
1980 77 430
1980 338 160
1980 401 1050
1980 300 569
1980 334 131
1980 177 488
1980 388 855
1980 362 494
1980 87 302
1980 307 123
1980 303 122
1980 249 1152
1980 286 532
1980 266 566
1980 118 660
1980 282 660
1980 361 492
1980 264 1169
1980 396 834
1980 350 1031
1980 265 503
1980 355 157
1980 177 488
1980 452 892
1980 354 837
1980 161 715
1980 241 531
1980 267 1171
1980 353 831
1980 70 431
