1800 468 605
1800 219 623
1800 391 792
1800 69 495
1800 385 780
1800 83 483
1800 463 615
1800 448 832
1800 299 540
1800 346 813
1800 263 59
1800 382 772
1800 313 662
1800 297 528
1800 293 1127
1800 242 72
1800 288 1121
1800 288 526
1800 266 530
1800 283 1108
1800 300 754
1800 376 762
1800 460 612
1800 282 1113
1800 467 593
1800 261 501
1800 474 610
1800 467 676
1800 427 797
1800 252 511
1800 76 481
1820 463 630
1820 226 610
1820 433 507
1820 302 843
1820 23 673
1820 223 1262
1820 407 645
1820 72 399
1820 305 563
1820 359 680
1820 363 838
1820 316 667
1820 406 550
1820 298 536
1820 380 830
1820 286 528
1820 262 560
1820 266 498
1820 283 538
1820 355 840
1820 418 507
1820 415 642
1820 262 497
1820 47 839
1820 446 637
1820 251 516
1820 234 1254
1820 77 430
1840 222 619
1840 371 294
1840 73 908
1840 62 472
1840 172 1315
1840 401 659
1840 75 440
1840 304 569
1840 346 822
1840 368 840
1840 318 663
1840 224 237
1840 299 553
1840 292 528
1840 264 565
1840 168 1319
1840 367 336
1840 291 587
1840 302 916
1840 413 644
1840 438 817
1840 264 499
1840 180 1326
1840 367 292
1840 437 655
1840 252 518
1840 342 1415
1860 221 619
1860 471 1045
1860 63 901
1860 63 468
1860 389 684
1860 70 453
1860 304 566
1860 367 726
1860 357 824
1860 328 629
1860 306 571
1860 378 821
1860 288 525
1860 261 524
1860 146 1394
1860 252 526
1860 261 499
1860 71 921
1860 474 521
1860 423 655
1860 251 512
1860 327 206
1860 72 456
1880 227 600
1880 449 511
1880 471 516
1880 37 548
1880 423 494
1880 75 514
1880 462 443
1880 307 577
1880 336 741
1880 354 817
1880 322 661
1880 444 525
1880 300 541
1880 459 444
1880 370 788
1880 266 62
1880 294 520
1880 263 572
1880 311 597
1880 320 661
1880 376 811
1880 400 513
1880 409 833
1880 455 490
1880 272 491
1880 449 514
1880 463 433
1880 250 531
1880 22 372
1900 476 754
1900 224 624
1900 384 490
1900 458 816
1900 281 564
1900 97 723
1900 453 400
1900 454 845
1900 310 582
1900 373 845
1900 353 819
1900 327 661
1900 420 408
1900 311 570
1900 402 502
1900 394 838
1900 292 527
1900 268 553
1900 397 539
1900 273 513
1900 391 806
1900 377 488
1900 461 431
1900 261 496
1900 85 645
1900 434 383
1900 453 411
1900 455 820
1900 282 550
1900 256 500
1900 257 495
1920 436 880
1920 230 580
1920 408 379
1920 453 850
1920 25 514
1920 404 542
1920 111 673
1920 464 417
1920 407 832
1920 314 498
1920 352 808
1920 401 397
1920 351 801
1920 339 656
1920 301 554
1920 388 375
1920 385 860
1920 302 481
1920 267 526
1920 163 632
1920 340 850
1920 393 727
1920 401 335
1920 456 442
1920 419 897
1920 267 501
1920 80 685
1920 423 348
1920 400 353
1920 421 719
1920 405 855
1920 174 613
1920 249 530
1920 37 255
1940 477 863
1940 219 614
1940 423 424
1940 369 725
1940 30 586
1940 374 735
1940 95 576
1940 443 324
1940 308 561
1940 352 726
1940 150 501
1940 357 722
1940 320 664
1940 298 531
1940 439 321
1940 294 524
1940 263 519
1940 349 972
1940 327 676
1940 330 863
1940 409 341
1940 368 982
1940 467 280
1940 361 959
1940 268 460
1940 444 349
1940 422 577
1940 449 862
1940 158 508
1940 249 486
1940 395 271
1960 436 946
1960 217 629
1960 434 208
1960 464 1048
1960 60 509
1960 434 954
1960 96 514
1960 443 185
1960 406 1017
1960 298 531
1960 368 831
1960 356 826
1960 318 614
1960 111 408
1960 412 278
1960 301 547
1960 439 177
1960 407 997
1960 290 527
1960 270 544
1960 192 542
1960 416 849
1960 297 1089
1960 461 597
1960 313 1050
1960 448 561
1960 268 499
1960 473 205
1960 228 472
1960 448 560
1960 360 205
1960 250 501
1960 317 1270
1960 262 499
1960 75 493
1980 453 895
1980 220 611
1980 449 891
1980 425 1028
1980 64 444
1980 417 837
1980 112 728
1980 402 829
1980 304 562
1980 355 1122
1980 349 828
1980 352 824
1980 350 694
1980 92 298
1980 299 545
1980 358 1051
1980 183 481
1980 289 526
1980 263 552
1980 164 702
1980 287 534
1980 354 824
1980 372 472
1980 259 1167
1980 478 927
1980 392 854
1980 269 500
1980 437 876
1980 388 1017
1980 172 488
1980 249 1179
1980 253 525
1980 353 1129
1980 281 1269
1980 72 416
