1800 447 602
1800 218 626
1800 370 768
1800 371 764
1800 77 487
1800 430 839
1800 301 568
1800 300 1192
1800 427 612
1800 392 824
1800 311 666
1800 305 673
1800 238 63
1800 287 528
1800 257 564
1800 39 902
1800 238 56
1800 240 55
1800 286 1118
1800 423 808
1800 261 500
1800 442 828
1800 316 808
1800 240 533
1800 370 769
1820 452 639
1820 218 624
1820 421 387
1820 381 864
1820 364 682
1820 33 900
1820 421 835
1820 301 570
1820 411 638
1820 398 860
1820 304 662
1820 85 418
1820 299 673
1820 285 530
1820 258 573
1820 226 1250
1820 419 514
1820 421 838
1820 260 500
1820 420 385
1820 421 840
1820 358 682
1820 240 535
1820 232 1277
1820 378 856
1840 217 626
1840 264 561
1840 323 869
1840 355 828
1840 63 903
1840 82 456
1840 384 852
1840 300 555
1840 416 647
1840 382 853
1840 317 673
1840 15 385
1840 285 666
1840 287 526
1840 258 570
1840 320 867
1840 320 866
1840 363 501
1840 402 667
1840 261 499
1840 363 287
1840 363 502
1840 373 635
1840 241 534
1840 387 856
1860 472 507
1860 218 626
1860 282 550
1860 356 846
1860 400 801
1860 60 929
1860 76 465
1860 389 861
1860 301 569
1860 381 859
1860 311 668
1860 301 669
1860 312 182
1860 315 192
1860 287 529
1860 258 568
1860 25 975
1860 361 680
1860 356 830
1860 307 573
1860 383 707
1860 260 500
1860 345 505
1860 374 707
1860 241 532
1860 390 857
1880 431 503
1880 220 626
1880 345 517
1880 68 537
1880 57 860
1880 295 140
1880 391 856
1880 299 567
1880 464 444
1880 384 860
1880 310 668
1880 296 665
1880 288 527
1880 257 569
1880 375 529
1880 431 505
1880 430 504
1880 220 622
1880 268 494
1880 284 89
1880 378 525
1880 333 764
1880 241 532
1880 367 849
1900 461 835
1900 219 634
1900 436 457
1900 352 846
1900 386 858
1900 61 773
1900 397 864
1900 289 536
1900 443 463
1900 356 836
1900 311 631
1900 294 695
1900 340 511
1900 236 709
1900 286 528
1900 255 556
1900 382 500
1900 355 832
1900 236 699
1900 260 496
1900 435 388
1900 461 835
1900 242 534
1900 355 832
1920 456 710
1920 218 626
1920 380 383
1920 385 865
1920 423 915
1920 81 690
1920 414 901
1920 311 470
1920 442 481
1920 383 861
1920 306 667
1920 156 641
1920 288 667
1920 283 531
1920 259 564
1920 158 641
1920 400 413
1920 406 772
1920 264 501
1920 401 346
1920 155 641
1920 433 912
1920 106 687
1920 240 533
1920 385 862
1940 469 885
1940 218 624
1940 389 270
1940 358 996
1940 404 830
1940 394 849
1940 300 567
1940 423 570
1940 148 501
1940 375 867
1940 308 667
1940 21 398
1940 129 522
1940 305 685
1940 371 305
1940 76 609
1940 284 529
1940 257 561
1940 148 503
1940 388 270
1940 298 695
1940 412 322
1940 401 831
1940 361 975
1940 250 464
1940 392 272
1940 75 606
1940 147 502
1940 458 872
1940 344 735
1940 236 514
1940 359 989
1940 356 840
1960 422 279
1960 216 628
1960 416 993
1960 429 948
1960 46 518
1960 77 508
1960 422 224
1960 418 988
1960 299 564
1960 311 1068
1960 420 566
1960 158 425
1960 378 864
1960 304 669
1960 90 405
1960 124 386
1960 301 673
1960 368 206
1960 245 584
1960 285 529
1960 258 570
1960 344 216
1960 422 571
1960 425 555
1960 299 1069
1960 362 832
1960 304 1061
1960 265 501
1960 14 774
1960 59 515
1960 159 419
1960 428 931
1960 87 500
1960 215 474
1960 303 1067
1960 378 865
1980 365 496
1980 218 626
1980 279 563
1980 368 1057
1980 396 903
1980 60 429
1980 75 750
1980 390 871
1980 299 565
1980 271 1172
1980 346 145
1980 90 428
1980 384 857
1980 308 584
1980 83 409
1980 101 300
1980 292 670
1980 217 627
1980 250 1153
1980 286 530
1980 259 564
1980 165 712
1980 355 1047
1980 364 847
1980 360 491
1980 252 1154
1980 399 830
1980 353 1028
1980 265 502
1980 332 127
1980 453 892
1980 129 731
1980 239 532
1980 355 1035
1980 271 1172
1980 381 859
1980 65 441
