1800 465 636
1800 218 627
1800 31 880
1800 77 487
1800 239 55
1800 422 824
1800 301 568
1800 292 1177
1800 430 610
1800 391 812
1800 309 665
1800 77 486
1800 316 810
1800 241 534
1800 286 1118
1800 286 530
1800 263 566
1800 262 500
1800 316 808
1800 445 602
1800 285 1121
1800 451 612
1800 389 815
1800 261 501
1800 77 882
1800 457 624
1800 441 829
1800 369 767
1800 79 859
1800 241 531
1800 392 831
1800 289 1173
1800 370 769
1820 453 636
1820 218 626
1820 423 387
1820 421 832
1820 35 881
1820 419 838
1820 301 571
1820 413 638
1820 383 846
1820 305 665
1820 87 417
1820 351 671
1820 226 1253
1820 284 531
1820 259 565
1820 226 1245
1820 413 520
1820 276 850
1820 416 517
1820 414 640
1820 356 680
1820 260 501
1820 431 395
1820 454 634
1820 375 851
1820 240 532
1820 359 838
1840 218 627
1840 392 658
1840 385 854
1840 393 848
1840 81 457
1840 149 1340
1840 75 909
1840 286 525
1840 385 862
1840 299 562
1840 416 649
1840 381 852
1840 316 671
1840 362 614
1840 286 526
1840 262 565
1840 318 867
1840 365 500
1840 321 869
1840 423 650
1840 392 658
1840 260 500
1840 368 500
1840 350 830
1840 240 532
1840 241 532
1840 366 837
1860 475 495
1860 218 628
1860 372 558
1860 384 851
1860 76 459
1860 343 499
1860 403 815
1860 299 566
1860 391 683
1860 396 840
1860 307 665
1860 370 562
1860 312 180
1860 264 571
1860 286 530
1860 263 563
1860 343 501
1860 373 685
1860 346 497
1860 367 688
1860 400 816
1860 260 502
1860 61 939
1860 355 513
1860 361 713
1860 241 531
1860 353 825
1880 467 433
1880 219 628
1880 430 502
1880 353 846
1880 66 533
1880 51 860
1880 346 517
1880 402 828
1880 299 565
1880 466 436
1880 381 856
1880 313 670
1880 67 535
1880 333 746
1880 242 534
1880 286 527
1880 261 561
1880 273 498
1880 334 743
1880 378 509
1880 284 664
1880 431 500
1880 378 509
1880 271 494
1880 57 867
1880 468 435
1880 431 501
1880 354 826
1880 250 562
1880 241 531
1880 355 844
1880 353 825
1900 469 828
1900 218 631
1900 432 452
1900 59 772
1900 63 643
1900 63 774
1900 63 640
1900 286 529
1900 396 864
1900 301 549
1900 451 400
1900 385 856
1900 343 661
1900 285 608
1900 357 479
1900 264 571
1900 286 529
1900 262 564
1900 222 627
1900 291 572
1900 305 665
1900 379 495
1900 260 690
1900 434 451
1900 385 853
1900 263 496
1900 443 387
1900 464 825
1900 354 826
1900 241 531
1900 354 827
1920 456 712
1920 216 627
1920 401 346
1920 420 922
1920 410 894
1920 106 683
1920 81 689
1920 301 440
1920 413 906
1920 306 569
1920 448 414
1920 380 859
1920 308 668
1920 81 689
1920 298 447
1920 269 513
1920 278 522
1920 276 521
1920 157 639
1920 280 662
1920 395 545
1920 454 723
1920 285 629
1920 265 501
1920 92 690
1920 403 345
1920 156 635
1920 432 910
1920 379 758
1920 157 642
1920 240 532
1920 365 848
1920 356 834
1940 474 888
1940 218 628
1940 370 294
1940 72 596
1940 20 748
1940 382 297
1940 362 977
1940 299 568
1940 422 570
1940 147 500
1940 376 865
1940 309 666
1940 127 519
1940 308 670
1940 374 292
1940 267 555
1940 285 528
1940 268 544
1940 360 297
1940 103 588
1940 348 738
1940 450 311
1940 458 866
1940 359 976
1940 256 489
1940 64 871
1940 389 266
1940 148 497
1940 461 868
1940 350 839
1940 152 515
1940 241 532
1940 359 983
1940 352 841
1940 45 279
1960 437 561
1960 216 627
1960 422 567
1960 427 940
1960 430 934
1960 50 513
1960 76 506
1960 381 214
1960 427 936
1960 301 566
1960 427 552
1960 160 439
1960 382 862
1960 304 671
1960 93 407
1960 92 407
1960 300 677
1960 369 203
1960 193 745
1960 167 417
1960 286 529
1960 268 559
1960 222 647
1960 254 720
1960 427 552
1960 301 1063
1960 429 553
1960 322 1072
1960 265 500
1960 91 485
1960 372 198
1960 162 437
1960 428 930
1960 369 858
1960 219 628
1960 216 475
1960 355 830
1980 217 626
1980 361 494
1980 402 1044
1980 453 902
1980 41 420
1980 362 494
1980 404 1034
1980 299 566
1980 277 1167
1980 377 482
1980 94 428
1980 389 853
1980 297 571
1980 88 303
1980 89 421
1980 280 659
1980 363 493
1980 364 495
1980 174 487
1980 247 1154
1980 285 531
1980 266 560
1980 168 712
1980 179 491
1980 347 1017
1980 376 477
1980 265 1168
1980 398 831
1980 351 1025
1980 265 502
1980 86 748
1980 157 531
1980 453 892
1980 353 830
1980 116 834
1980 241 531
1980 363 1092
1980 289 1203
1980 353 832
1980 65 423
