1800 440 830
1800 218 631
1800 78 487
1800 441 830
1800 299 575
1800 369 766
1800 370 769
1800 307 653
1800 254 70
1800 308 656
1800 305 659
1800 285 531
1800 260 564
1800 298 819
1800 281 1121
1800 441 609
1800 260 502
1800 422 822
1800 241 533
1820 453 818
1820 217 625
1820 393 760
1820 425 841
1820 297 577
1820 235 1309
1820 366 706
1820 379 846
1820 307 662
1820 89 416
1820 306 663
1820 421 385
1820 277 658
1820 260 82
1820 283 531
1820 260 567
1820 273 858
1820 424 393
1820 412 515
1820 260 500
1820 426 841
1820 241 537
1820 220 1230
1820 88 417
1840 218 629
1840 313 874
1840 74 468
1840 296 577
1840 397 689
1840 379 851
1840 306 662
1840 81 457
1840 307 658
1840 392 355
1840 412 653
1840 287 528
1840 259 570
1840 161 1330
1840 178 1328
1840 310 878
1840 405 658
1840 260 500
1840 423 654
1840 241 540
1860 469 568
1860 219 628
1860 312 180
1860 394 855
1860 65 476
1860 20 419
1860 402 829
1860 313 583
1860 385 696
1860 378 859
1860 309 662
1860 75 460
1860 308 664
1860 312 179
1860 369 701
1860 286 529
1860 259 557
1860 375 602
1860 260 502
1860 467 527
1860 394 839
1860 242 537
1880 466 476
1880 219 633
1880 341 849
1880 68 539
1880 405 839
1880 305 575
1880 426 626
1880 377 858
1880 309 666
1880 313 664
1880 430 502
1880 290 528
1880 260 569
1880 244 537
1880 339 707
1880 394 848
1880 430 502
1880 272 496
1880 463 443
1880 435 514
1880 241 534
1880 407 839
1900 462 827
1900 220 632
1900 431 442
1900 351 840
1900 59 777
1900 67 655
1900 459 832
1900 303 573
1900 440 392
1900 363 848
1900 314 665
1900 309 663
1900 406 497
1900 405 842
1900 288 529
1900 260 566
1900 434 385
1900 438 447
1900 382 842
1900 261 498
1900 436 456
1900 404 842
1900 89 764
1900 242 537
1920 452 751
1920 218 627
1920 393 834
1920 85 681
1920 83 697
1920 412 921
1920 310 607
1920 380 733
1920 159 648
1920 376 856
1920 311 668
1920 47 480
1920 394 392
1920 310 664
1920 413 350
1920 407 897
1920 309 543
1920 260 568
1920 406 348
1920 373 832
1920 420 500
1920 414 904
1920 264 502
1920 408 400
1920 406 404
1920 416 766
1920 164 634
1920 107 683
1920 244 539
1920 451 749
1940 456 875
1940 215 622
1940 394 271
1940 351 851
1940 476 899
1940 73 598
1940 70 607
1940 433 326
1940 301 564
1940 357 734
1940 128 522
1940 364 852
1940 309 657
1940 309 662
1940 374 287
1940 353 841
1940 235 419
1940 342 962
1940 289 522
1940 262 558
1940 144 510
1940 342 749
1940 274 563
1940 398 275
1940 357 983
1940 423 570
1940 380 867
1940 261 483
1940 457 291
1940 361 297
1940 401 835
1940 374 1015
1940 383 290
1940 245 543
1940 358 977
1940 363 299
1940 32 270
1960 217 628
1960 324 203
1960 428 984
1960 68 518
1960 75 505
1960 409 252
1960 414 988
1960 300 564
1960 412 985
1960 423 557
1960 143 493
1960 382 860
1960 302 674
1960 93 411
1960 354 231
1960 300 679
1960 345 213
1960 165 395
1960 287 528
1960 263 564
1960 119 390
1960 193 746
1960 406 397
1960 326 1074
1960 424 551
1960 303 1072
1960 265 501
1960 467 107
1960 263 526
1960 436 558
1960 416 1005
1960 199 646
1960 214 478
1960 263 505
1960 93 413
1980 453 911
1980 217 616
1980 401 1051
1980 71 435
1980 254 1163
1980 62 420
1980 391 1021
1980 308 590
1980 110 461
1980 382 857
1980 318 679
1980 91 396
1980 357 499
1980 297 606
1980 380 489
1980 318 127
1980 285 530
1980 261 563
1980 130 742
1980 287 586
1980 264 1177
1980 404 1026
1980 265 505
1980 404 482
1980 394 835
1980 392 1062
1980 164 718
1980 98 748
1980 239 537
1980 344 1108
1980 330 100
1980 74 429
