1800 458 636
1800 216 626
1800 77 488
1800 77 890
1800 242 60
1800 300 570
1800 433 610
1800 392 826
1800 311 671
1800 316 813
1800 260 61
1800 285 531
1800 260 568
1800 288 1114
1800 400 828
1800 261 501
1800 442 831
1800 240 534
1800 289 1198
1800 370 771
1820 452 640
1820 217 626
1820 33 892
1820 421 836
1820 300 572
1820 410 644
1820 416 844
1820 305 669
1820 85 422
1820 352 676
1820 283 531
1820 256 568
1820 237 1285
1820 423 519
1820 410 646
1820 260 502
1820 341 719
1820 238 535
1820 277 666
1820 372 847
1820 83 422
1840 217 626
1840 80 456
1840 60 911
1840 297 566
1840 417 647
1840 383 853
1840 307 683
1840 363 614
1840 331 434
1840 286 527
1840 261 570
1840 316 873
1840 364 500
1840 397 663
1840 261 502
1840 353 830
1840 241 533
1840 335 880
1860 477 510
1860 218 627
1860 77 471
1860 397 839
1860 300 570
1860 387 855
1860 308 670
1860 366 660
1860 313 182
1860 286 530
1860 262 566
1860 344 499
1860 358 830
1860 260 502
1860 241 534
1860 355 829
1880 218 628
1880 466 437
1880 334 750
1880 66 537
1880 46 866
1880 400 835
1880 299 571
1880 378 511
1880 381 855
1880 304 664
1880 326 736
1880 286 529
1880 262 567
1880 283 668
1880 378 513
1880 431 504
1880 269 494
1880 357 838
1880 241 530
1880 353 825
1900 478 756
1900 218 633
1900 384 498
1900 383 864
1900 65 662
1900 63 649
1900 346 508
1900 401 840
1900 300 570
1900 233 722
1900 436 399
1900 385 863
1900 310 667
1900 278 670
1900 349 486
1900 234 711
1900 285 527
1900 264 565
1900 289 676
1900 381 499
1900 354 832
1900 272 686
1900 262 497
1900 453 403
1900 462 833
1900 355 829
1900 241 533
1900 355 831
1920 455 713
1920 215 627
1920 402 347
1920 410 905
1920 414 903
1920 305 569
1920 446 426
1920 380 863
1920 300 667
1920 102 680
1920 308 619
1920 215 626
1920 279 529
1920 276 613
1920 176 608
1920 395 545
1920 397 752
1920 265 502
1920 403 344
1920 431 916
1920 397 775
1920 108 682
1920 240 531
1920 360 831
1940 217 625
1940 371 297
1940 43 803
1940 399 835
1940 300 571
1940 423 569
1940 147 500
1940 379 863
1940 309 669
1940 127 523
1940 300 704
1940 372 311
1940 284 530
1940 265 558
1940 292 734
1940 302 673
1940 400 835
1940 362 978
1940 257 493
1940 395 281
1940 461 868
1940 353 841
1940 240 533
1940 360 977
1940 356 833
1960 434 190
1960 216 622
1960 335 214
1960 432 938
1960 65 508
1960 81 507
1960 367 201
1960 423 953
1960 300 564
1960 427 553
1960 162 430
1960 385 863
1960 306 673
1960 90 405
1960 162 444
1960 270 571
1960 327 203
1960 193 755
1960 285 530
1960 265 564
1960 178 732
1960 301 1066
1960 427 553
1960 301 1065
1960 265 501
1960 380 215
1960 162 442
1960 426 939
1960 372 828
1960 216 476
1960 350 831
1980 218 628
1980 358 1035
1980 412 1015
1980 53 423
1980 401 1041
1980 298 566
1980 178 489
1980 388 853
1980 301 572
1980 87 302
1980 264 564
1980 330 152
1980 249 1154
1980 285 531
1980 264 567
1980 160 719
1980 375 479
1980 398 834
1980 352 1024
1980 265 503
1980 178 488
1980 452 894
1980 353 834
1980 98 758
1980 240 533
1980 273 1162
1980 353 830
1980 64 421
