1800 469 660
1800 232 632
1800 476 749
1800 50 947
1800 32 522
1800 413 814
1800 437 824
1800 315 578
1800 323 813
1800 256 50
1800 386 771
1800 325 655
1800 289 1112
1800 281 39
1800 299 545
1800 280 536
1800 251 546
1800 401 794
1800 299 1120
1800 422 800
1800 280 520
1800 195 1370
1800 433 834
1800 403 830
1800 261 518
1800 396 824
1800 18 384
1820 471 645
1820 242 538
1820 366 701
1820 478 668
1820 394 684
1820 37 763
1820 444 672
1820 317 589
1820 247 1279
1820 352 817
1820 391 848
1820 327 666
1820 105 426
1820 322 681
1820 266 93
1820 299 542
1820 283 536
1820 88 410
1820 247 517
1820 310 630
1820 277 841
1820 441 577
1820 279 513
1820 437 546
1820 444 665
1820 388 876
1820 148 1248
1820 263 504
1820 424 844
1820 224 1258
1820 25 369
1840 237 641
1840 400 368
1840 363 621
1840 478 578
1840 64 885
1840 40 473
1840 358 823
1840 85 824
1840 317 600
1840 331 848
1840 385 852
1840 324 672
1840 319 615
1840 382 302
1840 302 552
1840 282 542
1840 254 522
1840 438 661
1840 281 517
1840 73 995
1840 198 1381
1840 425 654
1840 414 662
1840 158 1305
1840 263 527
1840 191 1360
1840 307 570
1860 237 621
1860 478 725
1860 60 936
1860 393 816
1860 60 913
1860 459 700
1860 319 574
1860 375 687
1860 383 819
1860 332 639
1860 330 649
1860 299 539
1860 283 539
1860 89 1398
1860 235 546
1860 457 315
1860 476 340
1860 277 519
1860 332 221
1860 460 518
1860 379 857
1860 262 515
1860 459 697
1880 475 428
1880 242 544
1880 381 525
1880 478 1011
1880 43 877
1880 18 589
1880 371 822
1880 61 515
1880 443 628
1880 320 595
1880 341 762
1880 385 776
1880 328 678
1880 342 528
1880 341 517
1880 327 629
1880 304 544
1880 283 547
1880 254 536
1880 376 750
1880 396 529
1880 459 447
1880 450 688
1880 283 496
1880 433 511
1880 470 426
1880 374 832
1880 265 563
1880 414 841
1880 10 366
1900 471 735
1900 241 630
1900 412 447
1900 418 451
1900 475 842
1900 393 497
1900 96 717
1900 441 809
1900 317 590
1900 408 532
1900 394 789
1900 339 592
1900 288 540
1900 339 466
1900 361 811
1900 301 542
1900 282 542
1900 239 635
1900 382 497
1900 330 1184
1900 456 803
1900 279 519
1900 92 701
1900 425 441
1900 469 717
1900 392 796
1900 221 664
1900 266 511
1900 272 509
1920 439 890
1920 243 547
1920 399 551
1920 475 883
1920 395 805
1920 98 693
1920 376 357
1920 418 755
1920 322 458
1920 384 580
1920 387 753
1920 332 647
1920 334 479
1920 344 365
1920 337 828
1920 308 519
1920 283 529
1920 140 644
1920 254 536
1920 376 782
1920 426 356
1920 384 780
1920 281 512
1920 50 752
1920 450 409
1920 428 722
1920 380 768
1920 185 606
1920 263 535
1920 406 823
1920 323 467
1940 459 868
1940 242 600
1940 414 286
1940 331 567
1940 470 852
1940 375 817
1940 77 575
1940 432 896
1940 317 571
1940 334 729
1940 160 509
1940 388 727
1940 325 675
1940 310 564
1940 364 296
1940 317 707
1940 301 541
1940 278 522
1940 135 517
1940 239 527
1940 361 722
1940 415 280
1940 383 851
1940 280 476
1940 468 285
1940 339 231
1940 468 423
1940 372 878
1940 233 417
1940 260 505
1940 379 957
1940 326 267
1940 25 592
1960 440 941
1960 238 622
1960 395 214
1960 475 863
1960 23 635
1960 393 984
1960 57 543
1960 383 179
1960 430 942
1960 313 581
1960 428 549
1960 386 831
1960 326 651
1960 117 397
1960 284 662
1960 373 180
1960 348 857
1960 310 1050
1960 303 546
1960 281 530
1960 123 391
1960 248 609
1960 373 819
1960 300 1082
1960 401 971
1960 281 523
1960 224 478
1960 367 851
1960 182 415
1960 265 514
1960 370 1017
1960 270 503
1960 78 495
1980 456 885
1980 242 594
1980 453 871
1980 30 399
1980 380 866
1980 84 726
1980 427 878
1980 313 583
1980 253 1147
1980 406 836
1980 388 837
1980 371 665
1980 96 404
1980 322 145
1980 334 586
1980 336 476
1980 359 827
1980 282 1186
1980 301 556
1980 279 534
1980 163 692
1980 254 542
1980 384 837
1980 387 490
1980 282 1171
1980 382 983
1980 281 519
1980 28 918
1980 250 1176
1980 209 270
1980 456 889
1980 375 819
1980 163 499
1980 147 508
1980 264 527
1980 368 1025
1980 238 1226
1980 72 400
