1800 465 629
1800 216 627
1800 77 486
1800 78 882
1800 243 60
1800 301 569
1800 429 614
1800 392 821
1800 310 667
1800 317 810
1800 247 67
1800 286 530
1800 260 566
1800 288 1114
1800 421 822
1800 261 501
1800 442 828
1800 241 532
1800 289 1204
1800 370 770
1820 452 640
1820 217 625
1820 425 389
1820 32 897
1820 300 570
1820 412 641
1820 399 865
1820 306 665
1820 87 419
1820 355 669
1820 283 530
1820 257 566
1820 231 1268
1820 282 664
1820 425 514
1820 419 835
1820 260 501
1820 421 838
1820 239 535
1820 360 837
1820 84 423
1840 217 627
1840 80 456
1840 298 564
1840 417 647
1840 383 853
1840 312 676
1840 361 613
1840 286 526
1840 260 568
1840 316 871
1840 363 499
1840 393 658
1840 261 501
1840 350 833
1840 240 533
1840 348 840
1860 217 627
1860 345 500
1860 75 473
1860 399 835
1860 301 569
1860 382 850
1860 307 667
1860 373 678
1860 315 182
1860 315 182
1860 285 529
1860 263 567
1860 301 570
1860 387 844
1860 260 502
1860 241 532
1860 356 823
1880 218 626
1880 432 505
1880 66 535
1880 45 864
1880 400 842
1880 299 567
1880 465 441
1880 379 853
1880 307 665
1880 321 720
1880 286 528
1880 263 567
1880 378 511
1880 432 503
1880 268 494
1880 354 850
1880 241 529
1880 353 823
1900 477 755
1900 218 630
1900 432 448
1900 61 644
1900 282 532
1900 404 832
1900 301 568
1900 445 391
1900 384 853
1900 311 666
1900 263 565
1900 347 491
1900 236 707
1900 285 527
1900 265 565
1900 299 659
1900 382 497
1900 400 839
1900 262 496
1900 449 399
1900 462 833
1900 356 839
1900 240 532
1900 355 829
1920 455 710
1920 215 626
1920 401 352
1920 426 911
1920 307 569
1920 448 409
1920 383 857
1920 305 664
1920 87 690
1920 281 529
1920 273 589
1920 166 618
1920 393 542
1920 397 753
1920 265 502
1920 403 343
1920 433 913
1920 106 676
1920 240 531
1920 361 822
1920 48 278
1940 217 626
1940 371 295
1940 26 754
1940 368 971
1940 300 570
1940 423 570
1940 146 497
1940 380 861
1940 309 668
1940 37 304
1940 127 532
1940 304 686
1940 372 302
1940 284 529
1940 265 558
1940 297 707
1940 400 831
1940 361 978
1940 257 492
1940 389 291
1940 460 869
1940 355 837
1940 240 531
1940 358 828
1960 432 193
1960 216 621
1960 342 217
1960 431 948
1960 64 505
1960 419 957
1960 300 562
1960 422 561
1960 163 423
1960 383 858
1960 306 667
1960 91 404
1960 165 429
1960 328 203
1960 220 625
1960 285 530
1960 265 562
1960 244 543
1960 302 1062
1960 420 571
1960 300 1065
1960 265 501
1960 377 202
1960 162 442
1960 421 947
1960 373 829
1960 216 475
1960 349 827
1980 219 625
1980 355 1026
1980 402 1014
1980 65 423
1980 402 1034
1980 299 565
1980 178 487
1980 386 852
1980 305 577
1980 87 300
1980 362 487
1980 335 145
1980 249 1153
1980 285 530
1980 264 566
1980 146 731
1980 378 480
1980 398 829
1980 352 1024
1980 265 503
1980 178 487
1980 451 892
1980 91 752
1980 240 532
1980 273 1161
1980 353 828
1980 62 420
