1800 468 640
1800 217 627
1800 77 487
1800 76 889
1800 244 60
1800 442 830
1800 301 569
1800 287 1134
1800 428 612
1800 391 821
1800 309 665
1800 318 809
1800 286 530
1800 260 569
1800 309 663
1800 318 807
1800 286 1118
1800 441 603
1800 261 501
1800 477 571
1800 443 830
1800 241 532
1800 294 1188
1800 370 770
1820 452 637
1820 218 625
1820 424 388
1820 87 420
1820 34 888
1820 420 834
1820 300 570
1820 412 641
1820 390 851
1820 305 669
1820 88 419
1820 354 678
1820 284 529
1820 256 569
1820 231 1270
1820 278 662
1820 418 515
1820 412 639
1820 260 501
1820 419 833
1820 238 534
1820 358 838
1840 218 627
1840 364 289
1840 80 455
1840 298 565
1840 416 648
1840 384 853
1840 306 669
1840 362 611
1840 287 525
1840 261 570
1840 293 660
1840 317 869
1840 363 499
1840 417 648
1840 260 501
1840 353 830
1840 239 532
1840 352 836
1860 476 506
1860 218 626
1860 77 465
1860 396 846
1860 301 566
1860 285 660
1860 385 853
1860 308 668
1860 344 499
1860 313 180
1860 286 528
1860 262 565
1860 297 670
1860 380 699
1860 382 689
1860 386 854
1860 260 501
1860 241 531
1860 356 825
1880 467 434
1880 218 627
1880 432 503
1880 374 845
1880 66 536
1880 47 862
1880 399 839
1880 299 565
1880 434 505
1880 380 853
1880 301 579
1880 336 750
1880 287 527
1880 262 564
1880 292 652
1880 335 749
1880 377 509
1880 308 670
1880 466 435
1880 270 494
1880 470 433
1880 369 852
1880 241 530
1880 355 827
1900 476 751
1900 217 632
1900 440 451
1900 65 658
1900 64 642
1900 399 844
1900 301 569
1900 450 400
1900 384 856
1900 300 584
1900 354 481
1900 383 496
1900 286 527
1900 262 571
1900 279 670
1900 237 688
1900 381 494
1900 429 450
1900 275 680
1900 261 496
1900 438 445
1900 346 497
1900 463 833
1900 240 532
1900 354 829
1920 456 710
1920 215 627
1920 381 378
1920 411 896
1920 308 569
1920 410 384
1920 380 859
1920 302 666
1920 105 675
1920 280 523
1920 289 541
1920 176 608
1920 281 634
1920 394 543
1920 395 749
1920 265 501
1920 401 348
1920 426 917
1920 381 861
1920 160 645
1920 240 531
1920 358 825
1920 42 253
1940 218 626
1940 372 291
1940 61 858
1940 401 832
1940 300 569
1940 422 568
1940 147 498
1940 377 860
1940 309 669
1940 148 499
1940 309 669
1940 373 292
1940 285 527
1940 264 557
1940 303 670
1940 357 734
1940 440 326
1940 400 832
1940 362 978
1940 256 492
1940 387 277
1940 463 866
1940 354 827
1940 239 531
1940 365 994
1940 355 836
1960 444 187
1960 216 624
1960 427 941
1960 428 929
1960 64 505
1960 79 530
1960 368 203
1960 419 961
1960 300 563
1960 425 555
1960 162 440
1960 383 855
1960 303 673
1960 91 403
1960 166 418
1960 327 201
1960 195 748
1960 286 529
1960 266 561
1960 178 718
1960 252 721
1960 255 721
1960 277 666
1960 301 1064
1960 423 562
1960 326 1070
1960 265 501
1960 441 195
1960 163 439
1960 425 939
1960 367 830
1960 216 474
1960 350 831
1980 220 623
1980 360 1055
1980 403 1017
1980 49 419
1980 90 436
1980 383 1049
1980 299 566
1980 262 1170
1980 389 848
1980 299 577
1980 89 307
1980 318 124
1980 249 1153
1980 286 530
1980 265 565
1980 164 713
1980 298 652
1980 363 486
1980 398 827
1980 349 1028
1980 265 502
1980 178 488
1980 452 893
1980 127 759
1980 239 531
1980 269 1170
1980 353 829
1980 65 423
