1800 469 628
1800 216 627
1800 77 487
1800 76 889
1800 242 57
1800 300 570
1800 430 613
1800 392 822
1800 310 668
1800 317 810
1800 242 61
1800 287 529
1800 260 566
1800 288 1114
1800 417 819
1800 261 501
1800 442 829
1800 240 532
1800 369 770
1820 451 641
1820 217 626
1820 424 388
1820 31 902
1820 300 570
1820 411 641
1820 403 873
1820 306 666
1820 87 419
1820 283 530
1820 257 567
1820 423 513
1820 355 676
1820 260 501
1820 421 843
1820 239 535
1820 361 839
1840 217 626
1840 80 455
1840 298 565
1840 417 647
1840 383 853
1840 310 678
1840 362 614
1840 286 526
1840 260 567
1840 317 873
1840 363 500
1840 394 658
1840 260 501
1840 351 831
1840 240 533
1840 347 841
1860 218 627
1860 75 474
1860 301 569
1860 383 851
1860 306 668
1860 366 583
1860 316 182
1860 286 529
1860 263 567
1860 301 572
1860 389 843
1860 260 502
1860 240 532
1860 355 823
1880 218 628
1880 433 506
1880 66 537
1880 46 864
1880 400 837
1880 299 568
1880 433 504
1880 381 853
1880 304 663
1880 325 727
1880 286 528
1880 263 566
1880 378 510
1880 432 503
1880 268 494
1880 356 849
1880 241 529
1880 354 823
1900 477 755
1900 217 630
1900 433 450
1900 61 642
1900 273 518
1900 404 837
1900 301 566
1900 450 398
1900 384 853
1900 309 666
1900 278 663
1900 348 479
1900 236 723
1900 285 527
1900 264 565
1900 289 663
1900 382 496
1900 400 841
1900 262 496
1900 451 400
1900 462 833
1900 241 532
1900 354 829
1920 455 710
1920 216 625
1920 400 354
1920 428 920
1920 307 569
1920 380 861
1920 306 665
1920 81 690
1920 281 529
1920 272 590
1920 173 612
1920 394 543
1920 398 753
1920 265 502
1920 403 343
1920 431 914
1920 241 531
1920 360 822
1920 55 276
1940 217 626
1940 371 296
1940 24 764
1940 372 997
1940 300 570
1940 423 571
1940 146 495
1940 380 860
1940 308 668
1940 46 277
1940 127 530
1940 305 681
1940 372 301
1940 284 529
1940 265 557
1940 292 727
1940 400 832
1940 361 979
1940 258 492
1940 378 294
1940 461 866
1940 352 843
1940 240 531
1940 358 828
1960 432 208
1960 216 623
1960 431 947
1960 63 505
1960 421 951
1960 301 566
1960 424 558
1960 163 426
1960 384 860
1960 306 668
1960 90 403
1960 166 430
1960 328 203
1960 260 567
1960 285 529
1960 266 565
1960 176 733
1960 306 1058
1960 420 565
1960 302 1062
1960 265 501
1960 376 187
1960 162 442
1960 420 949
1960 373 823
1960 216 475
1960 349 827
1980 219 626
1980 354 1025
1980 402 1033
1980 299 566
1980 177 487
1980 386 854
1980 362 499
1980 88 302
1980 338 146
1980 249 1153
1980 285 530
1980 264 566
1980 158 723
1980 378 480
1980 398 829
1980 351 1022
1980 265 503
1980 178 487
1980 451 892
1980 99 756
1980 240 532
1980 353 828
1980 60 423
