1800 441 827
1800 217 628
1800 389 825
1800 65 501
1800 441 827
1800 301 567
1800 427 612
1800 389 821
1800 309 666
1800 272 665
1800 232 67
1800 286 531
1800 258 570
1800 310 815
1800 285 1120
1800 457 628
1800 258 501
1800 441 826
1800 377 794
1800 240 532
1800 312 814
1820 451 643
1820 214 623
1820 417 835
1820 409 650
1820 417 833
1820 297 570
1820 406 645
1820 381 848
1820 304 666
1820 281 665
1820 280 531
1820 259 569
1820 274 856
1820 419 516
1820 408 641
1820 257 502
1820 422 837
1820 360 842
1820 237 533
1820 222 1274
1820 356 682
1840 427 653
1840 216 627
1840 363 522
1840 299 672
1840 422 659
1840 64 923
1840 414 650
1840 297 558
1840 412 654
1840 377 852
1840 311 658
1840 277 675
1840 361 285
1840 283 528
1840 259 570
1840 415 652
1840 257 502
1840 423 656
1840 358 831
1840 62 918
1840 243 530
1840 61 916
1840 314 868
1860 217 628
1860 307 201
1860 379 865
1860 62 489
1860 386 855
1860 295 558
1860 384 854
1860 300 634
1860 279 632
1860 311 180
1860 282 531
1860 264 561
1860 470 496
1860 256 504
1860 353 829
1860 239 540
1860 352 849
1880 466 435
1880 217 628
1880 320 714
1880 463 438
1880 66 536
1880 389 857
1880 293 569
1880 464 441
1880 381 857
1880 323 684
1880 268 580
1880 283 529
1880 257 568
1880 328 737
1880 304 665
1880 429 506
1880 434 510
1880 263 495
1880 465 433
1880 402 826
1880 352 852
1880 239 531
1880 331 750
1900 462 829
1900 217 637
1900 369 492
1900 63 775
1900 51 788
1900 57 775
1900 62 640
1900 314 491
1900 295 558
1900 54 783
1900 437 389
1900 384 854
1900 298 578
1900 277 667
1900 345 512
1900 283 529
1900 261 564
1900 54 783
1900 379 502
1900 466 829
1900 257 497
1900 380 501
1900 462 827
1900 354 834
1900 66 673
1900 239 533
1900 351 837
1920 452 736
1920 216 627
1920 384 381
1920 397 852
1920 440 503
1920 26 755
1920 80 692
1920 414 904
1920 300 558
1920 401 351
1920 381 857
1920 305 662
1920 158 648
1920 285 627
1920 415 379
1920 274 523
1920 265 568
1920 106 681
1920 396 375
1920 452 729
1920 262 502
1920 397 359
1920 428 915
1920 358 832
1920 155 645
1920 82 696
1920 236 533
1920 355 829
1940 467 863
1940 217 625
1940 357 296
1940 466 858
1940 70 602
1940 373 1000
1940 297 567
1940 422 570
1940 231 429
1940 377 860
1940 308 668
1940 146 500
1940 275 671
1940 370 298
1940 284 529
1940 263 544
1940 291 666
1940 455 309
1940 468 868
1940 258 478
1940 418 313
1940 125 519
1940 461 867
1940 349 847
1940 149 507
1940 74 603
1940 236 530
1940 351 849
1960 216 629
1960 326 204
1960 429 942
1960 432 943
1960 55 520
1960 409 1006
1960 299 564
1960 422 563
1960 215 478
1960 382 854
1960 302 672
1960 90 406
1960 93 409
1960 271 684
1960 331 204
1960 279 526
1960 262 567
1960 329 1063
1960 263 502
1960 442 197
1960 90 407
1960 427 939
1960 365 843
1960 393 221
1960 215 477
1960 344 851
1980 471 925
1980 218 626
1980 322 155
1980 384 1056
1980 450 1050
1980 55 425
1980 362 1046
1980 297 566
1980 258 1177
1980 392 841
1980 307 582
1980 85 309
1980 271 579
1980 357 490
1980 280 529
1980 260 564
1980 85 746
1980 362 493
1980 353 1042
1980 262 504
1980 97 450
1980 452 894
1980 354 839
1980 135 732
1980 73 741
1980 237 534
1980 354 1033
1980 66 759
1980 350 836
1980 62 439
