1800 466 632
1800 217 627
1800 77 485
1800 77 882
1800 300 570
1800 431 611
1800 392 824
1800 310 667
1800 316 811
1800 243 60
1800 288 529
1800 260 566
1800 288 1114
1800 413 811
1800 261 501
1800 442 830
1800 240 533
1800 290 1199
1800 369 769
1820 452 642
1820 218 626
1820 424 387
1820 32 894
1820 301 571
1820 409 642
1820 405 867
1820 304 667
1820 86 419
1820 354 670
1820 283 530
1820 256 568
1820 231 1260
1820 278 665
1820 416 516
1820 409 642
1820 260 501
1820 420 839
1820 238 535
1820 362 839
1820 83 422
1840 218 627
1840 80 456
1840 59 908
1840 363 503
1840 298 564
1840 416 648
1840 385 853
1840 312 679
1840 362 614
1840 287 526
1840 260 568
1840 286 654
1840 319 869
1840 363 500
1840 395 657
1840 261 501
1840 352 828
1840 240 534
1840 334 867
1860 218 627
1860 78 471
1860 400 831
1860 301 569
1860 385 853
1860 305 666
1860 361 598
1860 313 180
1860 286 529
1860 263 565
1860 348 508
1860 385 851
1860 260 502
1860 240 533
1860 354 825
1880 219 627
1880 432 504
1880 65 534
1880 49 867
1880 400 836
1880 299 569
1880 432 505
1880 380 854
1880 304 665
1880 334 739
1880 286 527
1880 262 566
1880 378 510
1880 432 505
1880 269 494
1880 362 854
1880 241 529
1880 353 824
1900 217 633
1900 432 451
1900 62 648
1900 346 499
1900 404 845
1900 300 568
1900 448 405
1900 384 857
1900 306 665
1900 276 668
1900 351 487
1900 234 719
1900 286 526
1900 264 564
1900 346 497
1900 296 677
1900 275 665
1900 380 496
1900 384 855
1900 261 496
1900 440 385
1900 460 835
1900 240 531
1900 355 828
1920 455 710
1920 215 626
1920 400 353
1920 412 899
1920 303 571
1920 446 425
1920 379 861
1920 301 662
1920 104 679
1920 281 528
1920 274 598
1920 157 635
1920 394 544
1920 394 747
1920 265 502
1920 403 343
1920 429 916
1920 106 678
1920 240 530
1920 360 824
1940 218 626
1940 359 297
1940 36 802
1940 372 987
1940 300 571
1940 422 568
1940 146 494
1940 380 860
1940 308 668
1940 127 523
1940 307 671
1940 371 307
1940 283 530
1940 264 558
1940 291 730
1940 400 833
1940 361 979
1940 257 492
1940 394 278
1940 460 874
1940 350 838
1940 240 531
1940 357 828
1960 436 196
1960 216 623
1960 429 932
1960 66 507
1960 100 456
1960 366 203
1960 420 954
1960 300 561
1960 426 553
1960 162 425
1960 384 859
1960 305 671
1960 90 403
1960 164 442
1960 328 203
1960 219 627
1960 286 529
1960 265 564
1960 196 748
1960 245 711
1960 273 686
1960 301 1065
1960 421 562
1960 301 1064
1960 265 501
1960 370 201
1960 163 440
1960 426 939
1960 371 825
1960 216 475
1960 349 830
1980 219 626
1980 357 1034
1980 407 1013
1980 66 429
1980 400 1040
1980 299 565
1980 179 488
1980 386 853
1980 301 571
1980 87 302
1980 374 478
1980 249 1152
1980 286 530
1980 264 566
1980 163 713
1980 373 477
1980 398 830
1980 350 1023
1980 265 502
1980 178 487
1980 451 893
1980 359 851
1980 99 757
1980 240 531
1980 285 1175
1980 352 828
1980 67 425
