1800 449 615
1800 217 628
1800 440 1127
1800 75 491
1800 426 813
1800 302 568
1800 302 1203
1800 429 609
1800 389 817
1800 301 593
1800 281 661
1800 258 63
1800 261 499
1800 262 564
1800 288 601
1800 316 807
1800 287 1114
1800 442 822
1800 261 500
1800 192 1320
1800 442 824
1800 390 796
1800 239 527
1800 370 763
1820 451 628
1820 216 623
1820 459 416
1820 419 829
1820 301 569
1820 235 1312
1820 411 634
1820 421 833
1820 307 659
1820 88 416
1820 278 662
1820 224 1231
1820 285 521
1820 255 560
1820 276 848
1820 419 513
1820 410 634
1820 260 498
1820 418 512
1820 218 1222
1820 422 836
1820 359 841
1820 238 529
1820 228 1259
1820 408 639
1840 415 648
1840 216 624
1840 362 498
1840 46 944
1840 157 1343
1840 83 453
1840 368 830
1840 300 565
1840 415 646
1840 392 854
1840 304 640
1840 279 660
1840 363 286
1840 363 500
1840 287 524
1840 262 563
1840 319 864
1840 401 666
1840 260 499
1840 362 499
1840 155 1337
1840 404 834
1840 354 825
1840 47 1330
1840 239 530
1840 320 849
1860 398 840
1860 216 624
1860 55 929
1860 25 726
1860 397 835
1860 300 578
1860 442 270
1860 402 823
1860 365 672
1860 77 456
1860 284 638
1860 310 177
1860 288 525
1860 264 554
1860 260 500
1860 403 816
1860 260 500
1860 402 825
1860 354 826
1860 239 527
1860 378 707
1880 466 430
1880 217 625
1880 354 524
1880 66 532
1880 55 864
1880 277 566
1880 382 848
1880 299 564
1880 466 431
1880 400 829
1880 333 672
1880 279 660
1880 346 515
1880 272 494
1880 259 564
1880 352 838
1880 431 503
1880 465 431
1880 270 494
1880 430 501
1880 402 825
1880 354 832
1880 240 529
1880 334 743
1900 464 825
1900 216 629
1900 347 500
1900 45 782
1900 64 765
1900 397 841
1900 299 566
1900 387 497
1900 404 821
1900 346 516
1900 374 490
1900 273 665
1900 287 526
1900 232 699
1900 286 526
1900 262 560
1900 387 492
1900 462 819
1900 260 496
1900 373 487
1900 463 823
1900 354 825
1900 239 529
1900 354 826
1920 457 707
1920 215 622
1920 318 456
1920 13 514
1920 80 689
1920 408 895
1920 299 582
1920 395 541
1920 389 848
1920 289 618
1920 21 611
1920 179 608
1920 291 649
1920 401 351
1920 266 503
1920 273 562
1920 156 637
1920 394 534
1920 456 704
1920 263 499
1920 342 523
1920 105 680
1920 411 894
1920 375 854
1920 154 640
1920 240 529
1920 301 602
1920 15 590
1940 474 879
1940 217 620
1940 462 288
1940 361 999
1940 20 583
1940 15 735
1940 365 971
1940 301 566
1940 425 568
1940 388 856
1940 280 666
1940 389 284
1940 279 659
1940 357 291
1940 271 490
1940 264 561
1940 144 490
1940 413 323
1940 460 860
1940 357 973
1940 239 448
1940 457 285
1940 142 489
1940 458 863
1940 356 846
1940 147 496
1940 238 529
1940 360 717
1940 41 275
1960 213 624
1960 410 196
1960 415 959
1960 429 941
1960 64 507
1960 22 551
1960 369 914
1960 301 564
1960 426 547
1960 219 474
1960 384 854
1960 304 666
1960 91 404
1960 91 404
1960 276 668
1960 336 204
1960 244 706
1960 286 526
1960 267 561
1960 426 548
1960 399 812
1960 326 1060
1960 266 501
1960 424 549
1960 333 1057
1960 120 382
1960 427 933
1960 371 856
1960 333 204
1960 215 473
1960 330 1070
1960 365 843
1980 453 889
1980 216 623
1980 359 486
1980 392 1029
1980 453 910
1980 33 402
1980 19 746
1980 386 855
1980 300 563
1980 278 1230
1980 82 277
1980 399 827
1980 300 579
1980 74 415
1980 80 415
1980 287 636
1980 307 577
1980 285 527
1980 264 556
1980 121 748
1980 377 865
1980 362 480
1980 272 1169
1980 456 889
1980 359 1058
1980 264 502
1980 357 485
1980 258 1157
1980 78 417
1980 451 887
1980 383 846
1980 122 752
1980 239 530
1980 358 1118
1980 248 1151
1980 352 829
1980 36 411
