1800 456 636
1800 217 628
1800 394 826
1800 77 485
1800 78 882
1800 243 62
1800 300 569
1800 287 1133
1800 428 613
1800 392 820
1800 311 667
1800 316 810
1800 239 56
1800 286 528
1800 260 566
1800 300 561
1800 287 1116
1800 419 817
1800 261 501
1800 443 830
1800 241 531
1800 290 1190
1800 370 770
1820 452 638
1820 218 626
1820 424 387
1820 34 888
1820 421 834
1820 300 571
1820 410 643
1820 390 852
1820 305 666
1820 86 420
1820 353 679
1820 284 529
1820 256 566
1820 229 1269
1820 428 514
1820 420 835
1820 260 501
1820 238 533
1820 364 837
1840 217 626
1840 80 457
1840 64 906
1840 363 500
1840 298 564
1840 416 648
1840 383 852
1840 309 681
1840 362 612
1840 286 526
1840 261 569
1840 318 868
1840 364 501
1840 393 658
1840 261 501
1840 346 842
1840 240 532
1840 336 860
1860 474 501
1860 218 628
1860 343 500
1860 76 474
1860 402 831
1860 300 567
1860 383 850
1860 307 665
1860 377 689
1860 313 181
1860 314 182
1860 286 529
1860 263 566
1860 386 693
1860 344 501
1860 401 829
1860 260 502
1860 347 839
1860 240 531
1860 356 824
1880 218 629
1880 432 504
1880 66 535
1880 46 862
1880 402 832
1880 299 567
1880 465 437
1880 380 852
1880 308 665
1880 331 733
1880 287 527
1880 262 566
1880 376 514
1880 432 504
1880 269 494
1880 366 839
1880 241 529
1880 353 823
1900 477 752
1900 217 632
1900 431 449
1900 64 641
1900 281 533
1900 405 832
1900 300 567
1900 450 404
1900 385 854
1900 309 666
1900 351 487
1900 234 718
1900 285 527
1900 262 564
1900 277 664
1900 382 497
1900 308 665
1900 397 844
1900 262 496
1900 445 393
1900 462 831
1900 355 827
1900 240 531
1900 238 733
1900 354 828
1920 456 711
1920 216 626
1920 396 365
1920 412 896
1920 306 569
1920 447 418
1920 380 860
1920 302 663
1920 80 688
1920 281 528
1920 273 594
1920 177 605
1920 277 663
1920 394 543
1920 398 753
1920 265 501
1920 403 343
1920 430 915
1920 407 808
1920 105 675
1920 240 529
1920 360 825
1940 218 626
1940 381 286
1940 363 976
1940 84 732
1940 401 829
1940 301 568
1940 422 569
1940 145 494
1940 380 858
1940 309 667
1940 126 532
1940 306 677
1940 373 302
1940 284 528
1940 265 559
1940 258 474
1940 295 710
1940 461 289
1940 401 830
1940 361 980
1940 258 491
1940 396 281
1940 461 869
1940 354 834
1940 240 529
1940 362 986
1940 359 824
1960 436 189
1960 216 623
1960 431 941
1960 429 927
1960 64 505
1960 85 520
1960 335 208
1960 424 944
1960 301 564
1960 426 554
1960 162 431
1960 383 857
1960 305 670
1960 91 404
1960 161 449
1960 327 203
1960 255 723
1960 285 529
1960 265 562
1960 186 741
1960 249 724
1960 422 561
1960 300 1064
1960 265 500
1960 392 218
1960 163 442
1960 427 936
1960 377 819
1960 216 474
1960 353 826
1980 219 625
1980 358 1035
1980 436 1012
1980 45 412
1980 77 569
1980 403 1032
1980 298 565
1980 387 851
1980 312 590
1980 88 302
1980 299 168
1980 341 164
1980 249 1152
1980 285 530
1980 265 564
1980 143 731
1980 372 474
1980 399 832
1980 351 1020
1980 265 502
1980 374 129
1980 178 487
1980 452 892
1980 364 859
1980 91 751
1980 240 530
1980 267 1166
1980 353 828
1980 64 411
