1800 462 625
1800 217 624
1800 75 489
1800 243 56
1800 441 828
1800 300 566
1800 293 1181
1800 433 608
1800 392 822
1800 307 657
1800 284 660
1800 284 529
1800 260 561
1800 316 809
1800 284 1115
1800 441 821
1800 260 499
1800 464 333
1800 441 826
1800 374 768
1800 240 530
1800 314 809
1820 454 629
1820 215 620
1820 428 518
1820 451 642
1820 34 889
1820 412 644
1820 298 566
1820 410 642
1820 420 835
1820 304 662
1820 281 668
1820 284 529
1820 257 566
1820 276 852
1820 437 425
1820 420 834
1820 260 499
1820 424 385
1820 421 835
1820 381 844
1820 238 533
1820 423 838
1820 222 1259
1820 276 853
1820 87 413
1840 217 622
1840 364 504
1840 37 899
1840 16 438
1840 314 653
1840 315 668
1840 296 556
1840 420 649
1840 383 855
1840 363 613
1840 282 665
1840 362 284
1840 284 525
1840 257 571
1840 154 1353
1840 318 868
1840 352 839
1840 391 655
1840 260 499
1840 362 500
1840 156 1346
1840 415 651
1840 379 851
1840 239 533
1840 316 864
1840 80 454
1860 216 620
1860 373 555
1860 475 493
1860 38 965
1860 64 469
1860 304 667
1860 386 854
1860 298 553
1860 401 822
1860 370 686
1860 294 669
1860 312 180
1860 285 528
1860 262 557
1860 345 489
1860 386 690
1860 260 500
1860 397 836
1860 354 826
1860 240 533
1860 353 828
1860 77 454
1880 468 431
1880 218 624
1880 431 504
1880 43 876
1880 66 529
1880 335 730
1880 50 866
1880 380 853
1880 294 555
1880 465 428
1880 402 827
1880 318 676
1880 286 66
1880 284 593
1880 431 501
1880 288 524
1880 256 565
1880 312 662
1880 336 741
1880 463 427
1880 432 507
1880 268 494
1880 465 431
1880 431 505
1880 354 845
1880 239 529
1880 334 747
1900 466 830
1900 217 630
1900 377 493
1900 473 818
1900 31 756
1900 237 693
1900 62 637
1900 257 550
1900 405 824
1900 296 543
1900 434 386
1900 403 824
1900 294 548
1900 276 665
1900 375 490
1900 285 526
1900 258 557
1900 356 477
1900 404 827
1900 440 400
1900 384 496
1900 394 843
1900 260 495
1900 90 758
1900 438 386
1900 465 828
1900 353 829
1900 239 533
1900 353 829
1920 456 710
1920 218 626
1920 400 353
1920 447 908
1920 11 497
1920 283 598
1920 80 689
1920 283 531
1920 420 915
1920 299 570
1920 384 850
1920 401 347
1920 385 848
1920 286 526
1920 157 639
1920 296 661
1920 411 381
1920 212 590
1920 276 519
1920 266 544
1920 105 672
1920 383 856
1920 387 739
1920 391 390
1920 360 834
1920 386 737
1920 399 885
1920 263 498
1920 403 345
1920 91 688
1920 407 821
1920 372 834
1920 156 638
1920 239 531
1920 400 838
1920 387 740
1920 11 495
1940 473 268
1940 218 623
1940 398 339
1940 473 885
1940 8 590
1940 461 892
1940 297 560
1940 423 567
1940 390 852
1940 309 664
1940 18 298
1940 125 516
1940 280 670
1940 372 293
1940 286 527
1940 263 559
1940 365 973
1940 447 321
1940 401 834
1940 362 977
1940 248 457
1940 387 266
1940 125 516
1940 462 869
1940 356 849
1940 148 500
1940 239 543
1940 238 528
1940 347 733
1960 214 624
1960 425 552
1960 429 939
1960 430 935
1960 64 518
1960 288 588
1960 85 591
1960 438 182
1960 426 955
1960 300 556
1960 407 1009
1960 425 549
1960 164 435
1960 383 855
1960 305 659
1960 92 405
1960 92 404
1960 275 674
1960 335 204
1960 282 526
1960 265 561
1960 255 721
1960 413 231
1960 383 853
1960 303 670
1960 440 188
1960 391 850
1960 265 500
1960 442 193
1960 91 402
1960 359 831
1960 401 242
1960 158 441
1960 217 472
1960 409 1008
1960 327 1068
1960 347 839
1980 218 624
1980 399 1050
1980 451 950
1980 65 435
1980 2 497
1980 394 1054
1980 297 556
1980 178 487
1980 398 824
1980 297 552
1980 80 307
1980 82 301
1980 291 623
1980 362 488
1980 283 525
1980 262 560
1980 78 744
1980 350 1074
1980 383 482
1980 266 1173
1980 397 821
1980 349 1072
1980 264 501
1980 83 417
1980 398 828
1980 354 836
1980 155 717
1980 238 531
1980 362 1052
1980 350 837
1980 37 425
