1800 468 628
1800 216 627
1800 77 486
1800 76 888
1800 243 59
1800 300 570
1800 430 613
1800 392 822
1800 310 666
1800 317 810
1800 241 59
1800 287 529
1800 260 566
1800 287 1114
1800 415 818
1800 261 501
1800 442 829
1800 240 532
1800 369 770
1820 451 641
1820 217 626
1820 424 388
1820 31 902
1820 300 570
1820 411 641
1820 403 871
1820 306 665
1820 86 419
1820 283 530
1820 257 566
1820 424 513
1820 355 676
1820 260 501
1820 421 841
1820 239 535
1820 361 839
1840 217 626
1840 80 455
1840 298 564
1840 417 647
1840 383 853
1840 312 676
1840 362 614
1840 286 526
1840 260 567
1840 316 873
1840 363 500
1840 394 658
1840 260 501
1840 351 830
1840 240 533
1840 347 841
1860 218 627
1860 75 473
1860 301 569
1860 383 851
1860 306 668
1860 366 579
1860 316 182
1860 286 529
1860 263 567
1860 298 575
1860 388 845
1860 260 502
1860 241 532
1860 355 823
1880 218 627
1880 433 505
1880 66 537
1880 46 864
1880 400 838
1880 299 568
1880 433 505
1880 381 853
1880 305 664
1880 325 728
1880 286 528
1880 263 566
1880 378 509
1880 432 504
1880 268 494
1880 356 849
1880 241 529
1880 353 823
1900 477 754
1900 217 630
1900 433 450
1900 61 642
1900 282 533
1900 404 837
1900 301 567
1900 451 398
1900 384 853
1900 309 665
1900 275 592
1900 349 479
1900 236 723
1900 285 527
1900 264 565
1900 292 668
1900 382 497
1900 400 841
1900 262 496
1900 451 400
1900 462 832
1900 240 532
1900 354 829
1920 455 710
1920 216 625
1920 400 354
1920 428 920
1920 307 569
1920 408 387
1920 380 861
1920 306 665
1920 82 690
1920 281 529
1920 272 594
1920 173 612
1920 394 543
1920 398 752
1920 265 502
1920 403 343
1920 431 914
1920 240 531
1920 360 821
1920 53 275
1940 217 626
1940 370 297
1940 24 765
1940 373 996
1940 300 570
1940 423 571
1940 147 496
1940 381 860
1940 308 668
1940 45 273
1940 127 528
1940 305 680
1940 373 300
1940 284 529
1940 265 557
1940 292 726
1940 400 832
1940 361 978
1940 258 492
1940 380 293
1940 461 866
1940 352 842
1940 240 531
1940 358 829
1960 432 207
1960 216 622
1960 431 947
1960 63 505
1960 421 951
1960 301 566
1960 423 559
1960 163 425
1960 384 860
1960 306 668
1960 90 403
1960 166 430
1960 327 203
1960 259 567
1960 285 530
1960 266 564
1960 178 735
1960 306 1058
1960 420 565
1960 302 1062
1960 265 501
1960 377 187
1960 162 442
1960 420 949
1960 373 823
1960 216 475
1960 349 828
1980 219 626
1980 354 1024
1980 402 1033
1980 298 566
1980 178 487
1980 386 854
1980 362 498
1980 87 301
1980 363 494
1980 338 146
1980 249 1153
1980 284 530
1980 264 566
1980 159 722
1980 378 481
1980 398 829
1980 351 1022
1980 265 503
1980 178 487
1980 451 892
1980 100 757
1980 240 532
1980 353 828
1980 65 424
