1800 462 633
1800 216 627
1800 77 486
1800 77 887
1800 241 58
1800 301 569
1800 429 613
1800 392 822
1800 310 666
1800 317 810
1800 244 63
1800 287 529
1800 260 565
1800 287 1114
1800 422 823
1800 261 501
1800 442 829
1800 240 532
1800 288 1210
1800 369 771
1820 451 641
1820 217 626
1820 424 389
1820 32 894
1820 300 570
1820 411 641
1820 410 863
1820 306 665
1820 86 419
1820 283 530
1820 257 566
1820 423 511
1820 421 834
1820 260 501
1820 420 843
1820 239 534
1820 361 838
1820 83 428
1840 217 626
1840 79 455
1840 298 564
1840 417 647
1840 382 853
1840 313 675
1840 361 612
1840 286 526
1840 260 568
1840 316 873
1840 362 500
1840 393 658
1840 260 501
1840 350 838
1840 240 533
1840 344 843
1860 218 627
1860 76 474
1860 301 569
1860 384 852
1860 306 667
1860 361 592
1860 315 182
1860 285 529
1860 263 566
1860 305 580
1860 391 841
1860 260 502
1860 240 533
1860 354 825
1880 218 627
1880 432 512
1880 66 535
1880 45 863
1880 400 834
1880 299 567
1880 464 451
1880 381 853
1880 304 663
1880 323 726
1880 286 527
1880 263 566
1880 378 510
1880 432 503
1880 267 493
1880 356 849
1880 241 529
1880 353 823
1900 477 755
1900 217 631
1900 431 459
1900 60 650
1900 287 544
1900 405 833
1900 300 568
1900 446 392
1900 385 853
1900 309 665
1900 271 581
1900 347 479
1900 239 722
1900 285 527
1900 263 564
1900 298 664
1900 381 496
1900 400 839
1900 262 495
1900 447 396
1900 461 833
1900 355 830
1900 240 532
1900 354 829
1920 455 710
1920 216 626
1920 400 353
1920 428 920
1920 306 569
1920 442 424
1920 379 860
1920 304 664
1920 102 679
1920 281 528
1920 273 591
1920 173 616
1920 341 491
1920 395 751
1920 265 502
1920 402 343
1920 431 914
1920 107 677
1920 240 531
1920 360 821
1920 45 268
1940 217 625
1940 370 297
1940 35 800
1940 300 569
1940 423 570
1940 146 496
1940 380 859
1940 309 667
1940 41 278
1940 100 583
1940 304 683
1940 371 300
1940 284 529
1940 264 557
1940 296 709
1940 400 832
1940 360 977
1940 257 491
1940 389 289
1940 460 868
1940 352 839
1940 240 530
1940 357 829
1960 431 214
1960 216 622
1960 430 947
1960 64 505
1960 418 955
1960 301 565
1960 422 562
1960 163 423
1960 384 860
1960 305 668
1960 90 403
1960 162 444
1960 327 203
1960 257 572
1960 285 529
1960 265 562
1960 225 629
1960 303 1063
1960 419 564
1960 301 1063
1960 265 500
1960 377 199
1960 162 442
1960 420 949
1960 376 825
1960 216 475
1960 349 828
1980 219 625
1980 356 1032
1980 401 1033
1980 299 565
1980 178 487
1980 386 852
1980 361 501
1980 88 302
1980 372 477
1980 339 149
1980 249 1153
1980 284 530
1980 264 565
1980 159 719
1980 374 478
1980 398 829
1980 350 1022
1980 265 502
1980 178 487
1980 451 892
1980 98 756
1980 240 532
1980 353 828
1980 59 423
