1800 443 835
1800 219 630
1800 453 870
1800 58 525
1800 71 474
1800 242 60
1800 440 835
1800 302 572
1800 442 826
1800 238 78
1800 391 816
1800 311 665
1800 243 51
1800 308 662
1800 287 530
1800 265 570
1800 363 773
1800 286 1128
1800 296 1198
1800 447 606
1800 291 1118
1800 262 502
1800 78 488
1800 443 608
1800 241 533
1800 285 532
1820 218 625
1820 421 839
1820 423 852
1820 30 896
1820 426 836
1820 307 590
1820 414 652
1820 386 846
1820 309 669
1820 306 667
1820 285 531
1820 262 566
1820 359 838
1820 421 389
1820 431 513
1820 260 502
1820 422 518
1820 418 641
1820 241 534
1820 233 1305
1840 218 629
1840 436 661
1840 59 905
1840 26 509
1840 399 828
1840 299 570
1840 409 669
1840 382 854
1840 315 664
1840 296 575
1840 362 287
1840 316 674
1840 288 529
1840 266 569
1840 340 839
1840 325 874
1840 425 652
1840 261 501
1840 364 501
1840 427 654
1840 375 838
1840 241 532
1840 362 623
1860 219 628
1860 51 932
1860 36 506
1860 315 183
1860 390 859
1860 349 509
1860 388 692
1860 388 856
1860 310 663
1860 293 585
1860 318 186
1860 308 666
1860 287 529
1860 267 559
1860 354 832
1860 469 534
1860 261 502
1860 77 460
1860 474 501
1860 243 534
1860 287 529
1880 218 630
1880 375 520
1880 334 746
1880 64 858
1880 52 572
1880 387 858
1880 346 527
1880 430 504
1880 379 858
1880 307 667
1880 298 566
1880 297 139
1880 334 749
1880 283 517
1880 265 571
1880 342 769
1880 465 433
1880 430 503
1880 275 500
1880 430 497
1880 66 536
1880 468 434
1880 242 531
1880 410 842
1880 347 527
1900 465 828
1900 220 633
1900 450 409
1900 465 1030
1900 61 771
1900 27 782
1900 66 648
1900 375 509
1900 407 833
1900 352 519
1900 355 834
1900 322 664
1900 348 514
1900 314 670
1900 287 528
1900 266 564
1900 354 834
1900 433 386
1900 453 401
1900 262 498
1900 374 492
1900 87 746
1900 83 756
1900 466 428
1900 64 649
1900 242 535
1900 307 665
1900 288 533
1920 423 915
1920 219 628
1920 81 695
1920 414 907
1920 314 465
1920 202 622
1920 382 859
1920 310 668
1920 41 272
1920 181 612
1920 294 620
1920 310 668
1920 291 535
1920 268 572
1920 113 681
1920 358 824
1920 406 349
1920 433 464
1920 265 503
1920 414 506
1920 108 692
1920 80 694
1920 417 503
1920 157 649
1920 107 682
1920 243 535
1920 387 867
1920 292 476
1940 463 872
1940 219 624
1940 434 325
1940 465 871
1940 49 621
1940 27 789
1940 377 1003
1940 303 571
1940 459 867
1940 146 503
1940 380 858
1940 311 667
1940 32 266
1940 147 501
1940 299 564
1940 370 305
1940 299 684
1940 288 526
1940 266 566
1940 148 499
1940 355 825
1940 398 293
1940 425 570
1940 259 476
1940 441 325
1940 126 515
1940 424 574
1940 366 979
1940 148 505
1940 242 537
1940 363 995
1940 287 528
1940 46 272
1960 217 627
1960 439 188
1960 423 971
1960 434 944
1960 79 993
1960 33 516
1960 77 504
1960 365 194
1960 419 995
1960 348 313
1960 221 476
1960 384 856
1960 305 669
1960 94 412
1960 160 440
1960 294 584
1960 332 203
1960 280 734
1960 288 528
1960 266 566
1960 348 843
1960 428 549
1960 301 1068
1960 266 502
1960 436 553
1960 93 408
1960 439 559
1960 337 1061
1960 143 488
1960 91 489
1960 217 472
1960 400 1017
1960 283 676
1960 30 279
1980 455 899
1980 220 626
1980 373 86
1980 393 1042
1980 447 1093
1980 6 600
1980 74 425
1980 386 1059
1980 288 536
1980 279 1193
1980 178 492
1980 386 855
1980 349 605
1980 86 315
1980 113 457
1980 293 579
1980 371 482
1980 292 583
1980 112 286
1980 287 530
1980 266 568
1980 116 753
1980 349 839
1980 381 82
1980 276 1169
1980 345 126
1980 361 850
1980 266 504
1980 368 484
1980 89 402
1980 357 1025
1980 112 457
1980 242 534
1980 375 1107
1980 253 1158
1980 360 494
1980 30 412
