1800 456 628
1800 218 632
1800 427 616
1800 28 879
1800 77 489
1800 443 830
1800 302 571
1800 283 1127
1800 427 615
1800 391 822
1800 310 670
1800 307 668
1800 246 71
1800 286 531
1800 261 571
1800 284 1120
1800 442 828
1800 386 819
1800 262 502
1800 439 604
1800 241 70
1800 442 831
1800 309 817
1800 241 533
1800 284 1120
1800 369 771
1820 452 643
1820 217 628
1820 423 387
1820 410 645
1820 30 907
1820 31 912
1820 422 838
1820 300 573
1820 410 642
1820 385 848
1820 302 672
1820 86 419
1820 303 672
1820 284 532
1820 246 542
1820 226 1265
1820 274 861
1820 276 855
1820 425 388
1820 350 677
1820 332 709
1820 261 503
1820 422 383
1820 421 840
1820 350 679
1820 238 536
1820 229 1286
1840 218 631
1840 360 499
1840 399 843
1840 381 671
1840 150 1349
1840 404 836
1840 288 542
1840 414 652
1840 383 853
1840 308 676
1840 290 665
1840 287 529
1840 264 571
1840 316 873
1840 362 502
1840 394 660
1840 261 502
1840 155 1339
1840 414 654
1840 314 875
1840 240 535
1860 478 522
1860 218 633
1860 312 190
1860 384 868
1860 61 509
1860 393 853
1860 303 576
1860 384 860
1860 309 674
1860 304 668
1860 316 184
1860 287 533
1860 265 570
1860 313 201
1860 361 684
1860 342 494
1860 365 833
1860 351 561
1860 260 504
1860 472 516
1860 343 853
1860 241 535
1860 347 850
1880 468 437
1880 219 632
1880 430 506
1880 365 851
1880 66 539
1880 50 866
1880 403 827
1880 299 569
1880 378 515
1880 355 846
1880 308 668
1880 292 667
1880 283 80
1880 219 616
1880 287 530
1880 260 571
1880 306 666
1880 378 514
1880 465 436
1880 320 734
1880 273 499
1880 465 436
1880 466 439
1880 333 754
1880 241 534
1880 360 851
1880 355 849
1900 464 833
1900 218 636
1900 435 455
1900 393 856
1900 67 766
1900 283 535
1900 403 839
1900 287 532
1900 232 702
1900 353 833
1900 306 666
1900 300 666
1900 349 499
1900 233 715
1900 226 723
1900 286 531
1900 260 564
1900 294 667
1900 301 666
1900 375 493
1900 401 828
1900 262 500
1900 436 388
1900 462 835
1900 303 669
1900 241 537
1900 228 692
1920 455 716
1920 217 633
1920 399 359
1920 378 859
1920 411 814
1920 81 693
1920 413 904
1920 304 628
1920 410 388
1920 383 863
1920 302 663
1920 157 646
1920 290 665
1920 393 552
1920 311 457
1920 280 532
1920 256 570
1920 157 644
1920 395 544
1920 408 793
1920 265 506
1920 402 353
1920 178 611
1920 433 912
1920 352 856
1920 240 536
1920 386 864
1920 42 300
1940 468 877
1940 218 629
1940 374 295
1940 387 860
1940 377 309
1940 370 1005
1940 299 570
1940 147 503
1940 355 845
1940 308 670
1940 147 502
1940 305 683
1940 378 322
1940 372 319
1940 286 530
1940 258 568
1940 281 529
1940 404 350
1940 239 536
1940 401 834
1940 253 475
1940 388 269
1940 147 504
1940 458 874
1940 348 735
1940 146 514
1940 239 536
1940 355 1000
1940 358 851
1960 218 630
1960 344 217
1960 426 948
1960 428 939
1960 51 519
1960 86 501
1960 342 205
1960 423 962
1960 300 570
1960 293 1076
1960 426 553
1960 159 441
1960 380 863
1960 304 672
1960 91 407
1960 303 673
1960 333 208
1960 93 499
1960 217 628
1960 285 532
1960 256 577
1960 163 736
1960 343 218
1960 216 626
1960 278 679
1960 297 1071
1960 391 855
1960 306 1060
1960 265 503
1960 369 206
1960 156 506
1960 156 469
1960 427 940
1960 346 863
1960 216 476
1960 366 834
1980 217 627
1980 367 483
1980 380 1049
1980 68 744
1980 76 417
1980 89 436
1980 372 117
1980 388 1050
1980 299 569
1980 370 120
1980 105 308
1980 387 856
1980 303 577
1980 86 301
1980 292 671
1980 328 122
1980 315 134
1980 264 505
1980 287 532
1980 257 580
1980 163 709
1980 364 496
1980 247 1155
1980 399 834
1980 352 1034
1980 265 505
1980 83 744
1980 102 455
1980 453 895
1980 84 745
1980 100 437
1980 240 533
1980 352 1042
1980 262 1169
1980 83 292
