1800 469 629
1800 216 627
1800 77 486
1800 76 890
1800 242 57
1800 300 570
1800 430 613
1800 392 822
1800 310 668
1800 317 811
1800 242 62
1800 287 529
1800 260 566
1800 288 1114
1800 418 820
1800 261 501
1800 442 829
1800 240 532
1800 369 770
1820 451 641
1820 217 626
1820 424 388
1820 31 903
1820 300 570
1820 411 642
1820 403 873
1820 306 666
1820 87 419
1820 409 648
1820 283 530
1820 257 566
1820 424 511
1820 350 678
1820 260 501
1820 420 841
1820 239 534
1820 361 838
1840 217 626
1840 80 455
1840 298 564
1840 417 647
1840 383 853
1840 311 678
1840 361 613
1840 286 526
1840 260 567
1840 317 873
1840 363 500
1840 394 658
1840 260 501
1840 350 832
1840 240 533
1840 347 841
1860 218 627
1860 75 472
1860 301 569
1860 383 851
1860 307 668
1860 365 577
1860 316 182
1860 286 529
1860 263 566
1860 297 576
1860 390 843
1860 260 502
1860 241 532
1860 355 823
1880 218 627
1880 433 506
1880 66 536
1880 45 859
1880 399 838
1880 299 568
1880 433 504
1880 381 853
1880 305 664
1880 326 729
1880 286 528
1880 263 566
1880 378 510
1880 432 504
1880 268 494
1880 357 849
1880 241 529
1880 354 823
1900 477 755
1900 217 630
1900 433 450
1900 61 642
1900 282 533
1900 404 837
1900 301 567
1900 451 398
1900 384 853
1900 309 665
1900 277 663
1900 348 479
1900 237 722
1900 285 527
1900 264 565
1900 290 665
1900 382 496
1900 400 841
1900 262 496
1900 452 401
1900 462 833
1900 240 532
1900 354 829
1920 455 710
1920 216 625
1920 400 354
1920 428 920
1920 307 569
1920 409 390
1920 381 861
1920 306 665
1920 82 690
1920 281 529
1920 273 594
1920 174 611
1920 394 543
1920 398 753
1920 265 502
1920 403 342
1920 431 914
1920 240 531
1920 360 822
1920 54 276
1940 217 626
1940 370 297
1940 20 746
1940 373 997
1940 300 570
1940 423 571
1940 146 495
1940 380 859
1940 308 668
1940 45 277
1940 127 530
1940 305 684
1940 372 301
1940 284 529
1940 265 557
1940 292 728
1940 400 832
1940 361 979
1940 258 492
1940 387 291
1940 460 867
1940 352 843
1940 240 531
1940 358 828
1960 432 206
1960 216 623
1960 431 948
1960 63 505
1960 422 949
1960 301 566
1960 423 559
1960 162 426
1960 384 860
1960 306 668
1960 90 403
1960 166 431
1960 327 203
1960 258 569
1960 286 529
1960 266 565
1960 179 735
1960 304 1059
1960 420 566
1960 302 1063
1960 265 501
1960 378 189
1960 163 442
1960 421 947
1960 373 823
1960 216 475
1960 349 828
1980 219 626
1980 353 1023
1980 402 1033
1980 299 565
1980 178 487
1980 386 854
1980 360 496
1980 87 301
1980 339 146
1980 249 1153
1980 285 530
1980 264 566
1980 159 722
1980 379 481
1980 398 829
1980 351 1022
1980 265 503
1980 178 487
1980 451 893
1980 99 757
1980 240 532
1980 353 827
1980 57 426
