1800 464 631
1800 217 633
1800 439 829
1800 77 495
1800 83 846
1800 250 75
1800 443 833
1800 301 573
1800 292 1145
1800 426 617
1800 390 818
1800 310 671
1800 307 673
1800 286 1116
1800 285 532
1800 264 571
1800 188 1322
1800 315 813
1800 468 372
1800 285 1120
1800 440 831
1800 260 501
1800 442 829
1800 312 821
1800 240 538
1800 293 1199
1800 370 770
1820 452 641
1820 217 628
1820 420 389
1820 412 830
1820 418 838
1820 300 575
1820 406 642
1820 385 848
1820 301 669
1820 85 419
1820 302 673
1820 233 1301
1820 283 532
1820 258 569
1820 225 1259
1820 275 860
1820 428 521
1820 409 641
1820 260 504
1820 437 400
1820 230 1258
1820 452 642
1820 352 685
1820 238 536
1820 389 853
1840 217 628
1840 79 461
1840 177 1362
1840 74 920
1840 299 572
1840 415 654
1840 382 854
1840 346 658
1840 287 669
1840 315 646
1840 285 529
1840 260 571
1840 174 1360
1840 310 601
1840 361 502
1840 413 654
1840 259 504
1840 178 1347
1840 364 619
1840 240 535
1840 317 874
1860 476 517
1860 218 629
1860 372 561
1860 385 855
1860 76 470
1860 60 930
1860 391 859
1860 301 573
1860 402 829
1860 308 672
1860 299 672
1860 317 191
1860 287 530
1860 267 568
1860 357 676
1860 397 842
1860 260 506
1860 371 704
1860 240 538
1860 346 851
1880 470 435
1880 219 627
1880 374 530
1880 376 860
1880 68 538
1880 48 859
1880 405 826
1880 299 573
1880 467 433
1880 353 846
1880 310 668
1880 301 674
1880 287 529
1880 263 569
1880 375 520
1880 430 506
1880 465 433
1880 267 496
1880 467 440
1880 330 758
1880 240 533
1880 352 846
1900 462 835
1900 217 635
1900 376 495
1900 384 861
1900 40 1017
1900 64 648
1900 64 645
1900 346 508
1900 398 856
1900 300 569
1900 456 409
1900 375 866
1900 313 613
1900 288 701
1900 349 485
1900 287 529
1900 262 558
1900 380 499
1900 461 833
1900 385 857
1900 261 499
1900 435 389
1900 349 481
1900 463 835
1900 241 537
1900 353 835
1920 456 716
1920 217 630
1920 377 380
1920 426 920
1920 24 675
1920 81 692
1920 419 928
1920 302 571
1920 448 409
1920 407 824
1920 302 598
1920 293 662
1920 278 526
1920 264 551
1920 157 643
1920 392 543
1920 395 550
1920 454 730
1920 388 739
1920 264 504
1920 401 350
1920 156 644
1920 421 922
1920 240 534
1920 359 839
1940 473 883
1940 218 624
1940 386 270
1940 402 831
1940 70 602
1940 359 999
1940 299 572
1940 423 572
1940 147 504
1940 380 860
1940 308 668
1940 40 267
1940 127 523
1940 302 683
1940 373 294
1940 284 531
1940 266 565
1940 149 502
1940 449 319
1940 446 293
1940 464 875
1940 361 977
1940 246 463
1940 400 327
1940 147 504
1940 466 871
1940 350 731
1940 240 533
1940 359 980
1940 354 841
1940 50 288
1960 218 630
1960 429 930
1960 47 523
1960 430 192
1960 409 1025
1960 301 570
1960 425 553
1960 159 439
1960 383 856
1960 303 588
1960 90 408
1960 94 409
1960 303 675
1960 331 204
1960 285 531
1960 268 564
1960 162 435
1960 433 552
1960 310 1070
1960 383 857
1960 321 1075
1960 265 502
1960 370 206
1960 428 930
1960 215 477
1960 360 847
1960 350 841
1980 219 626
1980 360 496
1980 355 1059
1980 460 924
1980 35 427
1980 129 425
1980 402 1052
1980 299 571
1980 400 833
1980 366 484
1980 73 417
1980 112 463
1980 295 659
1980 323 121
1980 323 137
1980 286 532
1980 266 564
1980 129 732
1980 360 492
1980 362 485
1980 261 1178
1980 399 833
1980 353 1039
1980 265 504
1980 95 421
1980 454 891
1980 240 534
1980 353 1049
1980 352 840
1980 55 447
