1800 467 631
1800 216 627
1800 77 487
1800 76 890
1800 241 59
1800 300 570
1800 430 613
1800 392 822
1800 310 669
1800 316 811
1800 240 59
1800 286 531
1800 260 566
1800 287 1115
1800 415 818
1800 261 501
1800 442 830
1800 241 532
1800 370 770
1820 451 642
1820 217 625
1820 424 389
1820 32 904
1820 300 571
1820 410 643
1820 400 874
1820 306 666
1820 86 420
1820 283 530
1820 257 567
1820 423 511
1820 260 501
1820 421 845
1820 239 534
1820 362 839
1840 217 626
1840 80 455
1840 298 565
1840 417 647
1840 383 853
1840 311 678
1840 362 614
1840 286 526
1840 261 568
1840 317 873
1840 363 499
1840 393 658
1840 260 501
1840 350 834
1840 240 533
1840 346 842
1860 217 627
1860 75 471
1860 301 570
1860 383 851
1860 306 668
1860 366 579
1860 315 182
1860 285 529
1860 263 567
1860 298 573
1860 384 844
1860 260 502
1860 241 532
1860 355 824
1880 218 627
1880 432 505
1880 66 538
1880 45 862
1880 399 838
1880 299 569
1880 433 505
1880 381 854
1880 306 664
1880 325 728
1880 286 528
1880 263 566
1880 378 510
1880 432 504
1880 268 494
1880 356 850
1880 241 529
1880 354 824
1900 477 755
1900 217 631
1900 432 449
1900 61 643
1900 282 532
1900 402 838
1900 301 568
1900 446 394
1900 385 854
1900 309 665
1900 277 664
1900 349 479
1900 236 727
1900 285 527
1900 264 565
1900 287 659
1900 381 497
1900 399 842
1900 262 496
1900 452 402
1900 462 833
1900 241 532
1900 354 830
1920 455 710
1920 216 626
1920 399 355
1920 428 921
1920 306 569
1920 380 861
1920 304 664
1920 81 690
1920 281 530
1920 273 598
1920 173 612
1920 394 542
1920 398 754
1920 265 502
1920 403 343
1920 431 914
1920 240 531
1920 360 823
1920 48 281
1940 217 626
1940 370 299
1940 20 747
1940 371 997
1940 300 570
1940 423 571
1940 146 496
1940 380 860
1940 309 668
1940 44 280
1940 127 528
1940 305 683
1940 372 304
1940 283 530
1940 265 558
1940 292 726
1940 400 832
1940 361 979
1940 257 492
1940 382 293
1940 460 867
1940 352 844
1940 240 531
1940 357 830
1960 216 623
1960 431 951
1960 63 505
1960 421 951
1960 301 565
1960 422 560
1960 162 425
1960 384 861
1960 306 669
1960 90 404
1960 165 431
1960 327 203
1960 246 600
1960 285 530
1960 266 565
1960 177 730
1960 302 1063
1960 420 572
1960 300 1065
1960 265 501
1960 378 189
1960 162 442
1960 420 951
1960 371 823
1960 216 476
1960 349 828
1980 219 626
1980 353 1024
1980 401 1033
1980 298 567
1980 178 488
1980 386 853
1980 339 636
1980 87 301
1980 336 146
1980 249 1153
1980 285 530
1980 264 566
1980 150 728
1980 379 481
1980 398 829
1980 351 1023
1980 265 503
1980 178 487
1980 451 893
1980 98 756
1980 240 532
1980 353 828
1980 59 428
