1800 438 829
1800 217 629
1800 428 610
1800 470 1164
1800 440 831
1800 303 576
1800 315 812
1800 286 86
1800 374 769
1800 310 660
1800 94 332
1800 290 563
1800 290 1117
1800 244 87
1800 291 1125
1800 288 529
1800 267 561
1800 80 489
1800 302 564
1800 439 617
1800 288 1120
1800 469 658
1800 385 794
1800 259 503
1800 49 911
1800 470 649
1800 235 71
1800 422 805
1800 282 528
1800 65 505
1800 243 527
1800 79 485
1820 216 623
1820 417 642
1820 447 1029
1820 71 423
1820 427 841
1820 304 577
1820 224 1249
1820 344 660
1820 282 175
1820 370 858
1820 306 663
1820 95 417
1820 407 682
1820 292 637
1820 421 644
1820 290 851
1820 242 1316
1820 285 529
1820 263 564
1820 298 847
1820 225 1244
1820 410 639
1820 227 1243
1820 413 647
1820 376 842
1820 260 501
1820 423 640
1820 434 854
1820 240 533
1820 89 418
1840 218 628
1840 374 836
1840 53 901
1840 155 1338
1840 351 642
1840 69 923
1840 434 651
1840 302 570
1840 360 624
1840 314 354
1840 370 838
1840 308 668
1840 362 625
1840 287 611
1840 392 663
1840 325 849
1840 288 528
1840 263 578
1840 421 822
1840 410 649
1840 354 833
1840 259 501
1840 358 305
1840 425 651
1840 282 574
1840 71 893
1840 242 535
1840 165 1325
1840 84 455
1860 217 634
1860 323 195
1860 384 692
1860 468 1020
1860 48 907
1860 349 502
1860 41 539
1860 407 834
1860 307 579
1860 373 561
1860 370 822
1860 313 667
1860 108 198
1860 316 186
1860 291 610
1860 324 211
1860 288 528
1860 262 551
1860 80 455
1860 349 503
1860 408 839
1860 259 502
1860 466 570
1860 451 693
1860 322 184
1860 245 535
1860 310 184
1860 79 456
1880 219 631
1880 378 747
1880 43 868
1880 435 515
1880 434 503
1880 409 830
1880 306 580
1880 330 546
1880 315 391
1880 374 821
1880 314 598
1880 120 148
1880 290 572
1880 266 533
1880 298 235
1880 290 521
1880 263 575
1880 366 523
1880 430 498
1880 434 508
1880 410 843
1880 269 496
1880 461 445
1880 279 87
1880 463 444
1880 439 783
1880 67 530
1880 242 533
1880 397 859
1880 26 362
1900 462 824
1900 217 635
1900 387 493
1900 450 413
1900 455 1069
1900 39 866
1900 289 577
1900 91 751
1900 432 487
1900 411 837
1900 309 581
1900 372 491
1900 360 556
1900 382 833
1900 315 666
1900 379 493
1900 290 568
1900 428 451
1900 285 547
1900 288 528
1900 266 570
1900 381 833
1900 311 600
1900 393 496
1900 463 459
1900 447 402
1900 259 499
1900 67 755
1900 430 442
1900 425 473
1900 463 821
1900 351 511
1900 97 744
1900 243 534
1900 257 533
1920 456 714
1920 215 633
1920 405 382
1920 417 512
1920 395 544
1920 84 693
1920 420 351
1920 411 821
1920 308 586
1920 393 538
1920 377 821
1920 307 585
1920 80 333
1920 388 547
1920 289 601
1920 385 546
1920 302 289
1920 289 532
1920 266 566
1920 88 691
1920 395 809
1920 245 536
1920 388 582
1920 445 412
1920 427 790
1920 264 506
1920 39 725
1920 408 344
1920 388 559
1920 424 713
1920 408 843
1920 111 675
1920 244 536
1920 377 877
1920 38 261
1940 453 870
1940 216 628
1940 353 285
1940 347 733
1940 458 1024
1940 395 281
1940 75 594
1940 391 266
1940 451 871
1940 306 571
1940 353 729
1940 135 519
1940 369 831
1940 312 651
1940 233 431
1940 285 571
1940 370 285
1940 270 579
1940 290 525
1940 261 548
1940 107 585
1940 388 845
1940 152 502
1940 393 268
1940 457 299
1940 364 731
1940 250 461
1940 28 579
1940 424 319
1940 354 296
1940 413 837
1940 383 993
1940 75 588
1940 238 489
1940 332 736
1940 24 261
1960 207 636
1960 366 207
1960 443 959
1960 21 707
1960 48 474
1960 249 536
1960 80 509
1960 413 227
1960 405 1029
1960 303 566
1960 120 390
1960 367 833
1960 305 659
1960 118 392
1960 350 214
1960 301 672
1960 399 227
1960 372 1015
1960 129 389
1960 287 533
1960 264 564
1960 91 404
1960 377 830
1960 127 395
1960 417 239
1960 452 574
1960 401 871
1960 264 502
1960 212 475
1960 441 558
1960 419 1019
1960 119 422
1960 92 404
1960 222 473
1960 327 1056
1960 233 513
1960 86 497
1980 200 597
1980 344 134
1980 402 835
1980 432 1007
1980 18 800
1980 51 414
1980 364 497
1980 57 635
1980 402 830
1980 301 566
1980 233 1290
1980 359 491
1980 110 460
1980 377 852
1980 320 671
1980 98 402
1980 288 575
1980 380 479
1980 266 521
1980 179 485
1980 287 532
1980 264 564
1980 59 422
1980 93 409
1980 356 1034
1980 388 485
1980 262 1165
1980 392 1023
1980 265 506
1980 302 1400
1980 179 487
1980 418 847
1980 374 1046
1980 119 453
1980 68 421
1980 240 535
1980 354 1082
1980 75 420
