1800 470 630
1800 217 627
1800 77 487
1800 76 891
1800 242 58
1800 300 570
1800 430 613
1800 392 822
1800 311 669
1800 316 811
1800 242 59
1800 287 529
1800 260 566
1800 287 1114
1800 418 820
1800 261 501
1800 442 829
1800 240 532
1800 369 770
1820 451 641
1820 217 625
1820 424 388
1820 32 904
1820 300 570
1820 411 641
1820 398 873
1820 306 666
1820 86 419
1820 409 648
1820 283 530
1820 257 567
1820 422 512
1820 354 676
1820 260 501
1820 421 844
1820 239 535
1820 360 839
1840 217 626
1840 80 455
1840 299 564
1840 417 647
1840 383 853
1840 310 678
1840 361 613
1840 287 526
1840 261 567
1840 317 873
1840 363 500
1840 393 658
1840 261 501
1840 350 837
1840 240 533
1840 349 838
1860 218 627
1860 75 473
1860 301 569
1860 383 851
1860 307 668
1860 374 678
1860 316 182
1860 286 529
1860 263 566
1860 303 573
1860 391 842
1860 260 502
1860 240 532
1860 354 824
1880 218 627
1880 433 504
1880 66 537
1880 44 860
1880 399 839
1880 299 568
1880 432 504
1880 382 853
1880 304 663
1880 325 726
1880 286 528
1880 263 566
1880 378 510
1880 431 503
1880 268 494
1880 356 847
1880 241 529
1880 354 823
1900 477 755
1900 217 630
1900 432 448
1900 61 642
1900 404 840
1900 301 566
1900 450 398
1900 384 853
1900 309 665
1900 277 663
1900 348 480
1900 237 720
1900 285 527
1900 264 565
1900 286 661
1900 382 496
1900 400 841
1900 262 496
1900 453 402
1900 462 833
1900 355 829
1900 241 531
1900 354 829
1920 455 710
1920 216 625
1920 400 354
1920 428 919
1920 306 569
1920 380 861
1920 305 664
1920 81 690
1920 281 529
1920 272 591
1920 173 612
1920 394 542
1920 399 753
1920 265 502
1920 403 342
1920 431 913
1920 241 531
1920 360 821
1940 217 627
1940 371 298
1940 24 764
1940 373 996
1940 300 570
1940 423 571
1940 146 495
1940 380 859
1940 309 668
1940 48 273
1940 127 529
1940 304 682
1940 373 301
1940 284 529
1940 265 558
1940 291 726
1940 400 832
1940 361 978
1940 258 492
1940 389 290
1940 460 867
1940 351 848
1940 240 531
1940 357 828
1960 216 623
1960 64 505
1960 421 950
1960 301 566
1960 423 560
1960 162 426
1960 384 859
1960 306 668
1960 90 403
1960 165 428
1960 327 203
1960 258 570
1960 286 529
1960 266 565
1960 181 734
1960 304 1060
1960 421 568
1960 301 1063
1960 265 501
1960 376 186
1960 162 442
1960 421 946
1960 371 824
1960 215 475
1960 349 827
1980 219 626
1980 353 1023
1980 402 1032
1980 299 565
1980 178 487
1980 386 852
1980 93 296
1980 336 149
1980 249 1152
1980 285 529
1980 264 566
1980 158 721
1980 381 484
1980 399 828
1980 351 1022
1980 265 502
1980 178 487
1980 451 892
1980 99 756
1980 241 532
1980 353 827
1980 55 428
