1800 444 829
1800 218 629
1800 239 67
1800 90 511
1800 444 830
1800 301 569
1800 443 825
1800 236 70
1800 391 807
1800 310 663
1800 298 651
1800 299 640
1800 288 531
1800 266 564
1800 73 491
1800 322 810
1800 288 1121
1800 289 1119
1800 447 605
1800 261 502
1800 445 832
1800 399 833
1800 82 839
1800 241 529
1800 288 528
1820 216 622
1820 435 399
1820 301 569
1820 236 1313
1820 359 663
1820 384 843
1820 307 663
1820 85 419
1820 287 670
1820 435 399
1820 279 850
1820 286 530
1820 261 566
1820 362 842
1820 437 392
1820 430 511
1820 260 500
1820 413 642
1820 33 902
1820 240 531
1820 227 1254
1820 284 529
1840 218 625
1840 365 501
1840 68 561
1840 426 649
1840 299 568
1840 393 658
1840 386 854
1840 360 632
1840 281 665
1840 365 292
1840 310 638
1840 289 529
1840 264 568
1840 68 923
1840 332 866
1840 414 646
1840 260 500
1840 426 649
1840 384 861
1840 241 532
1860 218 624
1860 346 498
1860 40 1288
1860 406 829
1860 313 599
1860 387 690
1860 389 855
1860 368 683
1860 301 659
1860 341 525
1860 288 530
1860 267 560
1860 367 697
1860 460 731
1860 260 502
1860 58 923
1860 475 519
1860 244 531
1860 279 558
1880 220 626
1880 377 510
1880 432 504
1880 68 531
1880 407 828
1880 301 567
1880 376 848
1880 313 669
1880 294 666
1880 309 667
1880 291 526
1880 264 565
1880 338 741
1880 465 433
1880 461 424
1880 273 496
1880 462 431
1880 465 430
1880 415 844
1880 241 530
1880 288 528
1900 466 829
1900 219 631
1900 353 474
1900 51 788
1900 22 782
1900 53 976
1900 65 773
1900 430 374
1900 408 833
1900 302 568
1900 385 494
1900 356 834
1900 351 524
1900 295 666
1900 452 270
1900 68 773
1900 287 532
1900 268 564
1900 52 789
1900 66 644
1900 355 841
1900 439 388
1900 449 401
1900 264 502
1900 44 942
1900 436 386
1900 56 772
1900 462 821
1900 87 759
1900 242 531
1900 286 535
1920 452 912
1920 217 626
1920 318 465
1920 18 633
1920 81 692
1920 418 920
1920 313 605
1920 385 728
1920 79 692
1920 395 816
1920 309 663
1920 218 626
1920 285 673
1920 436 494
1920 277 532
1920 268 552
1920 80 691
1920 385 734
1920 407 350
1920 394 413
1920 264 504
1920 448 403
1920 157 641
1920 448 718
1920 410 892
1920 180 605
1920 106 685
1920 243 535
1920 297 438
1940 462 874
1940 217 620
1940 438 295
1940 368 968
1940 469 876
1940 73 594
1940 73 592
1940 457 870
1940 301 569
1940 407 831
1940 126 518
1940 368 854
1940 313 661
1940 35 411
1940 148 502
1940 312 660
1940 376 294
1940 311 654
1940 101 580
1940 72 595
1940 290 527
1940 265 537
1940 103 581
1940 362 726
1940 418 333
1940 425 569
1940 379 853
1940 265 485
1940 441 268
1940 102 582
1940 146 496
1940 464 872
1940 369 968
1940 73 596
1940 244 532
1940 361 970
1940 281 503
1940 74 598
1960 217 628
1960 364 180
1960 367 1001
1960 432 938
1960 67 516
1960 69 516
1960 430 936
1960 302 568
1960 429 545
1960 161 443
1960 381 855
1960 303 670
1960 92 406
1960 162 443
1960 295 673
1960 367 180
1960 163 442
1960 288 530
1960 273 563
1960 68 510
1960 353 845
1960 425 547
1960 322 1067
1960 265 503
1960 443 187
1960 162 442
1960 392 861
1960 388 856
1960 351 209
1960 254 523
1960 272 689
1960 77 515
1980 456 893
1980 221 628
1980 342 134
1980 357 1030
1980 455 899
1980 72 431
1980 63 814
1980 85 749
1980 83 746
1980 400 1039
1980 300 570
1980 282 1266
1980 398 815
1980 177 491
1980 390 839
1980 88 424
1980 177 492
1980 286 657
1980 384 487
1980 272 1167
1980 289 532
1980 268 565
1980 352 839
1980 258 1162
1980 354 141
1980 277 1168
1980 426 833
1980 363 1083
1980 265 506
1980 178 489
1980 456 895
1980 356 1037
1980 178 495
1980 243 536
1980 272 1227
1980 363 495
1980 73 428
