1800 450 635
1800 217 631
1800 76 492
1800 441 828
1800 301 569
1800 295 1199
1800 426 613
1800 389 815
1800 309 666
1800 307 662
1800 284 530
1800 261 567
1800 370 766
1800 315 812
1800 294 1191
1800 463 630
1800 259 502
1800 440 828
1800 387 814
1800 240 535
1800 390 817
1800 369 770
1820 450 640
1820 216 625
1820 420 836
1820 421 842
1820 32 892
1820 420 837
1820 300 570
1820 451 639
1820 351 683
1820 306 664
1820 82 420
1820 303 671
1820 282 530
1820 256 565
1820 274 858
1820 421 387
1820 415 638
1820 258 503
1820 415 521
1820 423 838
1820 382 844
1820 237 536
1820 366 690
1820 225 1269
1820 379 854
1840 374 856
1840 216 628
1840 363 504
1840 403 671
1840 386 858
1840 299 567
1840 413 654
1840 390 660
1840 312 647
1840 80 456
1840 286 671
1840 362 288
1840 286 527
1840 259 570
1840 299 640
1840 313 643
1840 421 650
1840 259 501
1840 408 664
1840 378 852
1840 240 537
1840 333 873
1860 470 514
1860 217 630
1860 398 809
1860 387 857
1860 307 591
1860 364 625
1860 400 805
1860 307 673
1860 296 669
1860 311 181
1860 285 530
1860 262 560
1860 299 659
1860 304 599
1860 381 694
1860 257 504
1860 353 835
1860 311 180
1860 239 537
1860 369 689
1860 353 839
1880 467 436
1880 218 632
1880 375 519
1880 390 857
1880 65 538
1880 45 865
1880 387 860
1880 297 569
1880 428 505
1880 350 825
1880 313 668
1880 296 666
1880 287 527
1880 259 566
1880 307 668
1880 361 844
1880 333 752
1880 465 435
1880 464 439
1880 269 499
1880 429 504
1880 357 848
1880 239 534
1880 401 830
1880 353 848
1900 462 832
1900 217 635
1900 346 509
1900 357 839
1900 52 782
1900 59 775
1900 388 876
1900 299 568
1900 437 389
1900 355 833
1900 310 665
1900 302 667
1900 348 504
1900 286 527
1900 260 558
1900 360 833
1900 303 668
1900 435 447
1900 351 504
1900 443 394
1900 260 498
1900 382 495
1900 462 832
1900 354 837
1900 347 504
1900 239 538
1900 352 840
1920 455 711
1920 216 628
1920 394 545
1920 409 897
1920 424 907
1920 7 503
1920 79 691
1920 413 910
1920 319 622
1920 393 544
1920 385 745
1920 304 665
1920 177 614
1920 299 662
1920 282 530
1920 268 560
1920 104 685
1920 382 864
1920 408 361
1920 455 709
1920 263 502
1920 402 345
1920 48 719
1920 104 681
1920 428 916
1920 368 857
1920 156 649
1920 239 536
1920 387 882
1920 353 828
1940 216 625
1940 442 332
1940 18 589
1940 52 888
1940 378 994
1940 300 568
1940 422 572
1940 231 429
1940 359 849
1940 309 669
1940 395 278
1940 287 669
1940 373 293
1940 418 321
1940 286 528
1940 263 554
1940 357 747
1940 410 337
1940 260 482
1940 413 313
1940 147 507
1940 458 871
1940 354 846
1940 265 526
1940 126 521
1940 237 532
1940 360 982
1940 352 848
1960 215 627
1960 439 208
1960 427 948
1960 430 942
1960 67 518
1960 90 486
1960 413 1034
1960 300 563
1960 300 1065
1960 423 563
1960 215 476
1960 388 852
1960 304 669
1960 89 403
1960 216 478
1960 301 672
1960 333 205
1960 366 204
1960 125 396
1960 284 528
1960 266 563
1960 363 847
1960 340 205
1960 320 1065
1960 435 555
1960 305 1061
1960 264 502
1960 160 440
1960 427 939
1960 373 857
1960 386 266
1960 215 478
1960 402 1014
1960 351 844
1980 217 625
1980 393 1041
1980 453 892
1980 39 838
1980 30 422
1980 353 507
1980 41 813
1980 365 1047
1980 298 569
1980 74 412
1980 396 829
1980 364 504
1980 73 420
1980 112 465
1980 300 661
1980 82 282
1980 285 529
1980 262 559
1980 79 745
1980 350 1048
1980 281 597
1980 369 496
1980 266 1176
1980 351 1032
1980 263 504
1980 105 460
1980 451 892
1980 356 840
1980 155 720
1980 238 535
1980 365 1039
1980 250 1157
1980 351 837
1980 29 414
