1800 460 627
1800 215 627
1800 76 484
1800 236 55
1800 441 828
1800 300 569
1800 292 1186
1800 428 614
1800 390 814
1800 308 661
1800 314 810
1800 283 531
1800 258 557
1800 284 1117
1800 464 630
1800 387 810
1800 261 501
1800 441 828
1800 313 810
1800 239 532
1800 391 810
1800 291 1166
1800 368 767
1820 453 637
1820 216 625
1820 433 398
1820 413 837
1820 420 834
1820 299 569
1820 410 639
1820 386 846
1820 302 665
1820 274 859
1820 226 1279
1820 283 531
1820 249 553
1820 226 1256
1820 276 852
1820 427 513
1820 408 638
1820 260 500
1820 428 395
1820 420 836
1820 357 838
1820 238 533
1820 415 838
1840 216 628
1840 8 491
1840 61 912
1840 351 616
1840 381 853
1840 287 543
1840 353 827
1840 415 652
1840 374 851
1840 291 665
1840 317 869
1840 284 528
1840 255 571
1840 361 501
1840 278 663
1840 415 649
1840 341 659
1840 259 502
1840 309 872
1840 239 532
1840 349 829
1840 80 454
1860 474 509
1860 215 624
1860 75 469
1860 276 582
1860 399 842
1860 299 559
1860 376 853
1860 300 662
1860 311 179
1860 311 180
1860 285 532
1860 258 559
1860 371 687
1860 342 498
1860 284 602
1860 371 676
1860 355 824
1860 259 501
1860 337 853
1860 240 532
1860 350 844
1860 352 831
1880 463 436
1880 216 627
1880 430 505
1880 374 857
1880 66 530
1880 54 847
1880 377 860
1880 298 563
1880 462 437
1880 353 843
1880 300 667
1880 306 670
1880 285 523
1880 255 559
1880 345 518
1880 431 504
1880 285 641
1880 463 436
1880 332 741
1880 264 494
1880 466 436
1880 329 744
1880 239 531
1880 358 831
1880 351 831
1900 463 834
1900 216 634
1900 430 453
1900 463 832
1900 54 772
1900 34 725
1900 63 640
1900 344 500
1900 407 833
1900 286 533
1900 283 666
1900 444 391
1900 353 830
1900 305 664
1900 356 479
1900 232 664
1900 284 529
1900 256 550
1900 381 494
1900 297 663
1900 260 497
1900 434 386
1900 463 833
1900 351 830
1900 71 763
1900 239 533
1900 274 667
1900 352 831
1920 455 710
1920 213 626
1920 400 349
1920 421 919
1920 79 688
1920 395 405
1920 410 898
1920 300 557
1920 442 425
1920 376 858
1920 297 658
1920 77 687
1920 274 522
1920 254 549
1920 175 608
1920 379 731
1920 448 409
1920 389 743
1920 384 756
1920 264 503
1920 401 348
1920 176 609
1920 410 895
1920 366 815
1920 96 679
1920 238 532
1920 353 836
1920 363 838
1940 477 884
1940 216 625
1940 369 302
1940 71 599
1940 364 991
1940 279 542
1940 374 884
1940 423 568
1940 146 497
1940 359 850
1940 309 667
1940 127 524
1940 301 672
1940 374 293
1940 274 514
1940 282 527
1940 261 554
1940 462 287
1940 275 599
1940 456 868
1940 359 974
1940 232 428
1940 391 268
1940 147 497
1940 459 871
1940 347 735
1940 125 519
1940 239 530
1940 362 973
1940 256 482
1940 352 826
1960 211 629
1960 332 207
1960 419 950
1960 430 928
1960 48 510
1960 251 712
1960 84 499
1960 436 187
1960 418 961
1960 297 558
1960 426 553
1960 159 439
1960 374 859
1960 302 663
1960 89 403
1960 118 380
1960 369 202
1960 329 205
1960 119 383
1960 317 1070
1960 281 530
1960 263 556
1960 169 744
1960 178 718
1960 442 195
1960 424 562
1960 305 1058
1960 264 501
1960 385 202
1960 182 746
1960 159 446
1960 418 950
1960 344 835
1960 215 475
1960 355 835
1980 214 625
1980 354 1035
1980 67 424
1980 321 132
1980 383 856
1980 296 559
1980 255 1160
1980 76 412
1980 388 844
1980 292 563
1980 83 293
1980 315 125
1980 314 124
1980 311 124
1980 246 1153
1980 283 530
1980 262 560
1980 253 1163
1980 217 603
1980 352 1027
1980 362 484
1980 393 832
1980 349 1024
1980 264 503
1980 452 892
1980 346 853
1980 89 741
1980 238 532
1980 351 830
1980 47 426
