1800 464 631
1800 217 624
1800 432 607
1800 78 485
1800 77 869
1800 240 58
1800 423 816
1800 300 567
1800 286 1126
1800 428 610
1800 391 818
1800 307 660
1800 318 805
1800 286 528
1800 267 564
1800 307 661
1800 319 804
1800 284 1122
1800 446 600
1800 261 500
1800 441 825
1800 240 532
1800 286 1152
1800 370 766
1820 453 631
1820 218 624
1820 423 385
1820 420 834
1820 413 645
1820 34 877
1820 420 830
1820 300 570
1820 413 637
1820 418 831
1820 303 667
1820 87 415
1820 304 667
1820 284 529
1820 265 559
1820 227 1244
1820 280 663
1820 274 847
1820 416 515
1820 413 641
1820 275 844
1820 261 499
1820 421 832
1820 238 533
1820 361 833
1840 216 624
1840 80 455
1840 63 907
1840 407 653
1840 299 563
1840 414 648
1840 385 854
1840 313 654
1840 361 610
1840 286 526
1840 264 567
1840 284 660
1840 318 870
1840 363 500
1840 415 646
1840 260 499
1840 391 654
1840 353 826
1840 239 532
1840 321 866
1860 476 501
1860 217 623
1860 288 527
1860 354 834
1860 389 847
1860 77 456
1860 57 940
1860 389 852
1860 300 561
1860 395 840
1860 307 665
1860 298 571
1860 312 178
1860 286 528
1860 265 565
1860 302 667
1860 299 669
1860 344 492
1860 296 603
1860 355 825
1860 260 500
1860 241 531
1860 355 823
1880 467 433
1880 219 625
1880 431 499
1880 345 511
1880 66 529
1880 51 851
1880 395 834
1880 298 565
1880 465 433
1880 380 852
1880 317 671
1880 330 717
1880 287 526
1880 265 566
1880 282 545
1880 346 697
1880 378 508
1880 431 498
1880 269 494
1880 241 530
1880 352 840
1880 354 821
1900 476 751
1900 218 629
1900 433 444
1900 66 653
1900 64 636
1900 353 474
1900 396 844
1900 301 559
1900 448 393
1900 382 860
1900 312 665
1900 277 662
1900 351 483
1900 230 660
1900 286 526
1900 263 565
1900 347 502
1900 277 663
1900 230 657
1900 376 490
1900 232 703
1900 436 438
1900 261 495
1900 436 381
1900 462 823
1900 349 503
1900 86 754
1900 240 531
1900 247 720
1900 354 825
1920 456 708
1920 215 625
1920 381 375
1920 382 870
1920 423 917
1920 80 684
1920 411 894
1920 308 568
1920 448 421
1920 379 859
1920 305 662
1920 279 661
1920 215 622
1920 282 528
1920 284 529
1920 174 605
1920 285 530
1920 394 540
1920 383 732
1920 158 640
1920 264 500
1920 401 340
1920 155 637
1920 422 916
1920 159 641
1920 239 529
1920 359 822
1940 442 314
1940 218 625
1940 371 296
1940 361 966
1940 361 974
1940 367 961
1940 299 568
1940 422 566
1940 146 492
1940 371 857
1940 308 666
1940 125 512
1940 306 668
1940 390 262
1940 284 528
1940 271 547
1940 371 302
1940 288 664
1940 148 497
1940 356 731
1940 463 288
1940 148 494
1940 375 858
1940 359 975
1940 257 476
1940 392 268
1940 146 492
1940 460 864
1940 354 836
1940 100 584
1940 239 529
1940 378 861
1940 357 825
1940 51 261
1960 423 195
1960 218 627
1960 429 925
1960 429 927
1960 60 505
1960 92 402
1960 84 501
1960 331 204
1960 415 966
1960 300 562
1960 424 551
1960 160 439
1960 382 853
1960 304 672
1960 92 403
1960 119 380
1960 372 186
1960 167 723
1960 286 529
1960 271 561
1960 252 517
1960 253 719
1960 219 627
1960 425 549
1960 299 1064
1960 425 549
1960 323 1063
1960 265 500
1960 372 177
1960 161 438
1960 424 929
1960 218 627
1960 216 474
1960 214 475
1960 351 827
1980 369 115
1980 219 623
1980 355 1037
1980 450 892
1980 42 414
1980 67 421
1980 371 1058
1980 299 564
1980 262 1173
1980 374 106
1980 100 456
1980 394 836
1980 379 480
1980 85 300
1980 360 488
1980 219 611
1980 248 1152
1980 286 529
1980 267 567
1980 156 714
1980 292 555
1980 174 485
1980 370 476
1980 247 1152
1980 351 824
1980 350 1022
1980 265 502
1980 365 139
1980 177 484
1980 452 890
1980 351 1017
1980 86 744
1980 83 740
1980 241 529
1980 350 1022
1980 271 1162
1980 352 828
1980 46 412
