1800 465 630
1800 217 627
1800 410 815
1800 77 487
1800 76 887
1800 244 66
1800 442 830
1800 301 569
1800 292 1164
1800 429 613
1800 392 824
1800 310 667
1800 317 809
1800 286 529
1800 260 568
1800 318 807
1800 286 1115
1800 406 812
1800 317 807
1800 261 501
1800 442 831
1800 240 534
1800 286 1119
1800 370 771
1820 452 639
1820 218 626
1820 423 387
1820 33 887
1820 420 834
1820 300 571
1820 411 643
1820 390 851
1820 304 668
1820 86 419
1820 409 647
1820 284 530
1820 257 568
1820 424 394
1820 410 643
1820 260 501
1820 419 837
1820 382 847
1820 238 535
1820 358 838
1840 217 626
1840 80 455
1840 63 920
1840 297 564
1840 417 647
1840 382 852
1840 306 672
1840 360 613
1840 285 527
1840 261 569
1840 316 873
1840 364 499
1840 416 647
1840 260 501
1840 357 831
1840 239 532
1840 352 837
1860 475 499
1860 218 627
1860 390 696
1860 76 466
1860 403 823
1860 301 568
1860 285 657
1860 383 851
1860 305 668
1860 341 500
1860 314 184
1860 285 530
1860 264 565
1860 365 705
1860 342 498
1860 285 660
1860 401 825
1860 382 850
1860 260 502
1860 384 699
1860 240 532
1860 353 828
1880 467 435
1880 218 628
1880 431 504
1880 66 538
1880 45 863
1880 401 831
1880 299 567
1880 377 514
1880 378 853
1880 295 585
1880 322 711
1880 286 527
1880 262 565
1880 377 511
1880 283 665
1880 432 504
1880 270 494
1880 367 820
1880 241 530
1880 356 829
1900 476 752
1900 218 630
1900 384 496
1900 60 773
1900 62 644
1900 349 494
1900 406 833
1900 300 569
1900 291 627
1900 448 396
1900 383 858
1900 308 634
1900 436 433
1900 234 702
1900 286 527
1900 265 558
1900 235 703
1900 282 662
1900 380 496
1900 284 654
1900 400 839
1900 262 497
1900 436 446
1900 462 830
1900 240 532
1900 276 664
1900 354 829
1920 455 710
1920 215 629
1920 381 376
1920 407 821
1920 412 895
1920 309 589
1920 446 425
1920 380 859
1920 301 664
1920 86 691
1920 325 471
1920 278 521
1920 275 596
1920 157 637
1920 278 661
1920 394 543
1920 395 751
1920 265 501
1920 398 358
1920 413 898
1920 378 862
1920 157 641
1920 240 530
1920 356 824
1920 37 290
1940 217 624
1940 375 297
1940 27 755
1940 401 832
1940 300 569
1940 422 570
1940 146 499
1940 378 861
1940 309 668
1940 128 528
1940 306 670
1940 392 287
1940 285 527
1940 264 555
1940 459 314
1940 401 832
1940 360 973
1940 256 492
1940 414 333
1940 461 869
1940 354 834
1940 238 532
1940 362 996
1940 356 836
1960 435 202
1960 216 624
1960 342 218
1960 428 937
1960 430 932
1960 64 506
1960 80 508
1960 366 204
1960 423 947
1960 301 565
1960 429 553
1960 162 425
1960 382 856
1960 299 573
1960 89 402
1960 167 428
1960 328 201
1960 217 626
1960 285 530
1960 263 563
1960 186 739
1960 251 721
1960 285 670
1960 301 1064
1960 423 560
1960 303 1062
1960 265 501
1960 389 216
1960 162 438
1960 427 933
1960 372 858
1960 216 474
1960 349 827
1980 219 624
1980 408 993
1980 61 424
1980 94 552
1980 399 1039
1980 298 565
1980 269 1169
1980 385 853
1980 302 571
1980 84 301
1980 314 124
1980 248 1153
1980 285 530
1980 265 565
1980 164 708
1980 297 657
1980 371 477
1980 397 828
1980 349 1024
1980 265 503
1980 379 108
1980 177 487
1980 452 892
1980 363 852
1980 144 728
1980 239 531
1980 367 1112
1980 271 1163
1980 353 829
1980 73 421
