1800 462 625
1800 218 629
1800 242 62
1800 29 873
1800 77 487
1800 73 624
1800 235 62
1800 302 569
1800 427 613
1800 397 822
1800 311 664
1800 299 666
1800 247 63
1800 285 529
1800 263 565
1800 287 1116
1800 442 822
1800 393 811
1800 260 501
1800 442 825
1800 391 820
1800 235 67
1800 239 534
1800 314 810
1820 453 635
1820 218 627
1820 428 512
1820 423 840
1820 34 903
1820 420 835
1820 300 571
1820 412 640
1820 419 832
1820 301 658
1820 86 417
1820 284 666
1820 284 530
1820 258 562
1820 276 855
1820 427 515
1820 410 639
1820 260 501
1820 428 394
1820 223 1255
1820 453 635
1820 384 843
1820 238 534
1820 233 1281
1840 218 628
1840 385 851
1840 427 656
1840 50 898
1840 80 455
1840 156 1342
1840 67 925
1840 398 664
1840 298 566
1840 417 650
1840 402 834
1840 313 660
1840 284 664
1840 363 287
1840 286 525
1840 259 568
1840 158 1331
1840 317 865
1840 404 657
1840 359 823
1840 260 502
1840 66 922
1840 363 287
1840 419 651
1840 379 853
1840 72 926
1840 240 535
1840 316 867
1840 81 455
1860 475 503
1860 218 628
1860 375 837
1860 55 923
1860 76 458
1860 59 942
1860 57 934
1860 299 564
1860 395 837
1860 306 671
1860 292 656
1860 311 596
1860 286 529
1860 265 558
1860 76 456
1860 402 814
1860 371 683
1860 259 503
1860 59 938
1860 379 692
1860 470 502
1860 378 854
1860 318 185
1860 60 936
1860 240 535
1860 370 686
1880 466 432
1880 218 628
1880 375 523
1880 357 848
1880 68 537
1880 51 862
1880 377 852
1880 299 569
1880 431 506
1880 402 824
1880 306 671
1880 292 662
1880 288 526
1880 261 566
1880 431 505
1880 431 504
1880 270 495
1880 431 505
1880 385 860
1880 67 540
1880 240 532
1880 337 747
1900 446 428
1900 218 631
1900 356 509
1900 355 840
1900 54 779
1900 61 768
1900 302 557
1900 382 498
1900 403 822
1900 299 564
1900 289 660
1900 350 503
1900 287 528
1900 263 561
1900 82 769
1900 388 496
1900 462 825
1900 260 497
1900 434 386
1900 94 760
1900 437 398
1900 355 828
1900 240 533
1900 64 653
1920 456 711
1920 217 629
1920 411 358
1920 421 899
1920 424 908
1920 81 690
1920 416 902
1920 304 564
1920 440 462
1920 393 838
1920 311 595
1920 284 665
1920 280 522
1920 266 552
1920 107 677
1920 395 544
1920 456 710
1920 264 504
1920 401 343
1920 118 652
1920 156 641
1920 428 915
1920 380 859
1920 181 612
1920 107 676
1920 240 533
1940 217 626
1940 374 293
1940 363 997
1940 363 975
1940 300 569
1940 423 568
1940 403 830
1940 308 669
1940 148 500
1940 309 669
1940 374 294
1940 287 527
1940 267 556
1940 75 606
1940 127 524
1940 368 967
1940 418 331
1940 459 863
1940 370 869
1940 250 465
1940 392 270
1940 126 518
1940 464 865
1940 371 859
1940 238 530
1940 347 734
1960 464 617
1960 217 627
1960 329 204
1960 430 937
1960 54 512
1960 73 526
1960 429 945
1960 301 568
1960 425 551
1960 162 441
1960 383 852
1960 305 670
1960 91 405
1960 120 386
1960 290 672
1960 366 203
1960 178 712
1960 284 529
1960 269 558
1960 328 1069
1960 432 553
1960 393 846
1960 265 502
1960 119 383
1960 429 936
1960 381 857
1960 219 679
1960 216 476
1960 67 493
1980 333 167
1980 219 625
1980 359 1044
1980 454 896
1980 69 428
1980 86 745
1980 85 743
1980 85 742
1980 383 1055
1980 299 566
1980 340 143
1980 177 490
1980 399 828
1980 298 567
1980 88 310
1980 108 459
1980 287 662
1980 364 485
1980 248 1152
1980 286 530
1980 267 560
1980 90 743
1980 283 657
1980 376 481
1980 255 1156
1980 399 825
1980 352 1028
1980 264 503
1980 362 493
1980 89 414
1980 453 893
1980 386 851
1980 162 715
1980 239 533
1980 353 1024
1980 69 428
