1800 368 763
1800 314 814
1800 40 897
1800 441 827
1800 287 1140
1800 284 629
1800 309 659
1800 384 805
1800 318 809
1800 240 79
1800 217 628
1800 397 830
1800 446 601
1800 284 530
1800 293 1198
1800 20 390
1800 444 602
1800 260 500
1800 308 662
1800 239 534
1800 300 571
1800 261 569
1820 405 647
1820 227 1307
1820 297 663
1820 357 849
1820 217 627
1820 419 841
1820 26 688
1820 420 517
1820 282 530
1820 217 1232
1820 27 390
1820 259 500
1820 319 668
1820 407 647
1820 275 852
1820 240 533
1820 299 570
1820 260 567
1820 432 398
1840 420 678
1840 372 311
1840 318 861
1840 277 668
1840 370 874
1840 218 631
1840 402 858
1840 363 497
1840 282 530
1840 277 668
1840 386 855
1840 363 496
1840 421 650
1840 261 500
1840 317 675
1840 361 624
1840 240 533
1840 298 571
1840 258 565
1840 370 295
1860 380 710
1860 309 663
1860 356 840
1860 217 629
1860 389 848
1860 473 524
1860 287 528
1860 344 506
1860 259 503
1860 308 666
1860 368 683
1860 240 534
1860 301 576
1860 263 566
1860 317 183
1880 386 846
1880 297 666
1880 346 861
1880 330 750
1880 218 626
1880 400 830
1880 462 1072
1880 375 513
1880 286 527
1880 434 506
1880 374 512
1880 267 499
1880 310 667
1880 239 533
1880 300 568
1880 259 569
1880 433 505
1900 401 839
1900 86 754
1900 234 699
1900 309 666
1900 356 840
1900 216 628
1900 398 850
1900 64 646
1900 382 492
1900 286 526
1900 390 494
1900 348 474
1900 466 822
1900 260 498
1900 315 667
1900 231 719
1900 242 532
1900 302 568
1900 22 379
1900 262 560
1900 443 391
1920 386 735
1920 425 921
1920 177 603
1920 304 664
1920 163 637
1920 359 848
1920 217 631
1920 403 823
1920 78 678
1920 394 551
1920 283 526
1920 160 641
1920 25 501
1920 323 468
1920 213 628
1920 456 710
1920 265 504
1920 305 669
1920 397 545
1920 242 536
1920 303 572
1920 265 565
1920 298 443
1920 180 619
1920 390 363
1940 127 521
1940 402 831
1940 383 291
1940 363 997
1940 282 651
1940 355 842
1940 352 738
1940 218 628
1940 400 841
1940 72 590
1940 419 573
1940 286 526
1940 27 585
1940 294 728
1940 302 706
1940 369 883
1940 469 876
1940 265 485
1940 310 664
1940 240 533
1940 300 570
1940 44 375
1940 264 566
1940 375 291
1940 124 516
1960 94 409
1960 393 847
1960 409 939
1960 270 705
1960 301 672
1960 373 865
1960 218 631
1960 382 841
1960 88 634
1960 428 970
1960 423 547
1960 284 531
1960 296 1068
1960 25 397
1960 265 502
1960 311 654
1960 196 739
1960 236 532
1960 301 569
1960 91 408
1960 265 566
1960 368 181
1960 161 442
1980 88 411
1980 452 891
1980 81 755
1980 357 1031
1980 123 304
1980 261 1183
1980 298 659
1980 352 839
1980 215 624
1980 394 841
1980 406 1026
1980 359 488
1980 283 528
1980 266 1174
1980 359 1030
1980 79 307
1980 359 486
1980 264 505
1980 330 638
1980 239 537
1980 299 570
1980 80 320
1980 262 568
1980 152 714
1980 174 487
