1800 367 760
1800 315 811
1800 444 833
1800 287 1132
1800 309 657
1800 377 786
1800 320 810
1800 249 68
1800 217 629
1800 400 823
1800 454 621
1800 283 528
1800 288 1157
1800 445 601
1800 260 499
1800 308 660
1800 238 533
1800 301 570
1800 259 571
1820 410 634
1820 232 1312
1820 300 661
1820 364 843
1820 217 627
1820 419 836
1820 423 519
1820 283 529
1820 221 1231
1820 13 432
1820 259 500
1820 322 671
1820 410 641
1820 277 852
1820 241 532
1820 299 569
1820 259 567
1820 432 398
1840 373 301
1840 321 858
1840 278 664
1840 369 872
1840 217 630
1840 405 845
1840 364 496
1840 281 530
1840 385 850
1840 371 502
1840 420 654
1840 261 500
1840 314 677
1840 363 628
1840 240 534
1840 298 571
1840 257 566
1840 375 303
1860 379 709
1860 309 661
1860 357 834
1860 62 912
1860 380 688
1860 217 631
1860 396 843
1860 287 528
1860 342 498
1860 259 503
1860 310 674
1860 366 574
1860 239 534
1860 300 580
1860 262 565
1860 320 183
1880 377 857
1880 300 661
1880 348 852
1880 334 747
1880 217 628
1880 398 809
1880 462 1077
1880 377 514
1880 283 526
1880 22 590
1880 376 510
1880 268 498
1880 316 669
1880 239 534
1880 300 567
1880 256 571
1880 432 503
1900 398 830
1900 428 450
1900 87 757
1900 230 689
1900 304 630
1900 356 841
1900 216 631
1900 401 832
1900 65 648
1900 385 494
1900 287 526
1900 390 494
1900 351 472
1900 467 819
1900 260 497
1900 310 672
1900 233 710
1900 233 717
1900 243 534
1900 301 567
1900 19 384
1900 260 561
1900 447 398
1920 391 737
1920 103 682
1920 424 922
1920 178 610
1920 305 667
1920 159 642
1920 362 844
1920 217 630
1920 405 800
1920 79 681
1920 472 1071
1920 397 545
1920 282 523
1920 159 642
1920 11 511
1920 317 461
1920 193 626
1920 457 712
1920 265 503
1920 308 657
1920 397 547
1920 241 534
1920 304 570
1920 264 566
1920 396 386
1920 181 622
1920 390 358
1940 128 521
1940 445 856
1940 375 292
1940 366 988
1940 287 655
1940 359 845
1940 354 738
1940 217 629
1940 395 824
1940 69 587
1940 446 1116
1940 422 570
1940 285 525
1940 22 605
1940 295 729
1940 296 738
1940 355 861
1940 468 873
1940 263 477
1940 309 675
1940 240 532
1940 299 570
1940 263 567
1940 377 291
1940 127 523
1960 391 842
1960 403 984
1960 51 259
1960 265 709
1960 301 670
1960 371 857
1960 214 634
1960 391 851
1960 87 693
1960 428 970
1960 431 554
1960 284 530
1960 290 1067
1960 66 502
1960 59 461
1960 265 502
1960 314 646
1960 198 739
1960 238 530
1960 301 568
1960 92 409
1960 263 569
1960 370 179
1960 449 194
1960 161 440
1980 72 421
1980 451 886
1980 79 760
1980 359 1033
1980 109 277
1980 279 1244
1980 300 659
1980 352 838
1980 214 619
1980 396 827
1980 405 1022
1980 363 487
1980 283 527
1980 265 1175
1980 281 657
1980 359 1028
1980 79 304
1980 365 474
1980 264 503
1980 334 648
1980 238 536
1980 299 571
1980 78 322
1980 260 569
1980 151 715
