1800 366 760
1800 315 812
1800 440 826
1800 287 1135
1800 309 653
1800 373 780
1800 318 809
1800 240 75
1800 217 626
1800 397 823
1800 283 528
1800 286 1181
1800 19 387
1800 444 598
1800 259 498
1800 308 659
1800 238 532
1800 300 569
1800 260 569
1820 410 633
1820 229 1306
1820 289 664
1820 360 838
1820 217 624
1820 421 839
1820 418 514
1820 282 529
1820 218 1232
1820 26 398
1820 461 663
1820 259 498
1820 316 661
1820 408 636
1820 277 846
1820 240 531
1820 298 568
1820 260 566
1820 427 395
1840 419 679
1840 315 863
1840 277 662
1840 370 870
1840 217 626
1840 403 838
1840 281 527
1840 277 666
1840 385 850
1840 362 493
1840 421 646
1840 260 498
1840 313 676
1840 359 615
1840 240 531
1840 297 567
1840 258 565
1860 375 686
1860 309 664
1860 356 833
1860 67 909
1860 217 626
1860 390 853
1860 287 527
1860 344 499
1860 259 501
1860 311 665
1860 365 577
1860 240 532
1860 300 569
1860 264 565
1860 318 183
1880 382 859
1880 295 661
1880 345 856
1880 334 746
1880 217 623
1880 398 828
1880 377 508
1880 282 524
1880 23 537
1880 376 508
1880 468 438
1880 266 493
1880 310 663
1880 239 532
1880 299 565
1880 257 569
1900 400 828
1900 85 751
1900 231 687
1900 306 660
1900 354 831
1900 216 626
1900 400 836
1900 62 645
1900 380 492
1900 286 526
1900 431 455
1900 352 471
1900 469 818
1900 259 496
1900 312 668
1900 236 693
1900 232 708
1900 242 531
1900 345 1154
1900 299 564
1900 260 559
1900 441 387
1920 385 735
1920 105 674
1920 421 911
1920 177 600
1920 302 663
1920 160 638
1920 357 836
1920 217 628
1920 403 821
1920 77 674
1920 395 545
1920 280 522
1920 157 640
1920 21 498
1920 316 461
1920 457 710
1920 263 500
1920 304 666
1920 396 543
1920 241 531
1920 301 568
1920 265 564
1920 185 616
1920 382 369
1940 127 520
1940 356 733
1940 389 271
1940 363 983
1940 288 628
1940 350 832
1940 96 923
1940 354 737
1940 217 625
1940 398 835
1940 70 588
1940 287 523
1940 33 559
1940 307 679
1940 301 714
1940 373 858
1940 48 367
1940 468 867
1940 257 475
1940 309 665
1940 239 531
1940 300 569
1940 51 383
1940 264 564
1940 377 290
1960 92 409
1960 186 738
1960 396 829
1960 409 964
1960 267 701
1960 301 668
1960 368 848
1960 216 626
1960 389 849
1960 90 632
1960 428 966
1960 424 545
1960 284 529
1960 294 1070
1960 71 501
1960 28 396
1960 264 500
1960 304 667
1960 196 740
1960 235 529
1960 301 567
1960 91 406
1960 263 567
1960 367 179
1960 465 167
1960 161 442
1980 85 414
1980 81 751
1980 354 1028
1980 123 294
1980 261 1274
1980 299 657
1980 351 833
1980 215 608
1980 397 829
1980 402 1021
1980 358 486
1980 283 527
1980 261 1172
1980 246 1147
1980 282 657
1980 356 1024
1980 78 308
1980 359 482
1980 264 502
1980 323 625
1980 239 534
1980 360 1032
1980 299 568
1980 87 303
1980 261 566
1980 164 706
1980 173 482
