1800 367 761
1800 315 810
1800 445 839
1800 287 1138
1800 309 653
1800 376 778
1800 320 809
1800 241 67
1800 218 628
1800 396 820
1800 443 602
1800 284 530
1800 286 1151
1800 443 603
1800 260 500
1800 308 662
1800 239 531
1800 300 570
1800 261 571
1820 409 637
1820 231 1303
1820 307 660
1820 364 836
1820 218 627
1820 413 843
1820 419 518
1820 284 529
1820 218 1231
1820 259 500
1820 322 676
1820 410 642
1820 279 851
1820 241 532
1820 300 570
1820 260 567
1820 427 393
1840 391 654
1840 277 665
1840 373 852
1840 219 631
1840 404 842
1840 283 530
1840 399 830
1840 368 499
1840 422 654
1840 261 500
1840 316 673
1840 360 619
1840 241 533
1840 299 571
1840 259 565
1840 373 297
1860 378 695
1860 310 665
1860 357 840
1860 61 922
1860 378 688
1860 218 630
1860 393 846
1860 288 528
1860 341 497
1860 260 504
1860 319 665
1860 364 692
1860 241 532
1860 299 577
1860 263 565
1860 318 184
1880 368 860
1880 294 660
1880 349 844
1880 335 746
1880 219 627
1880 399 828
1880 462 1070
1880 377 512
1880 287 525
1880 433 504
1880 24 576
1880 375 514
1880 469 436
1880 268 497
1880 310 667
1880 239 533
1880 300 568
1880 257 571
1880 467 435
1900 398 841
1900 83 744
1900 233 690
1900 307 663
1900 354 831
1900 217 629
1900 400 837
1900 64 649
1900 386 494
1900 288 526
1900 390 495
1900 352 472
1900 470 823
1900 260 497
1900 313 671
1900 235 694
1900 233 712
1900 243 533
1900 301 566
1900 261 560
1900 440 385
1920 386 736
1920 419 910
1920 178 609
1920 307 660
1920 166 627
1920 357 832
1920 218 630
1920 405 813
1920 79 680
1920 396 543
1920 283 525
1920 159 639
1920 15 515
1920 333 477
1920 457 711
1920 265 502
1920 306 672
1920 396 546
1920 241 534
1920 304 570
1920 268 565
1920 179 615
1920 401 338
1940 128 523
1940 391 270
1940 290 643
1940 352 833
1940 354 735
1940 218 626
1940 392 754
1940 72 592
1940 420 571
1940 286 527
1940 292 738
1940 304 698
1940 348 849
1940 27 393
1940 469 876
1940 261 473
1940 312 676
1940 240 532
1940 299 570
1940 45 402
1940 262 567
1940 381 287
1940 127 523
1960 98 412
1960 398 830
1960 414 937
1960 301 669
1960 369 855
1960 217 630
1960 381 844
1960 88 639
1960 429 953
1960 425 546
1960 286 529
1960 288 1077
1960 63 504
1960 371 179
1960 264 503
1960 304 675
1960 437 559
1960 237 531
1960 301 568
1960 93 408
1960 264 567
1960 371 179
1960 454 152
1960 162 439
1980 93 424
1980 451 890
1980 101 750
1980 363 1044
1980 287 1258
1980 300 655
1980 350 835
1980 217 616
1980 397 830
1980 402 1024
1980 359 487
1980 284 528
1980 265 1173
1980 252 1154
1980 356 1024
1980 78 311
1980 359 485
1980 264 503
1980 325 629
1980 239 535
1980 300 569
1980 98 308
1980 262 567
1980 155 715
