1800 370 761
1800 318 819
1800 444 835
1800 291 1150
1800 291 1196
1800 311 660
1800 396 821
1800 321 811
1800 242 70
1800 219 629
1800 401 824
1800 448 603
1800 286 529
1800 289 1151
1800 444 602
1800 262 500
1800 310 661
1800 240 535
1800 301 571
1800 267 572
1820 413 638
1820 199 1406
1820 311 665
1820 380 849
1820 218 627
1820 423 840
1820 425 518
1820 285 529
1820 221 1232
1820 468 666
1820 261 500
1820 317 676
1820 413 640
1820 283 853
1820 243 531
1820 300 570
1820 261 568
1820 432 397
1840 423 647
1840 331 868
1840 282 672
1840 388 855
1840 219 632
1840 410 838
1840 365 496
1840 284 528
1840 390 857
1840 393 541
1840 424 653
1840 262 499
1840 320 680
1840 362 624
1840 242 533
1840 299 570
1840 261 565
1860 383 709
1860 314 673
1860 358 843
1860 218 630
1860 402 833
1860 476 521
1860 288 528
1860 350 511
1860 261 502
1860 322 666
1860 369 581
1860 242 531
1860 304 580
1860 265 565
1860 319 183
1880 401 825
1880 311 669
1880 352 851
1880 338 750
1880 218 627
1880 401 828
1880 465 1066
1880 378 515
1880 289 526
1880 435 511
1880 69 532
1880 378 516
1880 469 442
1880 271 496
1880 328 680
1880 241 534
1880 302 569
1880 260 570
1880 468 438
1900 403 826
1900 90 761
1900 234 682
1900 320 671
1900 363 840
1900 62 852
1900 217 629
1900 403 840
1900 66 651
1900 392 497
1900 288 528
1900 437 452
1900 360 477
1900 474 736
1900 263 500
1900 316 676
1900 234 696
1900 235 720
1900 246 534
1900 304 572
1900 263 564
1900 445 394
1920 398 741
1920 81 688
1920 431 918
1920 180 613
1920 315 673
1920 164 627
1920 366 846
1920 218 629
1920 409 798
1920 105 685
1920 397 546
1920 286 529
1920 407 363
1920 161 631
1920 15 501
1920 332 478
1920 458 712
1920 266 503
1920 309 672
1920 398 547
1920 245 536
1920 306 579
1920 268 567
1920 181 619
1920 402 346
1940 129 523
1940 421 821
1940 394 276
1940 299 661
1940 361 848
1940 359 736
1940 218 628
1940 403 837
1940 102 587
1940 424 569
1940 287 527
1940 26 597
1940 312 694
1940 314 714
1940 382 857
1940 28 390
1940 469 865
1940 263 474
1940 311 680
1940 242 532
1940 301 570
1940 268 567
1940 393 273
1960 97 409
1960 396 835
1960 369 181
1960 426 965
1960 304 671
1960 381 860
1960 216 631
1960 392 853
1960 87 641
1960 431 958
1960 440 560
1960 287 529
1960 295 1072
1960 68 504
1960 53 485
1960 374 182
1960 266 502
1960 310 666
1960 200 745
1960 239 528
1960 302 569
1960 93 410
1960 268 566
1960 372 181
1960 449 197
1960 164 442
1980 87 415
1980 452 891
1980 88 766
1980 367 1047
1980 118 279
1980 264 1177
1980 310 668
1980 352 838
1980 217 623
1980 399 832
1980 411 1020
1980 365 486
1980 285 527
1980 267 1174
1980 368 1036
1980 78 312
1980 368 474
1980 266 504
1980 240 536
1980 359 1023
1980 300 570
1980 83 336
1980 263 566
1980 189 751
1980 177 486
