1800 368 761
1800 317 814
1800 41 907
1800 441 827
1800 287 1143
1800 288 616
1800 308 656
1800 391 805
1800 320 809
1800 239 80
1800 218 630
1800 395 828
1800 444 602
1800 283 531
1800 289 1185
1800 16 389
1800 441 600
1800 444 603
1800 260 500
1800 308 661
1800 239 533
1800 300 571
1800 263 571
1820 410 636
1820 218 1309
1820 289 661
1820 367 840
1820 217 628
1820 420 836
1820 27 730
1820 423 516
1820 281 532
1820 220 1231
1820 26 393
1820 259 500
1820 314 664
1820 410 640
1820 277 851
1820 241 532
1820 299 570
1820 260 569
1820 422 389
1840 401 850
1840 368 301
1840 318 861
1840 276 667
1840 377 863
1840 218 631
1840 401 848
1840 363 496
1840 281 530
1840 277 666
1840 383 852
1840 363 494
1840 420 646
1840 261 501
1840 315 676
1840 360 619
1840 240 533
1840 298 570
1840 258 568
1860 381 708
1860 311 665
1860 353 842
1860 383 697
1860 217 630
1860 394 845
1860 474 523
1860 286 528
1860 342 502
1860 259 503
1860 308 669
1860 365 602
1860 240 533
1860 300 577
1860 263 567
1860 316 185
1880 390 852
1880 303 665
1880 346 860
1880 335 747
1880 217 627
1880 400 817
1880 376 513
1880 285 527
1880 433 503
1880 375 513
1880 469 440
1880 269 498
1880 312 660
1880 239 534
1880 300 566
1880 257 571
1880 432 501
1900 400 834
1900 86 752
1900 234 704
1900 316 675
1900 355 841
1900 217 628
1900 401 835
1900 64 647
1900 382 493
1900 286 527
1900 390 505
1900 347 471
1900 471 820
1900 260 498
1900 311 666
1900 232 722
1900 243 532
1900 302 566
1900 19 381
1900 262 566
1900 446 401
1900 441 385
1920 387 738
1920 427 919
1920 178 609
1920 309 648
1920 161 639
1920 359 841
1920 217 631
1920 404 791
1920 79 680
1920 395 549
1920 284 525
1920 161 634
1920 11 522
1920 316 461
1920 177 614
1920 457 715
1920 265 503
1920 305 674
1920 398 544
1920 242 536
1920 303 570
1920 21 360
1920 264 565
1920 299 447
1920 177 619
1920 395 344
1940 128 521
1940 396 840
1940 386 289
1940 248 461
1940 293 607
1940 353 835
1940 355 737
1940 217 628
1940 396 776
1940 71 593
1940 420 572
1940 285 528
1940 23 591
1940 293 736
1940 304 702
1940 367 860
1940 468 866
1940 263 488
1940 308 669
1940 240 533
1940 299 570
1940 41 395
1940 265 568
1940 375 291
1940 127 523
1960 94 489
1960 185 718
1960 395 834
1960 365 196
1960 408 931
1960 52 263
1960 265 713
1960 301 671
1960 375 865
1960 216 632
1960 379 807
1960 427 961
1960 425 547
1960 283 531
1960 293 1074
1960 447 577
1960 265 502
1960 308 649
1960 435 559
1960 197 736
1960 237 531
1960 301 568
1960 92 410
1960 264 569
1960 369 182
1960 455 160
1960 161 442
1980 88 408
1980 451 888
1980 89 765
1980 356 1032
1980 117 278
1980 259 1278
1980 304 660
1980 351 835
1980 215 619
1980 396 825
1980 407 1022
1980 359 487
1980 283 529
1980 263 1178
1980 283 662
1980 359 1028
1980 78 320
1980 359 486
1980 264 503
1980 320 623
1980 238 537
1980 358 1023
1980 299 570
1980 84 308
1980 260 572
1980 159 715
