1800 367 762
1800 314 816
1800 439 827
1800 286 1145
1800 281 659
1800 308 655
1800 375 789
1800 318 810
1800 217 629
1800 399 825
1800 443 606
1800 283 530
1800 289 1196
1800 16 389
1800 443 604
1800 259 501
1800 308 660
1800 239 534
1800 300 571
1800 261 570
1820 410 639
1820 228 1305
1820 280 667
1820 358 847
1820 217 627
1820 422 844
1820 419 517
1820 283 530
1820 219 1232
1820 27 399
1820 259 501
1820 308 666
1820 410 644
1820 276 852
1820 241 533
1820 299 569
1820 260 568
1820 425 393
1840 420 647
1840 372 306
1840 274 669
1840 376 859
1840 217 629
1840 396 861
1840 363 496
1840 282 530
1840 384 852
1840 363 496
1840 419 656
1840 260 502
1840 309 683
1840 360 622
1840 240 535
1840 298 570
1840 258 566
1840 372 297
1860 380 707
1860 306 666
1860 352 844
1860 217 630
1860 387 855
1860 472 515
1860 286 529
1860 343 501
1860 259 504
1860 306 674
1860 361 694
1860 241 534
1860 299 575
1860 262 566
1860 317 185
1880 374 868
1880 288 661
1880 347 857
1880 334 750
1880 218 625
1880 398 829
1880 454 1090
1880 376 513
1880 284 527
1880 433 508
1880 27 714
1880 372 515
1880 468 445
1880 267 502
1880 310 670
1880 239 535
1880 300 567
1880 257 570
1900 400 833
1900 69 651
1900 227 692
1900 308 665
1900 355 840
1900 216 627
1900 400 845
1900 64 650
1900 381 494
1900 287 527
1900 351 473
1900 467 820
1900 260 499
1900 303 677
1900 235 711
1900 232 720
1900 243 535
1900 300 567
1900 21 380
1900 260 561
1900 442 392
1920 385 737
1920 416 905
1920 178 608
1920 304 667
1920 161 640
1920 360 845
1920 217 631
1920 401 844
1920 78 682
1920 395 552
1920 284 528
1920 313 460
1920 159 636
1920 28 501
1920 320 467
1920 180 621
1920 457 714
1920 265 504
1920 302 674
1920 397 547
1920 242 537
1920 302 571
1920 265 565
1920 315 461
1920 189 620
1920 380 376
1940 127 522
1940 354 738
1940 381 292
1940 284 665
1940 351 839
1940 352 742
1940 217 628
1940 387 812
1940 71 593
1940 420 575
1940 286 527
1940 296 724
1940 295 728
1940 357 865
1940 467 871
1940 261 482
1940 310 677
1940 240 532
1940 299 571
1940 42 391
1940 262 567
1940 376 292
1960 96 409
1960 173 731
1960 395 840
1960 407 940
1960 265 709
1960 301 672
1960 371 859
1960 216 630
1960 385 853
1960 88 643
1960 428 975
1960 425 549
1960 284 530
1960 294 1070
1960 24 403
1960 264 503
1960 305 678
1960 197 741
1960 237 533
1960 301 569
1960 92 406
1960 263 569
1960 369 180
1960 452 201
1960 161 442
1980 93 423
1980 451 889
1980 96 754
1980 358 1034
1980 112 288
1980 259 1227
1980 300 664
1980 351 839
1980 214 619
1980 397 834
1980 405 1028
1980 359 486
1980 283 528
1980 263 1173
1980 249 1146
1980 279 660
1980 358 1031
1980 81 299
1980 360 486
1980 264 505
1980 328 633
1980 238 538
1980 358 1027
1980 299 570
1980 79 314
1980 262 569
1980 148 714
1980 173 489
