1800 368 760
1800 448 849
1800 287 1118
1800 307 660
1800 370 764
1800 316 811
1800 218 632
1800 391 805
1800 282 529
1800 283 1130
1800 444 601
1800 259 500
1800 303 653
1800 469 638
1800 236 529
1800 302 566
1800 256 572
1820 420 847
1820 232 1286
1820 305 664
1820 359 840
1820 217 629
1820 416 837
1820 286 527
1820 276 848
1820 456 642
1820 259 499
1820 412 644
1820 240 531
1820 300 565
1820 255 571
1840 288 653
1840 150 1329
1840 358 862
1840 217 629
1840 417 692
1840 282 526
1840 260 498
1840 302 671
1840 392 658
1840 239 533
1840 300 554
1840 256 566
1860 307 665
1860 357 841
1860 219 632
1860 398 832
1860 287 527
1860 343 498
1860 258 503
1860 379 690
1860 238 532
1860 298 573
1860 257 566
1860 324 189
1880 305 664
1880 342 843
1880 312 735
1880 217 631
1880 384 847
1880 378 504
1880 289 524
1880 375 519
1880 267 493
1880 236 530
1880 299 565
1880 252 568
1880 430 501
1900 307 661
1900 354 833
1900 217 634
1900 391 833
1900 373 489
1900 289 527
1900 352 473
1900 428 445
1900 257 497
1900 241 532
1900 306 574
1900 259 560
1920 391 744
1920 419 911
1920 176 605
1920 306 664
1920 296 438
1920 373 823
1920 216 636
1920 400 768
1920 77 682
1920 29 737
1920 396 541
1920 286 529
1920 16 510
1920 331 476
1920 262 500
1920 236 530
1920 303 573
1920 263 554
1920 295 443
1940 125 518
1940 386 263
1940 389 260
1940 354 778
1940 357 739
1940 217 634
1940 69 589
1940 288 527
1940 467 294
1940 349 830
1940 435 328
1940 250 484
1940 308 681
1940 477 873
1940 235 530
1940 300 567
1940 254 568
1940 374 284
1960 397 852
1960 301 674
1960 429 187
1960 367 833
1960 208 633
1960 427 941
1960 287 528
1960 28 579
1960 264 500
1960 302 566
1960 92 402
1960 263 569
1960 365 178
1960 160 441
1980 305 661
1980 353 833
1980 207 630
1980 395 821
1980 401 1032
1980 363 478
1980 284 527
1980 261 1175
1980 81 401
1980 358 1030
1980 81 289
1980 384 489
1980 243 1151
1980 264 500
1980 233 534
1980 300 567
1980 90 303
1980 254 570
