1800 368 762
1800 446 843
1800 295 1117
1800 301 595
1800 389 803
1800 317 815
1800 219 630
1800 395 824
1800 283 531
1800 284 1128
1800 446 606
1800 261 503
1800 306 655
1800 471 645
1800 239 532
1800 302 570
1800 261 572
1820 410 647
1820 223 1270
1820 309 665
1820 372 838
1820 218 627
1820 416 839
1820 419 518
1820 284 530
1820 219 1245
1820 457 649
1820 260 502
1820 310 669
1820 448 669
1820 279 854
1820 241 533
1820 301 566
1820 259 570
1840 283 666
1840 387 858
1840 41 897
1840 218 631
1840 282 527
1840 261 502
1840 306 676
1840 359 620
1840 241 534
1840 300 571
1840 257 568
1860 367 687
1860 318 653
1860 370 840
1860 219 631
1860 395 841
1860 58 925
1860 287 528
1860 343 502
1860 260 507
1860 303 660
1860 373 560
1860 240 534
1860 299 574
1860 259 565
1860 327 192
1880 303 627
1880 358 837
1880 325 762
1880 219 627
1880 389 859
1880 377 511
1880 290 526
1880 376 515
1880 275 501
1880 308 645
1880 467 438
1880 239 532
1880 301 572
1880 256 568
1880 463 440
1900 396 836
1900 84 748
1900 307 638
1900 355 836
1900 218 632
1900 395 831
1900 84 759
1900 392 496
1900 289 529
1900 349 471
1900 263 506
1900 306 674
1900 235 665
1900 243 535
1900 299 569
1900 262 562
1920 381 732
1920 94 685
1920 421 924
1920 179 608
1920 308 674
1920 373 835
1920 218 634
1920 402 833
1920 79 689
1920 396 543
1920 285 529
1920 405 339
1920 159 645
1920 330 479
1920 267 509
1920 393 547
1920 240 533
1920 304 583
1920 267 556
1920 410 369
1940 127 522
1940 391 272
1940 298 661
1940 428 329
1940 353 816
1940 355 739
1940 218 630
1940 288 529
1940 302 717
1940 292 673
1940 377 854
1940 446 333
1940 475 882
1940 264 488
1940 308 691
1940 477 875
1940 238 532
1940 301 570
1940 258 569
1940 373 285
1960 382 848
1960 406 1007
1960 293 1073
1960 303 672
1960 430 182
1960 371 840
1960 215 630
1960 429 948
1960 424 543
1960 288 529
1960 40 572
1960 42 521
1960 370 175
1960 264 503
1960 297 691
1960 230 476
1960 302 570
1960 93 407
1960 268 565
1960 371 208
1960 163 438
1980 85 415
1980 112 278
1980 277 1312
1980 309 627
1980 352 830
1980 207 636
1980 395 830
1980 401 1033
1980 361 482
1980 284 528
1980 249 1147
1980 363 1046
1980 88 322
1980 263 506
1980 236 535
1980 300 570
1980 78 329
1980 258 570
1980 177 492
