1800 392 805
1800 314 810
1800 442 833
1800 286 1137
1800 308 654
1800 371 766
1800 320 812
1800 218 629
1800 394 817
1800 442 606
1800 285 528
1800 285 1181
1800 17 390
1800 443 602
1800 260 499
1800 308 660
1800 240 533
1800 301 570
1800 261 571
1820 410 637
1820 226 1288
1820 301 659
1820 360 842
1820 217 625
1820 415 840
1820 419 516
1820 284 529
1820 215 1233
1820 260 500
1820 317 663
1820 399 661
1820 242 532
1820 300 569
1820 260 568
1820 432 399
1840 392 655
1840 370 297
1840 277 666
1840 364 850
1840 218 628
1840 401 836
1840 364 496
1840 283 528
1840 392 850
1840 363 497
1840 415 651
1840 261 500
1840 317 671
1840 360 621
1840 241 533
1840 299 571
1840 258 566
1860 374 684
1860 310 666
1860 356 837
1860 57 927
1860 380 685
1860 218 629
1860 391 852
1860 473 510
1860 288 527
1860 341 498
1860 260 503
1860 310 670
1860 367 571
1860 241 532
1860 303 575
1860 264 566
1860 318 184
1880 398 841
1880 293 661
1880 346 858
1880 318 732
1880 218 626
1880 399 821
1880 455 1089
1880 377 514
1880 284 523
1880 435 503
1880 25 701
1880 357 516
1880 268 495
1880 320 667
1880 240 533
1880 301 567
1880 255 570
1880 466 436
1900 400 827
1900 84 748
1900 232 681
1900 306 661
1900 355 831
1900 217 630
1900 399 832
1900 63 646
1900 391 496
1900 287 526
1900 391 495
1900 351 473
1900 470 759
1900 260 497
1900 311 670
1900 237 683
1900 235 701
1900 244 531
1900 301 565
1900 260 563
1900 443 393
1920 386 739
1920 421 919
1920 178 610
1920 304 664
1920 159 643
1920 359 838
1920 218 630
1920 407 800
1920 78 679
1920 396 541
1920 281 523
1920 317 460
1920 158 640
1920 17 509
1920 315 462
1920 456 710
1920 265 502
1920 311 599
1920 396 547
1920 242 534
1920 304 570
1920 266 564
1920 177 613
1920 398 347
1940 128 522
1940 359 731
1940 378 292
1940 360 975
1940 286 654
1940 351 823
1940 356 738
1940 217 627
1940 391 778
1940 70 587
1940 421 572
1940 287 528
1940 305 726
1940 354 850
1940 437 325
1940 468 869
1940 258 481
1940 311 676
1940 240 534
1940 300 569
1940 30 398
1940 261 570
1940 380 290
1940 127 523
1960 92 425
1960 390 836
1960 423 968
1960 94 409
1960 302 667
1960 364 832
1960 216 630
1960 375 798
1960 88 633
1960 429 949
1960 425 546
1960 286 529
1960 66 501
1960 47 463
1960 454 585
1960 265 502
1960 435 561
1960 199 741
1960 238 531
1960 301 569
1960 93 409
1960 264 567
1960 365 198
1960 160 440
1980 89 406
1980 451 889
1980 91 759
1980 356 1034
1980 110 283
1980 277 1168
1980 301 657
1980 352 834
1980 217 607
1980 396 828
1980 401 1032
1980 360 486
1980 284 526
1980 265 1176
1980 357 1029
1980 80 322
1980 360 479
1980 264 502
1980 239 535
1980 358 1027
1980 300 569
1980 79 327
1980 261 568
1980 142 707
1980 151 306
