1800 368 762
1800 315 817
1800 442 827
1800 291 1161
1800 288 615
1800 308 660
1800 394 818
1800 319 809
1800 243 77
1800 218 631
1800 398 826
1800 283 532
1800 292 1201
1800 23 393
1800 445 605
1800 260 501
1800 309 664
1800 239 535
1800 300 571
1800 265 572
1820 408 648
1820 230 1322
1820 284 666
1820 371 849
1820 218 629
1820 421 837
1820 419 523
1820 282 532
1820 275 854
1820 219 1232
1820 27 399
1820 259 500
1820 320 670
1820 410 644
1820 277 854
1820 241 532
1820 300 570
1820 260 569
1820 420 393
1840 404 842
1840 370 295
1840 323 862
1840 276 668
1840 384 862
1840 218 632
1840 404 852
1840 363 496
1840 282 531
1840 385 851
1840 372 503
1840 422 655
1840 261 501
1840 319 676
1840 360 624
1840 241 535
1840 298 572
1840 259 567
1840 377 304
1860 380 716
1860 309 664
1860 352 845
1860 379 692
1860 217 632
1860 390 853
1860 475 524
1860 286 529
1860 346 510
1860 259 504
1860 311 676
1860 368 687
1860 240 534
1860 301 582
1860 263 569
1860 470 517
1860 317 185
1880 381 853
1880 299 662
1880 347 861
1880 334 748
1880 218 630
1880 399 828
1880 463 1075
1880 376 518
1880 287 529
1880 443 505
1880 41 547
1880 375 515
1880 472 439
1880 268 500
1880 325 685
1880 241 537
1880 300 568
1880 257 573
1880 465 439
1900 400 836
1900 89 764
1900 236 718
1900 314 662
1900 360 849
1900 217 631
1900 398 854
1900 64 649
1900 382 494
1900 287 527
1900 400 504
1900 351 475
1900 471 820
1900 260 499
1900 323 675
1900 233 726
1900 242 534
1900 303 568
1900 24 382
1900 263 566
1900 448 407
1900 444 396
1920 393 739
1920 426 921
1920 177 609
1920 309 645
1920 165 640
1920 358 851
1920 217 634
1920 404 818
1920 79 681
1920 396 544
1920 285 528
1920 405 361
1920 160 643
1920 15 504
1920 330 476
1920 182 623
1920 458 714
1920 265 503
1920 308 668
1920 397 546
1920 243 536
1920 305 573
1920 266 569
1920 300 448
1920 184 626
1920 386 371
1940 128 523
1940 400 836
1940 387 293
1940 365 1005
1940 251 479
1940 287 656
1940 354 846
1940 353 740
1940 218 631
1940 400 837
1940 101 590
1940 286 527
1940 25 596
1940 307 681
1940 305 698
1940 373 865
1940 468 872
1940 264 491
1940 309 675
1940 241 533
1940 299 571
1940 44 393
1940 266 567
1940 379 294
1960 94 433
1960 177 760
1960 390 857
1960 409 945
1960 268 715
1960 300 672
1960 374 865
1960 217 633
1960 390 855
1960 430 977
1960 426 551
1960 284 531
1960 295 1070
1960 57 503
1960 460 613
1960 265 502
1960 307 663
1960 435 559
1960 197 736
1960 238 532
1960 301 569
1960 92 409
1960 264 569
1960 370 182
1960 458 156
1960 161 444
1980 87 423
1980 451 890
1980 74 777
1980 362 1036
1980 258 1201
1980 301 659
1980 354 845
1980 215 624
1980 397 838
1980 407 1026
1980 364 488
1980 283 529
1980 263 1177
1980 284 664
1980 361 1032
1980 77 324
1980 360 488
1980 264 503
1980 330 690
1980 239 537
1980 368 1054
1980 298 572
1980 80 314
1980 262 571
1980 150 721
