1800 365 764
1800 37 901
1800 442 836
1800 290 1119
1800 307 663
1800 387 797
1800 316 816
1800 219 635
1800 391 812
1800 36 900
1800 285 532
1800 283 1134
1800 259 501
1800 306 654
1800 468 638
1800 239 535
1800 301 572
1800 261 574
1820 401 640
1820 303 672
1820 354 833
1820 218 632
1820 405 849
1820 456 1084
1820 286 531
1820 223 1262
1820 259 499
1820 409 640
1820 279 853
1820 241 536
1820 301 570
1820 255 580
1820 428 513
1840 280 666
1840 157 1344
1840 350 855
1840 354 827
1840 218 633
1840 392 863
1840 287 526
1840 279 680
1840 260 499
1840 298 661
1840 361 623
1840 240 536
1840 299 573
1840 258 568
1860 361 687
1860 308 677
1860 353 825
1860 219 632
1860 392 848
1860 36 913
1860 369 555
1860 289 529
1860 341 498
1860 259 504
1860 304 661
1860 371 549
1860 241 537
1860 296 577
1860 261 567
1860 317 184
1880 305 667
1880 348 828
1880 311 740
1880 218 635
1880 389 851
1880 376 512
1880 292 526
1880 347 515
1880 270 495
1880 308 648
1880 237 536
1880 299 573
1880 256 572
1880 428 496
1900 393 827
1900 78 762
1900 234 689
1900 308 662
1900 353 828
1900 219 635
1900 393 832
1900 372 486
1900 290 531
1900 342 472
1900 257 499
1900 301 662
1900 471 806
1900 242 535
1900 299 576
1900 264 565
1900 434 386
1920 380 727
1920 410 900
1920 178 606
1920 305 671
1920 296 438
1920 361 817
1920 221 642
1920 391 828
1920 78 688
1920 393 543
1920 290 531
1920 379 371
1920 159 653
1920 313 467
1920 265 502
1920 299 667
1920 396 545
1920 240 537
1920 307 592
1920 267 567
1920 295 444
1920 382 371
1940 126 526
1940 356 734
1940 371 287
1940 356 814
1940 340 770
1940 218 634
1940 70 603
1940 290 526
1940 349 858
1940 12 713
1940 256 468
1940 308 669
1940 474 877
1940 237 536
1940 300 571
1940 261 571
1940 384 268
1940 385 265
1960 387 836
1960 408 224
1960 301 675
1960 365 820
1960 210 635
1960 389 862
1960 431 954
1960 289 530
1960 212 477
1960 405 970
1960 26 593
1960 422 554
1960 264 503
1960 298 662
1960 252 737
1960 224 468
1960 300 573
1960 90 404
1960 267 568
1960 362 176
1960 136 389
1980 446 897
1980 95 760
1980 363 1044
1980 171 493
1980 301 654
1980 350 830
1980 209 634
1980 394 824
1980 406 1032
1980 360 485
1980 288 528
1980 259 1159
1980 248 1150
1980 280 664
1980 358 1026
1980 79 325
1980 263 503
1980 316 604
1980 478 906
1980 234 539
1980 376 1063
1980 298 575
1980 79 329
1980 263 570
1980 156 712
1980 167 505
