1800 368 759
1800 315 810
1800 39 867
1800 441 825
1800 289 1151
1800 309 654
1800 390 807
1800 318 810
1800 240 81
1800 218 628
1800 394 816
1800 283 528
1800 287 1164
1800 443 602
1800 259 499
1800 307 658
1800 238 534
1800 301 569
1800 261 571
1820 408 636
1820 227 1287
1820 297 665
1820 367 838
1820 218 627
1820 417 838
1820 419 515
1820 283 528
1820 214 1236
1820 19 401
1820 457 655
1820 259 500
1820 315 663
1820 409 639
1820 281 850
1820 240 533
1820 299 567
1820 259 569
1820 431 396
1840 404 674
1840 279 662
1840 376 852
1840 361 827
1840 218 629
1840 403 839
1840 413 645
1840 280 527
1840 377 848
1840 384 850
1840 364 497
1840 426 652
1840 260 499
1840 315 675
1840 359 619
1840 240 534
1840 297 562
1840 259 566
1840 373 303
1860 379 689
1860 309 665
1860 353 839
1860 60 925
1860 370 686
1860 218 628
1860 391 849
1860 286 528
1860 342 499
1860 259 502
1860 312 666
1860 366 572
1860 239 533
1860 300 571
1860 262 564
1860 317 183
1880 384 852
1880 296 662
1880 347 845
1880 325 747
1880 218 626
1880 397 825
1880 65 526
1880 459 1074
1880 378 508
1880 282 519
1880 433 504
1880 376 511
1880 469 432
1880 266 494
1880 318 682
1880 238 534
1880 300 567
1880 254 571
1880 463 436
1900 399 827
1900 87 753
1900 231 686
1900 308 663
1900 240 682
1900 354 835
1900 217 629
1900 398 827
1900 63 647
1900 383 493
1900 287 527
1900 350 472
1900 465 820
1900 258 497
1900 318 670
1900 237 695
1900 236 708
1900 242 532
1900 300 565
1900 261 562
1900 447 393
1900 441 385
1920 387 737
1920 107 677
1920 416 899
1920 177 609
1920 303 666
1920 363 833
1920 217 629
1920 405 811
1920 78 680
1920 395 542
1920 282 524
1920 158 640
1920 15 502
1920 328 472
1920 455 711
1920 264 502
1920 307 668
1920 396 545
1920 241 535
1920 304 570
1920 263 559
1920 296 437
1920 189 621
1920 395 346
1940 127 521
1940 359 728
1940 390 269
1940 364 977
1940 290 658
1940 349 829
1940 350 737
1940 217 625
1940 380 802
1940 102 585
1940 418 574
1940 286 528
1940 71 586
1940 293 723
1940 377 856
1940 27 388
1940 468 875
1940 258 473
1940 309 680
1940 239 532
1940 299 569
1940 41 278
1940 262 567
1940 375 291
1960 93 408
1960 389 839
1960 370 178
1960 90 667
1960 409 972
1960 93 408
1960 301 671
1960 409 225
1960 370 852
1960 215 631
1960 382 836
1960 429 963
1960 425 544
1960 285 530
1960 292 1071
1960 37 468
1960 344 206
1960 461 601
1960 264 501
1960 309 609
1960 435 556
1960 229 509
1960 301 567
1960 92 405
1960 265 567
1960 372 177
1960 445 186
1960 161 439
1980 96 423
1980 451 887
1980 361 1038
1980 108 273
1980 254 1160
1980 299 659
1980 350 835
1980 215 614
1980 395 826
1980 401 1021
1980 359 488
1980 283 528
1980 266 1175
1980 79 415
1980 358 1028
1980 83 296
1980 359 481
1980 264 502
1980 237 536
1980 299 567
1980 91 302
1980 259 567
1980 152 714
1980 175 488
