1800 367 762
1800 290 1179
1800 290 1194
1800 308 655
1800 368 766
1800 314 816
1800 217 629
1800 389 805
1800 282 532
1800 285 1145
1800 442 606
1800 259 500
1800 305 658
1800 237 533
1800 300 572
1800 259 573
1820 228 1291
1820 304 666
1820 355 839
1820 217 627
1820 381 839
1820 415 520
1820 280 531
1820 216 1249
1820 258 501
1820 307 670
1820 409 643
1820 275 848
1820 239 533
1820 299 569
1820 258 570
1840 279 663
1840 354 900
1840 218 631
1840 390 850
1840 363 499
1840 280 530
1840 379 854
1840 362 500
1840 425 651
1840 259 502
1840 308 677
1840 359 618
1840 240 535
1840 298 570
1840 257 568
1840 371 297
1860 376 692
1860 309 667
1860 349 841
1860 59 916
1860 218 631
1860 389 851
1860 470 511
1860 285 530
1860 339 502
1860 258 505
1860 306 668
1860 360 576
1860 238 535
1860 298 582
1860 262 566
1860 315 183
1880 391 854
1880 303 662
1880 339 849
1880 317 749
1880 218 630
1880 395 830
1880 375 517
1880 282 527
1880 346 511
1880 265 496
1880 309 666
1880 238 535
1880 299 568
1880 253 575
1880 433 511
1900 395 832
1900 88 763
1900 225 695
1900 307 666
1900 352 834
1900 218 634
1900 396 835
1900 63 648
1900 377 499
1900 287 528
1900 429 449
1900 343 474
1900 462 825
1900 257 499
1900 306 675
1900 241 535
1900 298 569
1900 261 566
1900 443 397
1920 393 744
1920 420 909
1920 177 610
1920 301 664
1920 155 640
1920 351 827
1920 217 629
1920 401 810
1920 78 683
1920 395 545
1920 279 525
1920 156 647
1920 312 463
1920 453 743
1920 264 504
1920 298 679
1920 395 549
1920 240 536
1920 303 577
1920 263 565
1920 294 440
1920 382 369
1940 126 521
1940 383 266
1940 289 666
1940 347 828
1940 353 739
1940 218 630
1940 71 588
1940 285 528
1940 294 731
1940 344 858
1940 252 479
1940 303 682
1940 238 533
1940 298 571
1940 258 569
1940 371 293
1940 138 502
1960 375 833
1960 93 408
1960 300 672
1960 359 831
1960 211 635
1960 369 818
1960 428 950
1960 424 549
1960 285 530
1960 435 192
1960 263 504
1960 297 677
1960 431 558
1960 224 474
1960 300 570
1960 91 409
1960 265 567
1960 364 177
1960 146 436
1980 104 430
1980 394 822
1980 361 1044
1980 107 276
1980 245 1151
1980 299 659
1980 350 835
1980 211 620
1980 394 823
1980 400 1032
1980 359 489
1980 283 529
1980 253 1172
1980 98 459
1980 355 1029
1980 80 304
1980 359 488
1980 263 503
1980 237 537
1980 298 571
1980 92 316
1980 255 574
1980 138 710
1980 175 499
