1800 367 760
1800 314 814
1800 441 831
1800 285 1133
1800 309 654
1800 385 802
1800 318 810
1800 217 628
1800 396 822
1800 284 530
1800 291 1183
1800 444 598
1800 260 500
1800 308 660
1800 239 535
1800 300 571
1800 260 571
1820 410 638
1820 223 1296
1820 281 667
1820 366 846
1820 218 627
1820 420 842
1820 419 515
1820 283 529
1820 243 1320
1820 217 1236
1820 468 735
1820 259 500
1820 310 665
1820 408 641
1820 274 849
1820 241 533
1820 300 571
1820 260 567
1820 427 391
1840 415 690
1840 275 666
1840 369 867
1840 218 630
1840 404 846
1840 362 495
1840 282 530
1840 383 851
1840 370 497
1840 417 648
1840 261 500
1840 311 667
1840 358 620
1840 240 535
1840 298 572
1840 258 565
1860 381 705
1860 309 664
1860 354 839
1860 59 913
1860 383 692
1860 217 629
1860 389 853
1860 473 511
1860 287 528
1860 341 496
1860 259 503
1860 309 665
1860 364 592
1860 240 534
1860 298 575
1860 261 565
1860 318 184
1880 371 855
1880 289 662
1880 345 859
1880 332 749
1880 218 628
1880 400 818
1880 376 514
1880 284 526
1880 433 502
1880 17 625
1880 376 512
1880 470 436
1880 267 498
1880 312 659
1880 239 535
1880 300 568
1880 255 571
1880 432 502
1900 399 830
1900 85 755
1900 231 680
1900 304 660
1900 353 837
1900 50 850
1900 217 630
1900 399 842
1900 64 648
1900 382 493
1900 287 527
1900 426 450
1900 353 472
1900 466 818
1900 260 497
1900 315 654
1900 234 700
1900 233 710
1900 242 536
1900 300 567
1900 26 388
1900 260 559
1900 442 389
1920 385 735
1920 105 677
1920 423 921
1920 175 604
1920 302 665
1920 159 640
1920 354 846
1920 217 630
1920 403 821
1920 78 681
1920 396 543
1920 279 524
1920 327 470
1920 158 641
1920 13 503
1920 331 477
1920 219 629
1920 457 712
1920 264 504
1920 304 655
1920 396 545
1920 242 535
1920 301 569
1920 265 565
1920 381 377
1920 176 618
1920 381 371
1940 128 520
1940 391 841
1940 386 288
1940 365 992
1940 287 623
1940 352 845
1940 354 739
1940 217 627
1940 396 833
1940 101 584
1940 286 526
1940 21 590
1940 293 729
1940 307 726
1940 348 859
1940 468 868
1940 258 474
1940 310 668
1940 239 534
1940 299 571
1940 41 413
1940 262 567
1940 376 290
1960 93 409
1960 177 751
1960 403 823
1960 366 186
1960 413 961
1960 94 409
1960 301 672
1960 370 860
1960 215 631
1960 388 852
1960 429 952
1960 425 545
1960 285 530
1960 292 1076
1960 66 504
1960 64 423
1960 369 179
1960 449 579
1960 264 502
1960 312 636
1960 200 744
1960 236 533
1960 300 570
1960 92 410
1960 263 569
1960 367 179
1960 465 142
1960 162 441
1980 87 409
1980 450 887
1980 93 764
1980 356 1034
1980 112 288
1980 275 1226
1980 299 660
1980 350 838
1980 216 619
1980 397 832
1980 401 1029
1980 358 487
1980 283 528
1980 251 1153
1980 357 1027
1980 75 314
1980 359 485
1980 478 905
1980 264 505
1980 326 631
1980 237 537
1980 356 1023
1980 299 570
1980 91 328
1980 261 568
1980 153 715
