1800 381 790
1800 442 832
1800 309 658
1800 371 764
1800 317 809
1800 234 89
1800 219 631
1800 393 815
1800 283 531
1800 284 1120
1800 443 603
1800 262 501
1800 308 657
1800 470 646
1800 239 531
1800 301 570
1800 265 571
1820 411 642
1820 227 1287
1820 308 664
1820 359 838
1820 218 627
1820 415 836
1820 421 521
1820 283 531
1820 217 1231
1820 260 500
1820 316 672
1820 410 644
1820 279 850
1820 241 533
1820 301 568
1820 259 571
1840 403 659
1840 288 648
1840 367 846
1840 340 864
1840 218 629
1840 401 852
1840 283 530
1840 398 827
1840 370 517
1840 261 501
1840 312 681
1840 360 619
1840 241 533
1840 299 571
1840 260 567
1860 371 687
1860 309 667
1860 356 831
1860 355 824
1860 220 634
1860 394 842
1860 286 531
1860 341 495
1860 260 504
1860 309 664
1860 367 565
1860 240 532
1860 298 576
1860 264 564
1860 318 188
1880 400 841
1880 305 663
1880 348 833
1880 331 745
1880 220 630
1880 376 812
1880 378 510
1880 286 524
1880 377 513
1880 271 498
1880 470 434
1880 239 532
1880 301 571
1880 256 571
1900 398 828
1900 310 666
1900 354 826
1900 219 634
1900 398 825
1900 67 652
1900 391 495
1900 287 531
1900 391 495
1900 346 474
1900 469 831
1900 261 500
1900 236 693
1900 243 530
1900 306 578
1900 265 566
1900 436 386
1900 448 400
1920 393 743
1920 421 907
1920 181 607
1920 303 662
1920 359 827
1920 218 637
1920 401 810
1920 80 689
1920 284 529
1920 386 372
1920 158 645
1920 14 512
1920 331 475
1920 452 717
1920 266 503
1920 302 689
1920 395 549
1920 243 534
1920 309 592
1920 266 560
1920 315 461
1920 191 620
1920 401 337
1940 128 522
1940 387 268
1940 299 657
1940 382 267
1940 351 816
1940 356 736
1940 219 632
1940 394 846
1940 102 582
1940 287 528
1940 298 714
1940 355 849
1940 439 330
1940 264 473
1940 315 674
1940 240 530
1940 301 569
1940 263 570
1940 375 292
1960 394 864
1960 403 937
1960 303 671
1960 366 847
1960 344 838
1960 218 630
1960 388 856
1960 428 941
1960 426 547
1960 286 530
1960 216 475
1960 264 504
1960 228 492
1960 301 571
1960 93 409
1960 268 567
1960 367 200
1960 162 437
1980 98 420
1980 450 887
1980 362 1037
1980 113 292
1980 264 1167
1980 301 655
1980 351 834
1980 218 627
1980 395 827
1980 400 1033
1980 366 477
1980 285 529
1980 251 1151
1980 356 1027
1980 78 307
1980 361 482
1980 264 506
1980 238 534
1980 300 574
1980 96 317
1980 260 574
1980 151 713
1980 178 488
