1800 367 763
1800 444 836
1800 289 1117
1800 306 652
1800 385 797
1800 316 811
1800 219 629
1800 387 801
1800 282 533
1800 283 1130
1800 443 606
1800 259 501
1800 303 652
1800 471 649
1800 238 530
1800 301 569
1800 259 572
1800 265 68
1820 404 651
1820 226 1270
1820 303 661
1820 364 841
1820 218 628
1820 416 835
1820 415 523
1820 283 532
1820 274 850
1820 456 648
1820 259 501
1820 307 665
1820 409 645
1820 280 853
1820 240 532
1820 300 569
1820 258 569
1820 423 526
1820 420 383
1840 283 645
1840 377 856
1840 217 626
1840 395 851
1840 282 529
1840 362 502
1840 259 501
1840 306 680
1840 360 621
1840 240 533
1840 300 569
1840 257 565
1840 373 299
1860 366 683
1860 299 639
1860 358 829
1860 219 629
1860 394 843
1860 286 531
1860 340 500
1860 258 505
1860 303 671
1860 352 704
1860 239 534
1860 299 575
1860 262 563
1860 323 188
1880 384 862
1880 298 656
1880 344 845
1880 320 756
1880 218 627
1880 391 832
1880 376 513
1880 284 523
1880 63 531
1880 369 519
1880 266 495
1880 314 650
1880 238 532
1880 300 570
1880 256 563
1880 431 518
1900 392 830
1900 309 662
1900 353 829
1900 218 630
1900 394 831
1900 66 653
1900 391 495
1900 288 529
1900 347 470
1900 466 831
1900 257 498
1900 306 671
1900 464 817
1900 240 531
1900 303 571
1900 260 561
1900 440 390
1900 433 409
1920 383 735
1920 417 907
1920 179 606
1920 303 661
1920 295 436
1920 365 835
1920 218 632
1920 399 769
1920 79 688
1920 395 545
1920 281 528
1920 313 460
1920 158 645
1920 17 508
1920 316 460
1920 264 505
1920 310 636
1920 394 552
1920 238 530
1920 303 572
1920 265 557
1920 295 440
1920 379 367
1940 126 520
1940 357 736
1940 390 269
1940 292 643
1940 388 265
1940 352 832
1940 345 758
1940 218 630
1940 394 781
1940 286 529
1940 304 664
1940 300 728
1940 351 856
1940 27 389
1940 254 479
1940 310 679
1940 472 883
1940 236 531
1940 300 569
1940 257 565
1940 369 290
1960 363 828
1960 404 222
1960 300 674
1960 418 224
1960 365 833
1960 216 626
1960 382 831
1960 429 950
1960 424 546
1960 286 530
1960 263 503
1960 300 676
1960 436 559
1960 229 468
1960 300 571
1960 91 402
1960 266 566
1960 367 178
1960 155 446
1980 359 1038
1980 112 272
1980 296 635
1980 351 834
1980 208 634
1980 395 822
1980 400 1032
1980 362 485
1980 283 529
1980 250 1148
1980 280 658
1980 357 1029
1980 81 315
1980 360 493
1980 262 505
1980 235 534
1980 299 571
1980 87 319
1980 255 571
1980 154 714
1980 172 491
