1800 368 761
1800 314 813
1800 440 826
1800 291 1149
1800 283 636
1800 309 654
1800 393 813
1800 319 808
1800 239 80
1800 217 628
1800 394 826
1800 444 601
1800 283 529
1800 291 1184
1800 19 393
1800 445 596
1800 442 604
1800 259 500
1800 308 661
1800 238 533
1800 300 571
1800 259 571
1820 407 646
1820 225 1304
1820 301 659
1820 367 845
1820 217 627
1820 413 852
1820 420 515
1820 281 530
1820 220 1231
1820 19 402
1820 460 842
1820 259 499
1820 317 665
1820 405 651
1820 277 849
1820 240 533
1820 299 569
1820 260 568
1820 427 392
1840 403 841
1840 314 863
1840 276 663
1840 377 859
1840 218 629
1840 394 861
1840 363 495
1840 281 529
1840 383 850
1840 362 494
1840 417 647
1840 260 499
1840 315 679
1840 359 619
1840 241 534
1840 298 570
1840 258 568
1840 368 291
1860 379 710
1860 310 662
1860 353 842
1860 379 697
1860 217 628
1860 390 850
1860 471 513
1860 286 528
1860 343 503
1860 259 501
1860 307 671
1860 365 633
1860 240 533
1860 301 578
1860 263 567
1860 318 185
1880 402 836
1880 300 663
1880 347 855
1880 335 746
1880 218 626
1880 400 828
1880 455 1088
1880 376 512
1880 283 526
1880 433 505
1880 371 515
1880 267 500
1880 311 668
1880 239 535
1880 300 567
1880 256 572
1880 433 501
1900 401 837
1900 85 756
1900 235 699
1900 309 664
1900 358 845
1900 217 629
1900 400 843
1900 64 649
1900 381 493
1900 286 526
1900 389 494
1900 348 474
1900 472 818
1900 260 498
1900 314 667
1900 232 722
1900 242 532
1900 301 565
1900 24 385
1900 261 564
1900 444 402
1900 441 389
1920 389 736
1920 423 921
1920 177 603
1920 303 664
1920 161 640
1920 354 846
1920 217 629
1920 405 813
1920 78 679
1920 393 559
1920 281 523
1920 160 640
1920 27 499
1920 314 461
1920 182 620
1920 457 714
1920 264 502
1920 304 669
1920 396 545
1920 240 533
1920 303 572
1920 264 566
1920 299 447
1920 180 623
1920 380 376
1940 127 522
1940 397 839
1940 380 291
1940 250 463
1940 286 633
1940 354 836
1940 351 740
1940 217 627
1940 400 836
1940 73 596
1940 416 575
1940 285 526
1940 21 598
1940 294 731
1940 306 696
1940 358 860
1940 467 868
1940 264 486
1940 309 668
1940 240 532
1940 299 571
1940 42 394
1940 263 566
1940 376 289
1940 127 522
1960 96 415
1960 174 739
1960 392 851
1960 409 933
1960 93 408
1960 264 711
1960 299 671
1960 373 862
1960 216 631
1960 386 846
1960 426 981
1960 424 546
1960 283 531
1960 294 1070
1960 64 488
1960 449 582
1960 264 501
1960 303 668
1960 435 557
1960 195 740
1960 235 532
1960 301 568
1960 92 408
1960 263 569
1960 368 180
1960 451 199
1960 161 441
1980 85 407
1980 451 888
1980 91 758
1980 358 1030
1980 111 285
1980 256 1249
1980 298 657
1980 352 838
1980 216 621
1980 395 829
1980 407 1016
1980 359 485
1980 282 528
1980 263 1170
1980 357 1024
1980 80 324
1980 359 486
1980 473 929
1980 263 502
1980 327 635
1980 238 537
1980 299 569
1980 80 324
1980 261 569
1980 156 715
