1800 387 802
1800 448 852
1800 290 1197
1800 308 658
1800 369 776
1800 317 811
1800 218 631
1800 393 817
1800 283 532
1800 284 1151
1800 445 606
1800 260 501
1800 307 662
1800 238 533
1800 300 574
1800 262 572
1820 409 638
1820 218 1270
1820 307 666
1820 358 842
1820 218 628
1820 420 841
1820 417 523
1820 281 533
1820 259 501
1820 308 667
1820 410 642
1820 278 850
1820 241 532
1820 300 571
1820 259 568
1820 434 397
1840 408 680
1840 279 661
1840 365 893
1840 364 834
1840 217 630
1840 405 845
1840 362 496
1840 283 530
1840 390 854
1840 362 497
1840 260 502
1840 311 677
1840 359 621
1840 241 534
1840 298 572
1840 258 567
1840 376 304
1860 375 689
1860 309 667
1860 347 844
1860 59 921
1860 385 716
1860 218 630
1860 389 855
1860 471 515
1860 287 530
1860 341 499
1860 259 504
1860 309 668
1860 361 647
1860 239 534
1860 300 579
1860 262 565
1860 320 185
1880 304 668
1880 344 857
1880 330 756
1880 218 630
1880 397 824
1880 376 513
1880 284 522
1880 25 731
1880 362 522
1880 268 499
1880 310 668
1880 239 534
1880 300 569
1880 255 567
1880 431 503
1900 398 831
1900 82 744
1900 227 688
1900 307 666
1900 353 833
1900 218 634
1900 398 829
1900 60 648
1900 384 496
1900 287 529
1900 375 494
1900 348 474
1900 468 821
1900 258 498
1900 305 678
1900 236 703
1900 234 711
1900 242 532
1900 301 569
1900 262 564
1900 449 401
1900 448 399
1920 382 739
1920 423 923
1920 178 609
1920 296 672
1920 156 643
1920 355 839
1920 218 631
1920 401 823
1920 77 684
1920 396 542
1920 283 528
1920 156 646
1920 17 523
1920 330 476
1920 455 738
1920 265 504
1920 297 679
1920 396 547
1920 240 533
1920 303 576
1920 264 562
1920 316 459
1920 179 623
1920 380 375
1940 127 521
1940 355 738
1940 389 270
1940 295 663
1940 347 834
1940 351 741
1940 218 631
1940 399 837
1940 72 588
1940 286 528
1940 297 690
1940 295 743
1940 354 858
1940 472 889
1940 253 489
1940 307 682
1940 239 530
1940 298 572
1940 45 421
1940 260 568
1940 375 287
1940 126 523
1960 92 406
1960 383 856
1960 369 178
1960 406 1010
1960 93 409
1960 302 672
1960 366 863
1960 215 633
1960 388 854
1960 431 962
1960 424 546
1960 285 530
1960 290 1075
1960 62 507
1960 455 588
1960 264 502
1960 298 681
1960 428 555
1960 237 530
1960 322 1078
1960 300 572
1960 92 404
1960 267 566
1960 367 178
1960 135 399
1980 97 429
1980 451 888
1980 364 1042
1980 108 271
1980 298 663
1980 350 834
1980 214 626
1980 395 830
1980 403 1026
1980 359 487
1980 283 528
1980 254 1162
1980 93 480
1980 357 1028
1980 80 302
1980 359 486
1980 264 504
1980 238 534
1980 298 573
1980 93 326
1980 259 567
1980 140 711
