1800 305 834
1800 405 875
1800 282 1128
1800 237 61
1800 234 65
1800 216 634
1800 376 791
1800 285 1112
1800 275 530
1800 420 821
1800 11 645
1800 246 528
1800 306 615
1800 471 651
1800 235 532
1800 302 569
1800 258 574
1820 399 673
1820 215 628
1820 400 864
1820 277 526
1820 7 624
1820 255 499
1820 342 685
1820 441 652
1820 244 540
1820 295 551
1820 256 578
1840 214 631
1840 399 856
1840 357 505
1840 274 525
1840 11 641
1840 249 526
1840 297 646
1840 355 627
1840 241 537
1840 298 555
1840 257 577
1860 353 721
1860 215 628
1860 380 868
1860 272 520
1860 11 640
1860 251 508
1860 362 714
1860 243 539
1860 303 577
1860 256 577
1880 216 627
1880 379 847
1880 362 535
1880 274 492
1880 12 653
1880 234 530
1880 63 521
1880 303 575
1880 254 578
1900 456 811
1900 78 747
1900 216 644
1900 390 848
1900 357 501
1900 283 530
1900 11 649
1900 249 512
1900 335 590
1900 238 524
1900 300 563
1900 257 573
1900 431 387
1920 365 800
1920 381 763
1920 73 684
1920 421 928
1920 289 451
1920 363 845
1920 220 650
1920 385 877
1920 282 529
1920 420 919
1920 18 499
1920 257 503
1920 394 545
1920 233 538
1920 116 697
1920 264 577
1920 288 448
1920 395 343
1940 348 747
1940 385 977
1940 374 266
1940 215 631
1940 445 880
1940 281 526
1940 345 830
1940 8 613
1940 248 486
1940 309 664
1940 476 891
1940 232 543
1940 299 572
1940 257 585
1960 353 866
1960 205 654
1960 428 971
1960 279 532
1960 253 530
1960 209 478
1960 301 571
1960 254 574
1980 390 1053
1980 278 1171
1980 160 518
1980 382 868
1980 348 496
1980 276 521
1980 371 1113
1980 261 510
1980 230 547
1980 151 730
1980 300 570
1980 255 577
1980 109 297
