1800 368 761
1800 313 819
1800 440 820
1800 284 1136
1800 276 650
1800 308 661
1800 396 820
1800 318 810
1800 240 77
1800 218 631
1800 398 824
1800 445 603
1800 282 532
1800 289 1160
1800 275 672
1800 443 603
1800 259 501
1800 309 665
1800 239 535
1800 300 573
1800 262 571
1820 408 658
1820 423 851
1820 188 1324
1820 291 672
1820 369 846
1820 218 629
1820 420 838
1820 422 516
1820 282 531
1820 274 673
1820 217 1232
1820 12 420
1820 471 829
1820 259 501
1820 315 671
1820 409 641
1820 278 851
1820 241 534
1820 300 572
1820 260 567
1820 425 393
1840 318 861
1840 275 668
1840 377 875
1840 219 631
1840 404 847
1840 363 496
1840 281 532
1840 277 667
1840 387 855
1840 418 650
1840 261 501
1840 313 676
1840 359 619
1840 241 536
1840 298 573
1840 258 567
1840 369 297
1860 380 710
1860 309 665
1860 354 842
1860 379 702
1860 218 631
1860 393 850
1860 474 521
1860 286 529
1860 345 506
1860 259 506
1860 311 669
1860 368 611
1860 240 534
1860 300 579
1860 263 567
1860 317 184
1880 401 846
1880 299 664
1880 348 858
1880 334 747
1880 218 627
1880 399 830
1880 463 1070
1880 376 513
1880 284 528
1880 433 512
1880 376 513
1880 473 439
1880 268 501
1880 310 669
1880 241 536
1880 300 569
1880 257 572
1880 466 441
1900 404 831
1900 64 641
1900 235 709
1900 309 666
1900 239 712
1900 356 841
1900 218 631
1900 397 851
1900 64 649
1900 384 493
1900 286 528
1900 432 454
1900 352 475
1900 471 819
1900 260 498
1900 235 690
1900 312 668
1900 236 721
1900 233 723
1900 242 534
1900 301 568
1900 262 564
1900 447 401
1900 443 392
1920 387 737
1920 429 918
1920 178 609
1920 305 667
1920 169 631
1920 360 845
1920 217 631
1920 404 819
1920 78 682
1920 395 545
1920 283 526
1920 160 640
1920 18 504
1920 330 474
1920 211 624
1920 458 712
1920 265 504
1920 303 670
1920 396 546
1920 242 536
1920 304 577
1920 265 567
1920 298 445
1920 199 620
1920 397 348
1940 128 522
1940 355 737
1940 388 290
1940 250 475
1940 286 653
1940 353 839
1940 352 740
1940 218 629
1940 396 841
1940 102 587
1940 421 575
1940 286 527
1940 26 587
1940 305 694
1940 305 694
1940 365 861
1940 470 862
1940 257 482
1940 309 672
1940 240 533
1940 299 571
1940 53 395
1940 264 566
1940 375 292
1940 125 518
1960 102 474
1960 177 751
1960 390 856
1960 409 944
1960 276 700
1960 301 673
1960 374 865
1960 219 630
1960 388 851
1960 428 980
1960 432 557
1960 284 531
1960 295 1067
1960 54 458
1960 462 606
1960 265 502
1960 308 658
1960 256 723
1960 440 565
1960 198 735
1960 237 533
1960 301 570
1960 91 407
1960 264 568
1960 367 180
1960 460 179
1960 162 442
1980 91 429
1980 451 889
1980 119 797
1980 352 1022
1980 114 297
1980 282 610
1980 257 1177
1980 300 661
1980 351 838
1980 215 626
1980 397 836
1980 408 1015
1980 359 488
1980 283 529
1980 263 1171
1980 283 660
1980 279 662
1980 357 1026
1980 77 309
1980 363 477
1980 263 508
1980 239 538
1980 355 1023
1980 298 572
1980 85 328
1980 261 570
1980 164 716
