1800 442 846
1800 369 766
1800 220 631
1800 387 807
1800 286 531
1800 315 672
1800 468 645
1800 239 528
1800 302 573
1800 272 570
1820 351 837
1820 219 624
1820 407 839
1820 287 531
1820 260 500
1820 327 682
1820 444 691
1820 249 526
1820 303 575
1820 268 570
1840 408 652
1840 276 675
1840 350 849
1840 219 630
1840 415 645
1840 287 528
1840 258 502
1840 308 670
1840 366 631
1840 244 536
1840 303 575
1840 268 566
1860 358 702
1860 292 655
1860 359 841
1860 373 707
1860 220 631
1860 394 845
1860 289 528
1860 338 504
1860 258 504
1860 315 670
1860 368 556
1860 243 535
1860 317 594
1860 270 568
1880 338 893
1880 220 629
1880 295 529
1880 346 520
1880 268 496
1880 316 663
1880 468 442
1880 234 531
1880 306 580
1880 263 571
1900 456 841
1900 303 663
1900 341 862
1900 221 639
1900 398 829
1900 368 484
1900 292 532
1900 341 493
1900 258 499
1900 326 624
1900 241 532
1900 315 584
1900 276 553
1900 436 387
1920 410 863
1920 180 604
1920 304 661
1920 305 435
1920 364 836
1920 221 640
1920 394 755
1920 294 533
1920 420 372
1920 424 929
1920 20 515
1920 331 477
1920 263 505
1920 317 674
1920 234 537
1920 157 640
1920 277 544
1920 312 460
1940 351 741
1940 279 673
1940 387 266
1940 347 825
1940 219 631
1940 445 862
1940 293 529
1940 356 871
1940 262 473
1940 316 673
1940 234 531
1940 303 577
1940 269 560
1940 460 303
1960 373 202
1960 393 1005
1960 352 217
1960 362 869
1960 217 631
1960 291 529
1960 444 171
1960 228 477
1960 403 1018
1960 262 505
1960 314 663
1960 231 481
1960 302 575
1960 91 405
1960 276 565
1980 394 855
1980 346 839
1980 215 632
1980 390 837
1980 353 488
1980 289 527
1980 356 1075
1980 82 324
1980 266 507
1980 231 539
1980 302 578
1980 88 306
1980 271 568
1980 159 712
