1800 368 760
1800 315 810
1800 441 831
1800 287 1153
1800 309 655
1800 373 785
1800 319 809
1800 240 78
1800 217 626
1800 400 824
1800 458 630
1800 284 529
1800 445 598
1800 444 602
1800 260 499
1800 309 662
1800 238 532
1800 301 570
1800 267 571
1820 406 641
1820 423 859
1820 224 1302
1820 300 661
1820 362 843
1820 218 625
1820 418 840
1820 418 517
1820 283 529
1820 218 1231
1820 454 673
1820 259 499
1820 315 673
1820 407 638
1820 276 851
1820 241 532
1820 300 569
1820 263 567
1820 424 391
1840 395 863
1840 371 300
1840 315 860
1840 276 665
1840 372 874
1840 217 627
1840 403 850
1840 363 495
1840 282 529
1840 278 665
1840 379 852
1840 363 497
1840 421 651
1840 261 499
1840 318 678
1840 359 622
1840 241 534
1840 299 570
1840 260 565
1840 372 296
1860 380 693
1860 308 663
1860 352 847
1860 217 628
1860 390 853
1860 474 522
1860 287 528
1860 341 496
1860 259 502
1860 310 676
1860 363 581
1860 240 532
1860 300 577
1860 265 566
1860 319 183
1880 369 852
1880 293 662
1880 348 854
1880 332 748
1880 218 623
1880 399 827
1880 459 1078
1880 376 511
1880 285 526
1880 433 505
1880 20 601
1880 375 511
1880 469 439
1880 269 497
1880 323 686
1880 239 533
1880 300 567
1880 260 568
1880 463 439
1900 398 834
1900 88 751
1900 233 697
1900 305 660
1900 355 841
1900 216 628
1900 399 847
1900 65 651
1900 383 494
1900 287 527
1900 415 520
1900 354 474
1900 466 817
1900 260 497
1900 319 682
1900 236 701
1900 233 717
1900 243 531
1900 301 566
1900 261 562
1900 451 411
1900 441 393
1920 386 737
1920 423 925
1920 179 610
1920 301 666
1920 161 641
1920 355 851
1920 217 627
1920 402 820
1920 78 680
1920 472 1077
1920 396 543
1920 282 524
1920 159 642
1920 11 510
1920 331 477
1920 209 628
1920 457 711
1920 264 502
1920 304 672
1920 397 546
1920 241 532
1920 304 569
1920 268 567
1920 297 438
1920 192 619
1920 380 374
1940 129 524
1940 358 730
1940 371 291
1940 240 434
1940 288 657
1940 351 846
1940 353 737
1940 217 625
1940 398 839
1940 74 596
1940 420 574
1940 286 527
1940 293 740
1940 294 737
1940 354 852
1940 468 869
1940 260 479
1940 312 680
1940 241 532
1940 299 571
1940 41 415
1940 266 566
1940 375 290
1960 392 848
1960 400 989
1960 300 670
1960 368 861
1960 216 629
1960 389 851
1960 87 688
1960 427 975
1960 436 559
1960 285 529
1960 294 1075
1960 269 689
1960 75 501
1960 49 512
1960 370 183
1960 448 578
1960 265 500
1960 311 659
1960 198 743
1960 236 531
1960 301 567
1960 93 411
1960 265 566
1960 369 180
1960 456 163
1960 162 442
1980 88 410
1980 451 889
1980 96 758
1980 359 1035
1980 264 1241
1980 300 659
1980 351 839
1980 214 614
1980 397 832
1980 404 1017
1980 361 489
1980 283 527
1980 261 1173
1980 358 1028
1980 75 327
1980 359 484
1980 264 504
1980 331 651
1980 238 535
1980 299 568
1980 92 311
1980 262 566
1980 142 708
1980 175 490
