1800 368 760
1800 315 812
1800 442 829
1800 288 1140
1800 308 655
1800 376 788
1800 319 808
1800 240 74
1800 217 627
1800 398 823
1800 449 601
1800 283 530
1800 287 1187
1800 16 388
1800 445 597
1800 260 500
1800 308 660
1800 238 533
1800 300 571
1800 260 571
1820 407 640
1820 425 850
1820 231 1318
1820 289 661
1820 360 837
1820 217 626
1820 419 835
1820 422 515
1820 282 530
1820 220 1229
1820 28 375
1820 459 660
1820 259 499
1820 321 665
1820 407 640
1820 273 853
1820 241 532
1820 300 570
1820 260 567
1820 431 396
1840 420 679
1840 372 300
1840 314 863
1840 277 664
1840 377 857
1840 217 629
1840 403 842
1840 363 495
1840 282 530
1840 381 850
1840 363 493
1840 421 645
1840 261 499
1840 317 668
1840 374 641
1840 241 533
1840 298 571
1840 258 567
1840 368 292
1860 379 707
1860 310 663
1860 357 836
1860 217 628
1860 393 844
1860 287 527
1860 350 505
1860 260 502
1860 312 664
1860 367 590
1860 240 533
1860 302 574
1860 262 565
1860 472 517
1860 319 184
1880 387 823
1880 300 661
1880 347 855
1880 333 748
1880 217 625
1880 401 817
1880 457 1083
1880 376 510
1880 285 525
1880 375 509
1880 267 496
1880 312 661
1880 239 533
1880 300 567
1880 257 569
1880 433 503
1900 403 837
1900 85 749
1900 232 692
1900 309 663
1900 355 831
1900 217 627
1900 400 844
1900 64 645
1900 382 492
1900 286 526
1900 349 473
1900 469 817
1900 260 497
1900 317 658
1900 232 711
1900 242 531
1900 302 565
1900 23 379
1900 260 559
1900 450 410
1900 443 390
1920 387 736
1920 427 918
1920 177 604
1920 305 664
1920 161 636
1920 357 842
1920 218 628
1920 405 811
1920 78 676
1920 395 543
1920 284 525
1920 402 346
1920 161 637
1920 21 371
1920 327 472
1920 180 617
1920 458 712
1920 264 502
1920 308 666
1920 397 544
1920 241 533
1920 304 571
1920 264 563
1920 298 443
1920 176 614
1920 389 359
1940 128 521
1940 410 772
1940 382 290
1940 367 990
1940 290 610
1940 354 833
1940 352 737
1940 217 626
1940 400 836
1940 71 588
1940 420 573
1940 285 526
1940 20 589
1940 295 727
1940 304 695
1940 357 847
1940 469 869
1940 259 478
1940 311 662
1940 240 532
1940 299 570
1940 40 384
1940 263 566
1940 376 289
1960 95 410
1960 398 835
1960 405 939
1960 268 703
1960 300 669
1960 370 846
1960 217 628
1960 391 846
1960 86 639
1960 425 972
1960 426 549
1960 284 530
1960 293 1062
1960 43 412
1960 446 571
1960 265 501
1960 309 654
1960 199 740
1960 237 531
1960 301 568
1960 91 405
1960 264 568
1960 370 181
1960 466 175
1960 162 441
1980 90 408
1980 451 889
1980 98 759
1980 356 1029
1980 114 279
1980 256 1254
1980 298 658
1980 352 834
1980 216 616
1980 396 829
1980 406 1019
1980 361 486
1980 283 528
1980 261 1172
1980 356 1024
1980 79 299
1980 360 483
1980 264 504
1980 323 630
1980 239 535
1980 359 1026
1980 299 568
1980 82 309
1980 259 570
1980 151 712
1980 174 485
