1800 369 760
1800 442 832
1800 288 1143
1800 277 628
1800 308 655
1800 369 764
1800 316 808
1800 217 630
1800 394 819
1800 439 603
1800 281 533
1800 284 1151
1800 443 607
1800 259 500
1800 307 660
1800 238 533
1800 300 572
1800 263 571
1820 410 633
1820 219 1253
1820 308 664
1820 364 836
1820 217 626
1820 417 839
1820 418 515
1820 282 530
1820 209 1250
1820 17 419
1820 258 501
1820 317 673
1820 409 639
1820 278 853
1820 240 531
1820 299 569
1820 259 569
1840 405 837
1840 280 665
1840 378 858
1840 217 628
1840 404 842
1840 412 646
1840 281 529
1840 385 846
1840 363 499
1840 260 500
1840 313 673
1840 358 618
1840 240 534
1840 297 566
1840 258 567
1860 376 687
1860 309 667
1860 355 837
1860 56 924
1860 375 689
1860 217 628
1860 394 847
1860 287 528
1860 342 500
1860 258 503
1860 313 675
1860 366 576
1860 238 534
1860 299 572
1860 261 565
1860 318 185
1880 302 665
1880 345 847
1880 328 747
1880 217 628
1880 398 816
1880 66 536
1880 459 1074
1880 377 510
1880 283 525
1880 433 504
1880 65 525
1880 374 516
1880 468 437
1880 266 498
1880 316 669
1880 238 533
1880 300 565
1880 255 570
1900 398 831
1900 86 749
1900 229 682
1900 307 663
1900 352 831
1900 217 631
1900 399 825
1900 63 643
1900 378 496
1900 286 527
1900 389 497
1900 347 471
1900 471 822
1900 257 498
1900 309 677
1900 235 693
1900 232 702
1900 242 532
1900 302 568
1900 260 565
1900 443 391
1920 384 736
1920 107 680
1920 422 918
1920 177 609
1920 297 662
1920 161 632
1920 359 832
1920 217 631
1920 408 800
1920 78 679
1920 395 542
1920 282 526
1920 157 638
1920 17 511
1920 330 476
1920 456 711
1920 264 503
1920 322 630
1920 397 545
1920 240 535
1920 306 576
1920 264 560
1920 181 622
1920 379 369
1940 127 522
1940 358 732
1940 384 263
1940 357 976
1940 297 661
1940 349 825
1940 354 737
1940 217 628
1940 398 840
1940 102 591
1940 419 573
1940 285 528
1940 24 589
1940 290 732
1940 304 717
1940 350 848
1940 26 393
1940 385 267
1940 471 888
1940 257 479
1940 309 678
1940 239 532
1940 298 570
1940 43 410
1940 262 568
1940 372 293
1960 388 838
1960 368 178
1960 415 991
1960 37 162
1960 301 672
1960 367 859
1960 214 634
1960 387 839
1960 25 708
1960 430 951
1960 425 545
1960 285 529
1960 288 1080
1960 84 493
1960 48 501
1960 369 178
1960 462 600
1960 263 503
1960 217 472
1960 300 569
1960 92 406
1960 266 568
1960 368 179
1960 159 433
1980 90 425
1980 450 889
1980 96 750
1980 111 283
1980 299 660
1980 350 834
1980 212 621
1980 395 826
1980 402 1026
1980 358 483
1980 283 528
1980 260 1177
1980 85 434
1980 356 1024
1980 82 284
1980 360 488
1980 263 505
1980 237 535
1980 299 568
1980 90 307
1980 259 570
1980 144 705
1980 174 487
