1800 387 801
1800 446 845
1800 288 1122
1800 309 656
1800 370 765
1800 316 812
1800 256 73
1800 220 631
1800 389 805
1800 283 533
1800 284 1119
1800 443 616
1800 260 501
1800 305 655
1800 239 533
1800 301 571
1800 263 572
1820 404 655
1820 230 1282
1820 307 664
1820 356 842
1820 218 629
1820 415 840
1820 416 521
1820 284 532
1820 274 853
1820 219 1244
1820 454 656
1820 260 501
1820 308 664
1820 454 634
1820 241 535
1820 300 569
1820 258 571
1840 390 657
1840 282 659
1840 369 851
1840 218 629
1840 397 859
1840 284 529
1840 402 837
1840 261 502
1840 303 682
1840 360 619
1840 241 534
1840 299 571
1840 257 568
1860 367 685
1860 307 667
1860 348 847
1860 62 878
1860 220 632
1860 393 852
1860 286 531
1860 342 499
1860 260 506
1860 303 672
1860 374 560
1860 240 535
1860 299 575
1860 262 567
1860 320 186
1880 305 661
1880 345 856
1880 313 747
1880 220 632
1880 397 838
1880 289 527
1880 347 510
1880 272 499
1880 313 659
1880 466 435
1880 240 534
1880 300 572
1880 257 571
1900 396 832
1900 67 654
1900 310 665
1900 354 831
1900 220 632
1900 395 832
1900 391 497
1900 289 530
1900 348 471
1900 258 499
1900 310 667
1900 452 419
1900 236 699
1900 242 534
1900 304 573
1900 261 566
1900 435 387
1920 386 744
1920 84 693
1920 421 924
1920 180 614
1920 307 661
1920 362 834
1920 220 638
1920 402 801
1920 81 693
1920 286 529
1920 160 651
1920 28 501
1920 332 476
1920 454 734
1920 265 502
1920 299 671
1920 395 548
1920 240 535
1920 304 577
1920 265 563
1920 316 465
1920 401 337
1940 127 521
1940 360 736
1940 285 672
1940 386 265
1940 348 819
1940 219 632
1940 75 595
1940 288 528
1940 296 715
1940 349 856
1940 13 589
1940 437 331
1940 256 475
1940 310 682
1940 238 533
1940 299 570
1940 26 393
1940 260 573
1940 374 287
1960 95 409
1960 97 407
1960 302 674
1960 406 228
1960 363 828
1960 216 630
1960 390 859
1960 429 950
1960 425 547
1960 288 531
1960 47 496
1960 265 504
1960 235 467
1960 300 571
1960 93 409
1960 265 569
1960 360 211
1960 160 442
1980 90 417
1980 366 1053
1980 110 281
1980 243 1152
1980 298 648
1980 353 834
1980 211 634
1980 395 830
1980 400 1036
1980 362 486
1980 285 529
1980 251 1150
1980 87 409
1980 281 664
1980 358 1034
1980 79 349
1980 359 487
1980 264 504
1980 238 535
1980 365 1052
1980 299 573
1980 97 316
1980 255 573
1980 150 714
1980 175 490
