1800 367 761
1800 315 814
1800 442 828
1800 287 1158
1800 285 653
1800 308 656
1800 391 804
1800 319 811
1800 217 627
1800 396 821
1800 284 530
1800 290 1205
1800 445 601
1800 259 500
1800 307 662
1800 238 533
1800 300 570
1800 261 571
1820 408 638
1820 233 1317
1820 305 665
1820 357 845
1820 217 627
1820 419 844
1820 419 524
1820 283 528
1820 219 1238
1820 22 478
1820 259 500
1820 314 659
1820 410 639
1820 275 853
1820 241 532
1820 299 569
1820 260 568
1820 427 390
1840 418 656
1840 323 861
1840 276 666
1840 371 873
1840 217 630
1840 397 855
1840 362 496
1840 281 530
1840 387 852
1840 364 494
1840 418 649
1840 261 499
1840 315 676
1840 360 624
1840 241 533
1840 298 570
1840 258 566
1840 370 293
1860 381 704
1860 310 664
1860 352 844
1860 217 627
1860 389 857
1860 474 517
1860 287 528
1860 342 501
1860 259 502
1860 310 665
1860 364 586
1860 240 532
1860 299 572
1860 262 565
1860 318 185
1880 367 841
1880 304 663
1880 346 859
1880 334 749
1880 218 626
1880 399 829
1880 376 512
1880 283 527
1880 434 506
1880 19 641
1880 376 512
1880 470 438
1880 268 498
1880 318 667
1880 240 533
1880 299 567
1880 256 571
1880 466 437
1900 399 832
1900 434 436
1900 88 760
1900 230 697
1900 310 666
1900 354 839
1900 217 630
1900 399 844
1900 64 649
1900 382 493
1900 288 527
1900 432 453
1900 355 474
1900 468 819
1900 260 498
1900 307 666
1900 234 706
1900 233 715
1900 243 533
1900 299 564
1900 19 385
1900 261 561
1900 443 395
1900 442 388
1920 389 737
1920 424 922
1920 177 609
1920 305 666
1920 162 639
1920 352 844
1920 217 628
1920 401 850
1920 78 681
1920 397 547
1920 281 523
1920 159 642
1920 22 521
1920 331 477
1920 218 631
1920 457 715
1920 264 503
1920 301 673
1920 397 546
1920 243 536
1920 299 569
1920 265 566
1920 300 449
1920 189 620
1920 384 372
1940 128 521
1940 392 845
1940 390 286
1940 362 995
1940 290 658
1940 351 838
1940 354 738
1940 217 624
1940 405 765
1940 103 587
1940 286 528
1940 23 591
1940 291 734
1940 291 738
1940 376 857
1940 447 318
1940 468 870
1940 255 480
1940 311 674
1940 240 532
1940 299 570
1940 262 566
1940 379 290
1960 94 407
1960 387 852
1960 370 204
1960 414 940
1960 266 704
1960 301 672
1960 371 860
1960 216 630
1960 372 822
1960 428 967
1960 426 551
1960 285 530
1960 293 1077
1960 264 501
1960 310 648
1960 197 738
1960 236 534
1960 301 568
1960 92 408
1960 264 567
1960 369 180
1960 458 163
1960 161 441
1980 87 423
1980 451 887
1980 89 765
1980 359 1034
1980 111 288
1980 284 630
1980 265 1241
1980 301 660
1980 351 836
1980 215 612
1980 397 836
1980 404 1024
1980 359 487
1980 283 528
1980 262 1178
1980 360 1030
1980 78 301
1980 360 486
1980 264 503
1980 322 625
1980 238 535
1980 299 569
1980 79 323
1980 260 568
1980 155 716
