1800 366 760
1800 445 840
1800 289 1119
1800 308 658
1800 389 808
1800 316 811
1800 220 631
1800 390 812
1800 284 531
1800 284 1122
1800 444 614
1800 261 501
1800 307 658
1800 239 533
1800 301 568
1800 267 569
1820 411 642
1820 227 1269
1820 308 664
1820 372 840
1820 218 630
1820 417 838
1820 415 523
1820 283 531
1820 426 395
1820 458 660
1820 260 501
1820 309 662
1820 410 643
1820 281 853
1820 240 535
1820 301 567
1820 261 568
1840 286 656
1840 376 853
1840 220 633
1840 414 676
1840 281 530
1840 377 883
1840 370 502
1840 261 502
1840 311 672
1840 359 619
1840 241 534
1840 300 570
1840 259 567
1840 377 305
1860 369 682
1860 310 666
1860 359 830
1860 58 921
1860 221 635
1860 395 849
1860 287 529
1860 343 502
1860 260 504
1860 310 664
1860 348 515
1860 240 534
1860 301 576
1860 264 565
1860 324 187
1880 307 664
1880 435 508
1880 350 835
1880 317 735
1880 221 633
1880 395 833
1880 377 511
1880 288 526
1880 376 515
1880 272 499
1880 314 654
1880 239 532
1880 301 569
1880 257 568
1900 396 830
1900 314 673
1900 354 833
1900 219 635
1900 397 825
1900 65 647
1900 377 495
1900 288 528
1900 354 476
1900 464 829
1900 259 498
1900 313 663
1900 243 532
1900 303 566
1900 266 563
1900 436 387
1900 439 389
1920 383 733
1920 422 923
1920 180 608
1920 307 664
1920 302 437
1920 365 836
1920 220 638
1920 404 787
1920 78 683
1920 396 545
1920 284 527
1920 158 644
1920 27 505
1920 332 478
1920 453 736
1920 266 503
1920 395 547
1920 242 536
1920 305 578
1920 264 555
1920 382 370
1940 127 522
1940 360 729
1940 296 641
1940 354 289
1940 352 827
1940 347 751
1940 220 634
1940 394 800
1940 72 593
1940 288 527
1940 294 716
1940 346 860
1940 474 886
1940 261 470
1940 310 677
1940 238 532
1940 301 568
1940 265 567
1940 373 292
1960 97 410
1960 384 856
1960 410 934
1960 95 407
1960 303 672
1960 429 189
1960 372 858
1960 219 631
1960 395 863
1960 428 948
1960 425 556
1960 286 528
1960 43 509
1960 349 208
1960 264 504
1960 301 679
1960 231 466
1960 329 1054
1960 301 569
1960 93 408
1960 269 566
1960 369 174
1960 161 439
1980 84 414
1980 360 1042
1980 127 300
1980 230 1267
1980 305 659
1980 352 837
1980 218 627
1980 396 825
1980 399 1033
1980 360 489
1980 284 529
1980 262 1164
1980 263 1165
1980 356 1027
1980 82 298
1980 360 490
1980 264 505
1980 238 534
1980 365 1044
1980 300 570
1980 87 319
1980 261 570
1980 150 711
1980 177 488
