1800 368 760
1800 314 809
1800 37 887
1800 441 831
1800 281 1182
1800 310 653
1800 372 778
1800 319 810
1800 239 78
1800 217 627
1800 394 820
1800 444 602
1800 284 529
1800 447 601
1800 443 602
1800 260 498
1800 307 659
1800 240 531
1800 300 569
1800 266 569
1820 410 635
1820 216 1279
1820 290 660
1820 363 841
1820 217 626
1820 417 840
1820 420 516
1820 284 531
1820 216 1236
1820 27 400
1820 472 776
1820 259 500
1820 316 665
1820 409 634
1820 275 851
1820 243 532
1820 299 567
1820 261 566
1820 436 432
1840 407 657
1840 277 664
1840 369 879
1840 217 629
1840 396 857
1840 363 495
1840 284 529
1840 385 850
1840 362 496
1840 419 655
1840 261 498
1840 315 678
1840 360 620
1840 241 531
1840 299 570
1840 260 563
1840 375 302
1860 383 700
1860 310 665
1860 348 845
1860 370 692
1860 217 629
1860 388 851
1860 473 512
1860 288 528
1860 342 497
1860 259 500
1860 312 674
1860 361 674
1860 242 530
1860 302 572
1860 265 565
1860 319 184
1880 377 880
1880 297 661
1880 348 855
1880 328 751
1880 218 627
1880 396 830
1880 455 1091
1880 378 507
1880 288 524
1880 465 432
1880 372 512
1880 468 440
1880 268 496
1880 318 686
1880 240 532
1880 300 567
1880 260 567
1900 400 827
1900 89 754
1900 232 685
1900 309 661
1900 354 841
1900 216 627
1900 397 841
1900 64 648
1900 390 493
1900 288 526
1900 436 439
1900 350 471
1900 473 799
1900 259 496
1900 310 678
1900 237 699
1900 236 716
1900 244 531
1900 302 566
1900 262 558
1900 442 390
1920 389 738
1920 420 910
1920 179 609
1920 304 662
1920 168 629
1920 353 848
1920 217 629
1920 403 815
1920 79 679
1920 396 544
1920 285 526
1920 160 634
1920 13 503
1920 319 462
1920 457 710
1920 265 502
1920 303 668
1920 397 546
1920 244 535
1920 303 567
1920 266 562
1920 189 623
1920 400 343
1940 128 519
1940 388 286
1940 364 985
1940 254 445
1940 284 653
1940 350 838
1940 349 741
1940 217 626
1940 402 771
1940 89 589
1940 447 1118
1940 419 570
1940 286 528
1940 430 330
1940 290 736
1940 298 720
1940 347 860
1940 436 326
1940 468 875
1940 261 472
1940 306 681
1940 242 532
1940 300 570
1940 43 387
1940 264 566
1940 379 290
1960 93 409
1960 177 718
1960 390 839
1960 373 206
1960 413 964
1960 301 667
1960 369 864
1960 216 629
1960 377 841
1960 429 959
1960 426 549
1960 286 530
1960 426 548
1960 371 180
1960 265 501
1960 307 650
1960 440 563
1960 241 527
1960 301 568
1960 92 407
1960 265 565
1960 370 180
1960 460 154
1960 162 442
1980 89 407
1980 450 889
1980 83 752
1980 357 1035
1980 272 1222
1980 299 657
1980 351 836
1980 214 616
1980 396 831
1980 402 1030
1980 359 486
1980 284 528
1980 259 1173
1980 355 1027
1980 79 315
1980 359 478
1980 264 501
1980 240 534
1980 300 568
1980 79 321
1980 262 566
1980 150 711
