1800 370 760
1800 440 824
1800 290 1148
1800 310 652
1800 377 769
1800 321 809
1800 218 626
1800 399 819
1800 285 528
1800 287 1139
1800 445 601
1800 260 499
1800 308 658
1800 239 531
1800 301 569
1800 263 570
1820 410 635
1820 431 851
1820 230 1291
1820 304 660
1820 367 838
1820 218 625
1820 420 839
1820 420 515
1820 284 527
1820 217 1231
1820 19 473
1820 460 667
1820 260 499
1820 320 666
1820 408 634
1820 281 849
1820 242 530
1820 300 566
1820 261 566
1820 433 399
1840 279 663
1840 381 854
1840 218 626
1840 407 839
1840 460 1067
1840 364 495
1840 284 526
1840 332 870
1840 385 850
1840 364 497
1840 428 651
1840 261 499
1840 317 671
1840 361 620
1840 241 533
1840 299 569
1840 259 564
1840 372 294
1860 382 682
1860 311 666
1860 359 832
1860 62 921
1860 219 627
1860 396 841
1860 474 512
1860 288 526
1860 342 497
1860 260 500
1860 313 670
1860 366 629
1860 241 532
1860 303 571
1860 265 565
1860 320 183
1880 386 843
1880 301 658
1880 351 844
1880 339 744
1880 218 625
1880 400 812
1880 463 1068
1880 378 510
1880 288 523
1880 26 711
1880 359 513
1880 469 433
1880 268 495
1880 319 662
1880 240 532
1880 301 565
1880 259 567
1880 464 433
1900 393 831
1900 90 760
1900 234 687
1900 310 664
1900 355 833
1900 217 630
1900 402 825
1900 65 649
1900 458 1138
1900 391 495
1900 287 526
1900 348 472
1900 466 781
1900 260 496
1900 322 653
1900 237 692
1900 239 692
1900 244 531
1900 347 1184
1900 305 568
1900 261 559
1900 440 387
1920 393 739
1920 106 680
1920 423 907
1920 177 606
1920 306 662
1920 178 618
1920 299 435
1920 367 829
1920 218 627
1920 408 805
1920 79 678
1920 397 542
1920 285 524
1920 158 640
1920 21 507
1920 331 472
1920 457 711
1920 264 499
1920 318 624
1920 397 544
1920 241 534
1920 306 572
1920 263 554
1920 297 436
1920 183 619
1920 402 340
1940 128 519
1940 359 731
1940 390 273
1940 283 666
1940 354 833
1940 361 729
1940 218 625
1940 396 761
1940 103 587
1940 287 526
1940 304 706
1940 355 849
1940 31 402
1940 452 300
1940 472 887
1940 263 474
1940 308 680
1940 241 532
1940 300 568
1940 41 396
1940 264 565
1940 454 341
1940 379 289
1960 94 408
1960 393 822
1960 405 954
1960 301 670
1960 373 853
1960 219 628
1960 384 840
1960 88 655
1960 430 952
1960 426 546
1960 286 528
1960 291 1070
1960 52 455
1960 367 197
1960 461 604
1960 265 501
1960 199 741
1960 239 530
1960 381 1015
1960 301 567
1960 93 404
1960 266 566
1960 370 179
1960 163 439
1980 93 407
1980 452 887
1980 359 1034
1980 277 1221
1980 303 660
1980 352 833
1980 218 617
1980 396 825
1980 403 1023
1980 361 483
1980 284 526
1980 265 1173
1980 266 1171
1980 359 1027
1980 84 294
1980 361 485
1980 265 503
1980 328 627
1980 238 535
1980 367 1040
1980 300 567
1980 91 305
1980 262 566
1980 153 714
