1800 368 762
1800 313 812
1800 41 881
1800 438 823
1800 285 1130
1800 309 654
1800 369 763
1800 318 811
1800 238 80
1800 217 629
1800 393 817
1800 442 603
1800 279 527
1800 442 601
1800 258 502
1800 307 657
1800 239 535
1800 300 570
1800 258 572
1820 403 639
1820 226 1284
1820 293 662
1820 358 841
1820 217 626
1820 410 851
1820 460 1076
1820 420 515
1820 283 529
1820 216 1231
1820 258 501
1820 312 659
1820 407 636
1820 279 846
1820 240 532
1820 298 568
1820 258 568
1820 424 391
1840 391 658
1840 277 662
1840 374 852
1840 218 629
1840 398 843
1840 414 646
1840 280 528
1840 374 854
1840 381 849
1840 364 496
1840 419 657
1840 259 502
1840 311 672
1840 359 618
1840 241 535
1840 297 569
1840 255 567
1840 370 293
1860 375 692
1860 306 660
1860 349 843
1860 58 925
1860 378 689
1860 217 629
1860 388 853
1860 285 528
1860 341 496
1860 258 503
1860 311 659
1860 367 569
1860 240 535
1860 299 573
1860 261 565
1860 318 185
1880 383 852
1880 288 660
1880 346 857
1880 332 745
1880 218 627
1880 398 820
1880 460 1074
1880 377 510
1880 279 526
1880 432 498
1880 26 735
1880 374 511
1880 266 498
1880 309 659
1880 347 858
1880 239 534
1880 299 566
1880 254 571
1880 465 433
1900 398 827
1900 230 697
1900 306 660
1900 353 830
1900 216 630
1900 397 838
1900 63 646
1900 380 499
1900 286 527
1900 348 472
1900 466 821
1900 258 498
1900 314 657
1900 236 700
1900 233 716
1900 243 534
1900 297 566
1900 17 375
1900 257 559
1900 436 386
1920 387 738
1920 81 682
1920 409 899
1920 177 609
1920 302 660
1920 160 642
1920 355 830
1920 217 631
1920 405 802
1920 78 677
1920 395 544
1920 280 525
1920 158 640
1920 22 517
1920 327 472
1920 455 710
1920 264 503
1920 302 665
1920 395 547
1920 241 534
1920 301 570
1920 263 562
1920 295 437
1920 181 616
1920 400 342
1940 127 521
1940 356 735
1940 373 291
1940 286 637
1940 350 832
1940 353 738
1940 217 626
1940 399 766
1940 101 579
1940 419 574
1940 283 526
1940 70 583
1940 288 734
1940 289 740
1940 345 854
1940 27 392
1940 254 479
1940 305 682
1940 239 534
1940 298 569
1940 33 400
1940 260 568
1940 459 329
1940 373 295
1960 97 409
1960 389 839
1960 428 190
1960 401 964
1960 105 401
1960 299 669
1960 362 834
1960 213 634
1960 371 820
1960 86 643
1960 428 956
1960 425 546
1960 283 531
1960 66 500
1960 55 508
1960 263 504
1960 298 654
1960 440 568
1960 237 530
1960 327 1056
1960 300 568
1960 91 403
1960 261 570
1960 368 178
1960 445 184
1960 161 440
1980 89 420
1980 450 888
1980 358 1028
1980 109 272
1980 271 1171
1980 296 653
1980 349 833
1980 215 619
1980 395 827
1980 401 1023
1980 57 802
1980 359 486
1980 281 529
1980 265 1169
1980 355 1023
1980 82 299
1980 358 485
1980 263 505
1980 237 535
1980 299 569
1980 90 309
1980 258 568
1980 148 715
