1800 368 762
1800 435 832
1800 299 1113
1800 352 865
1800 316 818
1800 219 629
1800 388 797
1800 284 531
1800 260 500
1800 306 654
1800 473 646
1800 239 530
1800 302 569
1800 264 572
1820 399 643
1820 419 852
1820 305 664
1820 352 829
1820 359 837
1820 218 627
1820 416 839
1820 284 530
1820 258 499
1820 312 662
1820 409 640
1820 280 850
1820 244 531
1820 302 566
1820 258 568
1840 287 662
1840 346 840
1840 218 627
1840 416 678
1840 286 527
1840 364 499
1840 260 500
1840 307 667
1840 389 650
1840 244 534
1840 303 572
1840 258 566
1860 367 678
1860 298 616
1860 353 832
1860 385 693
1860 220 631
1860 397 829
1860 288 529
1860 344 501
1860 258 503
1860 311 664
1860 372 553
1860 242 534
1860 302 576
1860 262 565
1880 303 666
1880 332 808
1880 306 737
1880 219 628
1880 375 513
1880 291 525
1880 348 514
1880 268 494
1880 314 633
1880 429 498
1880 239 532
1880 302 574
1880 257 569
1900 400 826
1900 234 662
1900 308 665
1900 349 828
1900 220 631
1900 396 828
1900 371 490
1900 290 530
1900 349 474
1900 426 377
1900 257 498
1900 312 664
1900 445 392
1900 246 525
1900 307 574
1900 265 564
1900 436 385
1920 381 728
1920 404 864
1920 178 606
1920 307 664
1920 297 434
1920 349 819
1920 221 639
1920 398 754
1920 77 687
1920 392 541
1920 289 530
1920 333 484
1920 262 502
1920 332 641
1920 444 435
1920 242 536
1920 314 607
1920 267 566
1920 297 443
1920 383 371
1940 362 726
1940 381 266
1940 379 989
1940 291 675
1940 383 266
1940 350 756
1940 333 792
1940 219 629
1940 403 827
1940 68 591
1940 290 526
1940 351 843
1940 423 318
1940 258 471
1940 313 670
1940 478 860
1940 238 531
1940 302 571
1940 261 569
1940 440 339
1960 293 1074
1960 165 434
1960 301 674
1960 400 218
1960 355 827
1960 218 629
1960 429 947
1960 289 529
1960 216 475
1960 27 547
1960 263 502
1960 306 671
1960 233 476
1960 302 570
1960 92 401
1960 267 568
1960 162 434
1980 444 885
1980 274 1171
1980 304 636
1980 350 828
1980 215 626
1980 394 825
1980 405 1033
1980 358 493
1980 286 528
1980 251 1150
1980 359 1032
1980 79 327
1980 263 504
1980 238 539
1980 302 567
1980 82 319
1980 262 574
1980 164 708
1980 174 496
