1800 372 761
1800 441 829
1800 290 1141
1800 308 656
1800 369 766
1800 319 810
1800 219 631
1800 396 818
1800 284 530
1800 285 1140
1800 445 606
1800 260 501
1800 308 661
1800 239 531
1800 301 571
1800 267 571
1820 409 635
1820 233 1287
1820 309 664
1820 358 842
1820 218 629
1820 419 836
1820 419 517
1820 285 530
1820 218 1232
1820 463 662
1820 259 501
1820 318 672
1820 411 639
1820 279 851
1820 242 532
1820 300 568
1820 262 568
1840 416 650
1840 279 661
1840 376 852
1840 218 630
1840 406 836
1840 363 497
1840 283 528
1840 386 853
1840 365 497
1840 261 500
1840 314 675
1840 360 618
1840 241 532
1840 299 569
1840 260 565
1840 371 292
1860 370 681
1860 310 666
1860 357 838
1860 60 940
1860 219 630
1860 394 845
1860 471 513
1860 288 529
1860 341 494
1860 260 503
1860 315 659
1860 373 554
1860 241 532
1860 302 574
1860 264 564
1860 320 187
1880 400 844
1880 302 661
1880 345 850
1880 333 746
1880 218 629
1880 394 799
1880 378 510
1880 288 525
1880 435 513
1880 360 514
1880 469 439
1880 269 497
1880 318 672
1880 240 534
1880 301 566
1880 261 568
1900 401 824
1900 90 766
1900 233 687
1900 309 662
1900 354 832
1900 217 630
1900 403 823
1900 65 650
1900 380 497
1900 288 527
1900 390 495
1900 352 472
1900 474 804
1900 260 498
1900 324 664
1900 238 701
1900 237 699
1900 244 531
1900 303 568
1900 266 563
1900 441 387
1920 391 739
1920 419 904
1920 180 611
1920 301 659
1920 363 837
1920 218 631
1920 406 802
1920 80 686
1920 396 543
1920 285 528
1920 159 637
1920 12 507
1920 332 479
1920 457 712
1920 266 503
1920 396 547
1920 243 535
1920 305 571
1920 267 562
1920 297 438
1920 401 338
1940 134 525
1940 359 734
1940 374 290
1940 297 661
1940 350 833
1940 357 737
1940 218 630
1940 399 837
1940 101 582
1940 418 576
1940 287 527
1940 291 734
1940 348 860
1940 28 394
1940 472 891
1940 262 470
1940 312 681
1940 240 531
1940 300 570
1940 266 565
1940 374 291
1940 129 520
1960 422 926
1960 405 981
1960 96 410
1960 302 672
1960 370 861
1960 216 632
1960 393 855
1960 430 950
1960 425 547
1960 287 529
1960 59 479
1960 431 215
1960 367 196
1960 265 503
1960 432 557
1960 239 528
1960 318 1066
1960 302 569
1960 93 409
1960 269 566
1960 367 193
1960 162 441
1980 91 435
1980 451 887
1980 390 1024
1980 111 281
1980 269 1246
1980 300 658
1980 351 834
1980 218 624
1980 396 821
1980 406 1023
1980 360 485
1980 284 528
1980 364 486
1980 265 1170
1980 97 477
1980 260 1167
1980 357 1028
1980 82 295
1980 360 485
1980 264 504
1980 238 536
1980 360 1029
1980 300 569
1980 94 317
1980 262 567
1980 155 723
1980 179 494
