1800 368 761
1800 315 812
1800 441 825
1800 287 1137
1800 282 631
1800 308 656
1800 394 820
1800 319 808
1800 239 76
1800 216 627
1800 395 827
1800 450 603
1800 283 529
1800 288 1185
1800 444 598
1800 259 500
1800 308 664
1800 238 533
1800 299 570
1800 260 570
1820 405 649
1820 229 1319
1820 289 664
1820 368 844
1820 217 627
1820 419 836
1820 422 515
1820 282 529
1820 221 1228
1820 457 672
1820 259 499
1820 313 662
1820 408 642
1820 275 849
1820 240 532
1820 299 570
1820 260 567
1820 430 394
1840 402 846
1840 317 862
1840 275 666
1840 374 866
1840 217 630
1840 398 854
1840 363 495
1840 282 529
1840 277 667
1840 383 849
1840 366 496
1840 420 652
1840 260 499
1840 312 672
1840 365 631
1840 240 533
1840 298 570
1840 258 565
1840 371 295
1860 381 702
1860 308 662
1860 355 840
1860 217 629
1860 390 846
1860 474 522
1860 287 528
1860 344 509
1860 259 502
1860 306 667
1860 365 609
1860 239 533
1860 300 575
1860 263 565
1860 317 183
1880 394 840
1880 288 661
1880 346 855
1880 331 748
1880 218 626
1880 399 827
1880 458 1083
1880 376 511
1880 283 526
1880 434 505
1880 374 512
1880 267 496
1880 307 667
1880 239 533
1880 300 567
1880 258 570
1880 433 503
1900 403 837
1900 78 692
1900 234 701
1900 305 659
1900 356 842
1900 216 628
1900 399 845
1900 64 646
1900 381 493
1900 286 526
1900 408 521
1900 347 475
1900 470 818
1900 260 497
1900 307 662
1900 230 723
1900 242 531
1900 300 566
1900 21 383
1900 261 561
1900 446 400
1900 444 395
1920 386 733
1920 424 921
1920 177 603
1920 299 660
1920 165 632
1920 357 845
1920 217 630
1920 404 819
1920 78 676
1920 395 543
1920 282 523
1920 160 635
1920 15 502
1920 330 471
1920 179 615
1920 458 711
1920 263 502
1920 302 668
1920 397 544
1920 241 533
1920 301 569
1920 265 566
1920 299 448
1920 178 613
1920 394 353
1940 127 520
1940 399 835
1940 383 292
1940 360 976
1940 241 447
1940 284 649
1940 354 836
1940 352 739
1940 217 627
1940 400 836
1940 74 590
1940 419 574
1940 286 524
1940 25 582
1940 293 731
1940 304 689
1940 359 863
1940 468 870
1940 260 483
1940 306 662
1940 240 531
1940 299 570
1940 54 399
1940 264 566
1940 376 291
1940 125 518
1960 95 409
1960 393 846
1960 405 939
1960 269 704
1960 300 669
1960 373 860
1960 217 630
1960 381 840
1960 427 969
1960 424 547
1960 283 531
1960 295 1068
1960 49 455
1960 461 611
1960 264 502
1960 304 659
1960 195 740
1960 237 531
1960 301 569
1960 91 407
1960 264 568
1960 367 180
1960 460 182
1960 161 441
1980 92 426
1980 452 888
1980 109 764
1980 357 1030
1980 117 264
1980 263 1215
1980 296 659
1980 351 838
1980 215 620
1980 395 827
1980 406 1014
1980 359 487
1980 283 528
1980 262 1168
1980 357 1023
1980 78 322
1980 360 486
1980 264 504
1980 321 631
1980 239 534
1980 298 569
1980 80 323
1980 262 568
1980 149 713
1980 174 486
