1800 368 762
1800 315 812
1800 439 822
1800 286 1146
1800 286 609
1800 309 657
1800 378 788
1800 319 808
1800 217 629
1800 399 825
1800 444 602
1800 284 530
1800 290 1194
1800 17 391
1800 443 602
1800 260 500
1800 308 659
1800 238 533
1800 300 571
1800 259 570
1820 409 637
1820 229 1313
1820 282 665
1820 367 842
1820 217 626
1820 421 836
1820 421 515
1820 282 529
1820 217 1236
1820 259 500
1820 313 661
1820 409 641
1820 275 848
1820 240 532
1820 299 569
1820 260 567
1820 422 387
1840 421 649
1840 312 862
1840 274 666
1840 378 861
1840 217 630
1840 400 842
1840 363 496
1840 281 529
1840 276 667
1840 384 854
1840 365 503
1840 420 646
1840 260 499
1840 316 673
1840 359 620
1840 240 534
1840 298 569
1840 258 567
1840 369 295
1860 381 706
1860 309 662
1860 354 842
1860 217 629
1860 390 849
1860 474 522
1860 287 528
1860 347 507
1860 259 503
1860 309 666
1860 365 583
1860 239 534
1860 298 572
1860 262 566
1860 318 184
1880 381 868
1880 292 657
1880 348 856
1880 334 746
1880 217 624
1880 399 828
1880 376 515
1880 285 526
1880 433 506
1880 25 688
1880 375 513
1880 471 439
1880 266 496
1880 308 667
1880 239 532
1880 300 567
1880 256 570
1880 432 503
1900 398 835
1900 87 757
1900 228 695
1900 304 626
1900 355 832
1900 216 629
1900 401 840
1900 63 647
1900 382 495
1900 287 527
1900 432 455
1900 351 473
1900 469 818
1900 260 498
1900 309 664
1900 234 719
1900 230 719
1900 242 532
1900 300 565
1900 21 383
1900 261 560
1900 441 392
1920 390 736
1920 424 920
1920 175 604
1920 305 663
1920 159 646
1920 361 843
1920 216 629
1920 403 821
1920 78 680
1920 395 543
1920 283 524
1920 158 643
1920 13 502
1920 330 474
1920 195 624
1920 459 712
1920 264 503
1920 303 664
1920 397 545
1920 241 533
1920 303 570
1920 264 564
1920 180 618
1920 388 370
1940 127 522
1940 394 843
1940 392 284
1940 290 624
1940 353 837
1940 354 737
1940 216 627
1940 399 838
1940 88 593
1940 421 571
1940 287 525
1940 301 723
1940 301 717
1940 359 862
1940 467 869
1940 260 472
1940 309 666
1940 239 532
1940 298 571
1940 48 393
1940 263 567
1940 377 292
1960 93 411
1960 172 756
1960 390 842
1960 364 193
1960 409 938
1960 300 670
1960 374 862
1960 215 630
1960 382 852
1960 86 642
1960 428 966
1960 427 551
1960 285 529
1960 295 1068
1960 75 497
1960 54 436
1960 461 607
1960 264 501
1960 303 663
1960 196 736
1960 223 471
1960 301 569
1960 91 407
1960 263 568
1960 368 180
1960 160 441
1980 88 406
1980 451 892
1980 99 761
1980 359 1033
1980 113 289
1980 257 1187
1980 298 659
1980 351 834
1980 214 618
1980 397 836
1980 406 1018
1980 359 488
1980 283 528
1980 263 1170
1980 358 1027
1980 73 327
1980 360 488
1980 264 503
1980 325 632
1980 238 536
1980 299 569
1980 87 306
1980 259 570
1980 160 713
1980 172 482
