1800 380 785
1800 315 817
1800 39 893
1800 440 826
1800 287 1134
1800 288 604
1800 309 658
1800 393 814
1800 318 810
1800 239 75
1800 217 627
1800 398 822
1800 284 530
1800 289 1181
1800 19 390
1800 446 600
1800 260 500
1800 308 662
1800 239 534
1800 300 571
1800 262 570
1820 408 639
1820 227 1313
1820 297 663
1820 368 844
1820 217 626
1820 420 836
1820 423 514
1820 283 529
1820 218 1231
1820 259 500
1820 316 664
1820 409 645
1820 276 849
1820 241 532
1820 300 571
1820 260 568
1820 428 395
1840 418 681
1840 371 301
1840 316 862
1840 275 666
1840 381 862
1840 217 629
1840 406 838
1840 363 496
1840 282 528
1840 383 850
1840 367 494
1840 424 649
1840 261 500
1840 317 671
1840 359 621
1840 240 533
1840 299 571
1840 258 567
1860 380 708
1860 308 664
1860 353 842
1860 382 692
1860 217 628
1860 395 848
1860 287 527
1860 343 505
1860 259 503
1860 309 669
1860 368 569
1860 239 533
1860 301 579
1860 264 566
1860 317 185
1880 386 855
1880 301 667
1880 348 853
1880 335 748
1880 217 624
1880 400 827
1880 459 1080
1880 376 512
1880 285 526
1880 434 506
1880 372 515
1880 475 441
1880 267 501
1880 311 670
1880 239 533
1880 300 568
1880 256 572
1880 462 449
1900 402 833
1900 231 698
1900 309 664
1900 355 835
1900 216 628
1900 401 841
1900 63 645
1900 390 495
1900 286 527
1900 409 520
1900 348 475
1900 469 817
1900 260 498
1900 316 670
1900 231 711
1900 243 531
1900 302 567
1900 22 384
1900 261 562
1900 444 395
1900 434 384
1920 386 736
1920 423 918
1920 176 604
1920 306 663
1920 163 634
1920 357 845
1920 216 628
1920 404 811
1920 78 678
1920 395 542
1920 284 525
1920 160 637
1920 16 502
1920 318 463
1920 202 626
1920 459 711
1920 265 503
1920 307 672
1920 397 545
1920 242 534
1920 304 571
1920 35 321
1920 265 563
1920 298 440
1920 178 614
1920 396 351
1940 127 521
1940 396 839
1940 377 293
1940 365 995
1940 248 464
1940 282 647
1940 353 833
1940 353 739
1940 216 625
1940 397 835
1940 101 582
1940 286 526
1940 44 567
1940 295 728
1940 304 690
1940 366 860
1940 470 867
1940 261 481
1940 310 666
1940 240 533
1940 299 570
1940 40 360
1940 264 566
1940 376 291
1960 94 409
1960 176 748
1960 395 835
1960 365 194
1960 405 947
1960 265 712
1960 301 671
1960 370 856
1960 217 626
1960 391 851
1960 428 961
1960 424 546
1960 284 530
1960 296 1067
1960 20 406
1960 460 608
1960 265 502
1960 308 662
1960 451 579
1960 196 737
1960 238 532
1960 301 568
1960 91 408
1960 264 568
1960 368 180
1960 465 156
1960 161 441
1980 87 409
1980 451 886
1980 89 754
1980 357 1031
1980 111 284
1980 250 1219
1980 299 658
1980 352 836
1980 215 612
1980 397 832
1980 405 1017
1980 367 479
1980 283 527
1980 263 1171
1980 358 1025
1980 79 317
1980 364 480
1980 264 504
1980 335 645
1980 238 537
1980 361 1030
1980 299 570
1980 87 302
1980 259 572
1980 145 708
1980 174 484
