1800 368 761
1800 315 813
1800 439 823
1800 288 1145
1800 309 658
1800 373 766
1800 319 808
1800 240 76
1800 217 628
1800 398 823
1800 444 601
1800 284 530
1800 291 1186
1800 18 388
1800 442 604
1800 260 500
1800 308 662
1800 239 532
1800 300 571
1800 260 571
1820 409 636
1820 224 1339
1820 289 661
1820 363 837
1820 217 626
1820 421 836
1820 421 514
1820 282 530
1820 219 1231
1820 259 500
1820 317 665
1820 409 642
1820 275 848
1820 241 532
1820 299 569
1820 259 567
1820 429 396
1840 416 644
1840 317 861
1840 276 667
1840 378 857
1840 218 631
1840 401 840
1840 363 495
1840 281 530
1840 380 868
1840 363 494
1840 416 648
1840 261 499
1840 314 679
1840 360 618
1840 241 533
1840 298 568
1840 257 566
1840 368 292
1860 382 705
1860 311 664
1860 355 837
1860 217 629
1860 391 847
1860 287 527
1860 345 500
1860 260 503
1860 308 671
1860 367 685
1860 240 533
1860 301 575
1860 262 566
1860 318 184
1880 381 846
1880 298 662
1880 348 854
1880 333 747
1880 217 627
1880 400 815
1880 455 1088
1880 376 511
1880 283 527
1880 374 511
1880 267 497
1880 313 668
1880 240 534
1880 300 567
1880 256 571
1880 433 502
1900 402 831
1900 233 704
1900 311 667
1900 356 835
1900 217 630
1900 402 843
1900 64 649
1900 382 493
1900 286 526
1900 389 499
1900 349 471
1900 466 820
1900 261 498
1900 311 667
1900 231 721
1900 243 531
1900 302 565
1900 21 383
1900 261 561
1900 444 394
1900 444 394
1920 389 736
1920 421 907
1920 178 604
1920 303 664
1920 162 638
1920 354 848
1920 217 630
1920 404 814
1920 78 680
1920 395 543
1920 283 525
1920 161 637
1920 31 364
1920 326 469
1920 179 614
1920 457 710
1920 265 503
1920 305 668
1920 398 543
1920 241 533
1920 302 570
1920 265 566
1920 301 447
1920 181 615
1920 397 344
1940 127 521
1940 395 849
1940 386 290
1940 362 979
1940 286 629
1940 355 833
1940 352 738
1940 217 627
1940 401 833
1940 76 594
1940 419 571
1940 286 525
1940 20 600
1940 303 693
1940 376 930
1940 469 866
1940 261 481
1940 309 666
1940 240 532
1940 299 570
1940 263 566
1940 375 289
1960 96 414
1960 395 833
1960 407 944
1960 301 672
1960 371 857
1960 217 632
1960 392 844
1960 427 973
1960 424 546
1960 283 531
1960 297 1067
1960 446 575
1960 265 502
1960 314 648
1960 197 740
1960 236 532
1960 301 569
1960 91 407
1960 263 569
1960 368 180
1960 464 190
1960 161 442
1980 89 428
1980 104 764
1980 359 1033
1980 115 292
1980 256 1229
1980 298 659
1980 352 834
1980 216 621
1980 396 832
1980 408 1017
1980 359 488
1980 282 528
1980 262 1175
1980 358 1027
1980 74 321
1980 360 485
1980 470 903
1980 264 505
1980 325 630
1980 238 537
1980 299 570
1980 79 319
1980 261 570
1980 148 712
1980 348 130
1980 175 485
