1800 412 785
1800 313 821
1800 424 813
1800 409 798
1800 277 528
1800 460 616
1800 437 619
1820 415 838
1820 279 522
1820 448 653
1840 75 455
1840 354 831
1840 277 530
1840 360 621
1840 86 453
1860 365 671
1860 278 526
1860 367 556
1880 332 748
1880 331 734
1880 60 540
1880 434 500
1880 274 491
1900 461 798
1900 419 843
1900 291 537
1920 398 803
1920 392 746
1920 284 528
1920 408 868
1920 300 452
1920 402 382
1920 320 459
1920 386 358
1940 366 721
1940 404 986
1940 360 729
1940 284 521
1940 431 266
1940 120 528
1940 418 318
1960 445 947
1960 282 531
1960 106 395
1980 385 830
1980 366 833
1980 284 526
1980 344 832
