1800 367 760
1800 439 822
1800 289 1138
1800 310 656
1800 375 783
1800 320 809
1800 238 77
1800 217 626
1800 396 813
1800 444 602
1800 284 530
1800 290 1171
1800 444 604
1800 259 501
1800 307 656
1800 240 532
1800 300 571
1800 261 568
1820 409 635
1820 235 1303
1820 304 661
1820 369 845
1820 217 625
1820 418 835
1820 418 515
1820 283 529
1820 221 1229
1820 259 501
1820 326 661
1820 409 641
1820 277 851
1820 243 532
1820 299 569
1820 261 568
1820 429 396
1840 414 675
1840 278 662
1840 373 875
1840 217 628
1840 404 838
1840 363 496
1840 282 529
1840 385 848
1840 409 645
1840 420 645
1840 261 501
1840 315 667
1840 393 656
1840 241 534
1840 298 571
1840 259 566
1840 369 293
1860 382 692
1860 310 664
1860 355 838
1860 217 628
1860 390 848
1860 474 520
1860 287 529
1860 341 495
1860 259 505
1860 312 658
1860 362 687
1860 242 532
1860 302 576
1860 266 567
1860 318 183
1880 368 852
1880 301 660
1880 349 846
1880 334 747
1880 218 623
1880 400 811
1880 462 1074
1880 377 513
1880 286 525
1880 466 435
1880 377 508
1880 469 437
1880 268 501
1880 325 616
1880 240 534
1880 300 568
1880 259 569
1880 462 458
1900 398 828
1900 231 696
1900 309 653
1900 356 842
1900 216 628
1900 400 828
1900 64 648
1900 390 496
1900 287 527
1900 429 446
1900 352 471
1900 464 821
1900 259 497
1900 319 649
1900 237 694
1900 234 710
1900 243 534
1900 300 566
1900 260 561
1900 446 395
1920 386 737
1920 425 921
1920 178 609
1920 304 665
1920 159 640
1920 360 838
1920 217 629
1920 408 860
1920 78 679
1920 396 542
1920 283 525
1920 159 640
1920 16 508
1920 319 466
1920 457 709
1920 265 504
1920 309 626
1920 397 546
1920 243 536
1920 303 570
1920 266 565
1920 312 453
1920 182 621
1920 380 365
1940 128 523
1940 396 837
1940 386 286
1940 361 979
1940 290 608
1940 354 838
1940 354 737
1940 217 625
1940 400 831
1940 76 592
1940 421 571
1940 285 529
1940 294 726
1940 296 731
1940 356 855
1940 468 862
1940 261 486
1940 312 664
1940 241 532
1940 299 570
1940 264 568
1940 378 291
1940 141 495
1960 94 409
1960 393 834
1960 409 944
1960 55 268
1960 302 671
1960 371 850
1960 215 629
1960 391 851
1960 89 685
1960 429 959
1960 425 545
1960 285 529
1960 56 509
1960 459 596
1960 264 503
1960 310 644
1960 200 740
1960 239 529
1960 301 569
1960 92 407
1960 264 567
1960 369 178
1960 457 160
1960 161 440
1980 89 406
1980 451 886
1980 356 1027
1980 111 283
1980 283 1229
1980 303 657
1980 352 839
1980 216 617
1980 396 826
1980 403 1024
1980 360 487
1980 283 528
1980 265 1169
1980 264 1169
1980 282 659
1980 357 1023
1980 78 312
1980 362 472
1980 472 921
1980 264 505
1980 238 536
1980 299 569
1980 87 299
1980 262 567
1980 155 716
1980 174 486
