1800 378 770
1800 314 809
1800 443 834
1800 285 1137
1800 308 654
1800 368 764
1800 318 810
1800 217 630
1800 395 818
1800 284 530
1800 284 1147
1800 443 607
1800 259 501
1800 307 655
1800 237 534
1800 301 571
1800 262 572
1820 407 636
1820 218 1271
1820 298 663
1820 358 841
1820 217 627
1820 419 837
1820 420 516
1820 282 531
1820 216 1234
1820 459 654
1820 259 501
1820 305 663
1820 409 640
1820 280 846
1820 240 531
1820 300 568
1820 260 567
1820 426 393
1840 400 666
1840 276 665
1840 371 850
1840 217 630
1840 407 823
1840 282 529
1840 380 847
1840 419 658
1840 260 501
1840 310 675
1840 358 620
1840 240 534
1840 298 572
1840 258 566
1840 374 301
1860 376 699
1860 309 665
1860 353 841
1860 55 935
1860 367 685
1860 217 629
1860 392 841
1860 474 509
1860 285 530
1860 342 498
1860 258 504
1860 313 661
1860 364 585
1860 239 534
1860 297 577
1860 262 565
1860 319 183
1880 385 857
1880 289 661
1880 346 855
1880 45 876
1880 334 745
1880 218 627
1880 397 801
1880 460 1076
1880 377 510
1880 286 526
1880 373 514
1880 469 435
1880 266 495
1880 311 665
1880 238 533
1880 300 566
1880 256 567
1880 465 433
1900 399 829
1900 86 750
1900 229 700
1900 301 661
1900 352 827
1900 216 629
1900 400 827
1900 63 649
1900 379 494
1900 287 528
1900 390 494
1900 351 473
1900 471 817
1900 259 498
1900 308 671
1900 235 696
1900 233 721
1900 241 532
1900 299 567
1900 17 386
1900 261 563
1900 449 403
1900 442 390
1920 387 739
1920 98 683
1920 417 906
1920 177 606
1920 303 662
1920 161 639
1920 355 828
1920 217 630
1920 407 797
1920 78 678
1920 395 541
1920 281 525
1920 158 641
1920 12 523
1920 330 476
1920 455 714
1920 265 502
1920 299 670
1920 396 546
1920 240 533
1920 303 572
1920 263 560
1920 296 438
1920 182 619
1920 397 345
1940 127 522
1940 385 265
1940 287 652
1940 350 829
1940 355 731
1940 216 627
1940 393 795
1940 102 584
1940 419 574
1940 286 528
1940 70 588
1940 288 737
1940 304 702
1940 352 847
1940 24 388
1940 472 887
1940 259 473
1940 305 684
1940 240 530
1940 299 570
1940 31 403
1940 260 569
1940 374 289
1940 142 489
1960 94 413
1960 395 840
1960 411 957
1960 300 672
1960 357 822
1960 213 633
1960 388 848
1960 429 956
1960 430 550
1960 285 530
1960 50 480
1960 376 186
1960 459 602
1960 263 504
1960 300 677
1960 229 477
1960 300 570
1960 92 408
1960 264 568
1960 367 178
1960 448 165
1960 161 440
1980 88 424
1980 451 888
1980 357 1027
1980 109 281
1980 258 1160
1980 297 656
1980 350 835
1980 214 617
1980 395 830
1980 401 1017
1980 359 486
1980 283 528
1980 255 1161
1980 355 1023
1980 80 298
1980 358 480
1980 264 504
1980 328 629
1980 237 535
1980 299 570
1980 91 313
1980 260 568
1980 148 713
1980 173 490
