1800 368 761
1800 316 815
1800 440 825
1800 286 1142
1800 308 658
1800 378 788
1800 319 809
1800 240 76
1800 217 628
1800 395 826
1800 283 530
1800 288 1188
1800 445 598
1800 260 501
1800 308 662
1800 239 534
1800 300 571
1800 262 570
1820 408 643
1820 224 1317
1820 295 663
1820 360 838
1820 217 627
1820 419 837
1820 29 726
1820 422 515
1820 282 530
1820 220 1231
1820 259 501
1820 320 666
1820 407 649
1820 273 855
1820 242 532
1820 300 570
1820 260 568
1820 430 395
1840 419 651
1840 383 339
1840 276 667
1840 378 863
1840 217 630
1840 401 854
1840 363 495
1840 282 529
1840 385 859
1840 372 496
1840 419 650
1840 261 500
1840 316 674
1840 359 619
1840 241 534
1840 299 570
1840 260 565
1840 371 294
1860 383 706
1860 309 664
1860 355 842
1860 382 693
1860 216 630
1860 390 847
1860 287 528
1860 351 509
1860 259 504
1860 309 670
1860 366 593
1860 240 533
1860 301 575
1860 264 567
1860 317 184
1880 387 848
1880 299 665
1880 347 854
1880 333 748
1880 217 626
1880 399 828
1880 456 1085
1880 376 514
1880 285 526
1880 434 505
1880 376 511
1880 268 497
1880 310 670
1880 240 535
1880 300 567
1880 258 570
1900 401 833
1900 233 701
1900 308 663
1900 356 835
1900 216 628
1900 400 844
1900 65 649
1900 390 495
1900 286 526
1900 390 496
1900 348 475
1900 468 816
1900 260 499
1900 316 663
1900 242 531
1900 303 567
1900 21 383
1900 262 561
1900 443 391
1920 390 736
1920 424 915
1920 177 604
1920 302 666
1920 164 637
1920 361 842
1920 217 631
1920 404 814
1920 78 680
1920 396 544
1920 284 524
1920 406 372
1920 161 639
1920 15 501
1920 330 472
1920 457 712
1920 265 503
1920 307 663
1920 397 545
1920 242 534
1920 303 571
1920 265 567
1920 315 460
1920 180 618
1920 393 358
1940 127 521
1940 355 733
1940 385 290
1940 358 994
1940 283 646
1940 355 832
1940 352 737
1940 217 628
1940 400 836
1940 75 593
1940 286 525
1940 34 560
1940 304 711
1940 357 862
1940 468 866
1940 259 477
1940 309 663
1940 241 532
1940 300 570
1940 43 384
1940 265 567
1940 375 289
1960 95 411
1960 398 838
1960 410 945
1960 300 670
1960 371 856
1960 216 631
1960 386 846
1960 425 987
1960 424 546
1960 285 530
1960 294 1070
1960 40 431
1960 452 585
1960 265 502
1960 312 650
1960 441 566
1960 195 740
1960 236 532
1960 301 569
1960 92 408
1960 265 567
1960 368 180
1960 456 189
1960 160 442
1980 94 429
1980 452 887
1980 102 756
1980 357 1031
1980 238 1283
1980 298 660
1980 352 835
1980 215 620
1980 397 832
1980 408 1018
1980 361 486
1980 283 528
1980 262 1177
1980 359 1029
1980 77 321
1980 360 485
1980 472 917
1980 264 506
1980 328 631
1980 239 537
1980 299 570
1980 79 325
1980 261 570
1980 151 714
1980 174 489
