1800 368 761
1800 315 811
1800 442 832
1800 287 1135
1800 284 656
1800 309 656
1800 395 820
1800 319 810
1800 239 81
1800 216 629
1800 397 823
1800 447 603
1800 283 530
1800 287 1204
1800 444 602
1800 259 500
1800 308 661
1800 238 534
1800 300 571
1800 259 570
1820 407 644
1820 228 1309
1820 291 665
1820 370 851
1820 217 627
1820 423 842
1820 420 516
1820 281 530
1820 216 1235
1820 259 500
1820 320 669
1820 408 643
1820 275 850
1820 240 533
1820 299 571
1820 260 567
1820 430 400
1840 318 859
1840 276 668
1840 376 874
1840 217 630
1840 407 840
1840 362 495
1840 280 531
1840 384 853
1840 362 494
1840 420 652
1840 261 499
1840 313 679
1840 360 619
1840 240 534
1840 298 570
1840 257 567
1860 379 706
1860 310 665
1860 354 844
1860 216 629
1860 396 840
1860 474 523
1860 285 529
1860 341 499
1860 258 503
1860 311 667
1860 367 578
1860 239 535
1860 299 577
1860 263 566
1860 317 184
1880 375 864
1880 294 661
1880 349 858
1880 334 748
1880 217 626
1880 399 829
1880 376 513
1880 280 528
1880 376 510
1880 266 496
1880 313 671
1880 238 534
1880 299 567
1880 256 572
1900 401 832
1900 88 756
1900 230 697
1900 312 670
1900 357 843
1900 216 630
1900 402 837
1900 64 650
1900 382 494
1900 285 528
1900 389 497
1900 351 473
1900 468 821
1900 259 497
1900 318 670
1900 235 705
1900 231 722
1900 241 532
1900 301 568
1900 21 383
1900 259 560
1900 449 408
1900 444 396
1920 392 738
1920 427 920
1920 176 609
1920 308 665
1920 360 850
1920 217 630
1920 408 795
1920 79 683
1920 396 543
1920 281 524
1920 158 643
1920 14 503
1920 330 475
1920 201 628
1920 456 713
1920 264 502
1920 307 665
1920 396 545
1920 241 535
1920 304 573
1920 265 566
1920 181 622
1920 381 369
1940 127 522
1940 397 842
1940 391 286
1940 285 651
1940 356 844
1940 355 738
1940 216 627
1940 400 834
1940 73 593
1940 421 571
1940 285 527
1940 299 736
1940 355 860
1940 470 884
1940 258 474
1940 309 668
1940 239 533
1940 299 570
1940 41 369
1940 263 567
1940 377 291
1940 143 496
1960 95 412
1960 183 745
1960 395 838
1960 409 943
1960 268 703
1960 301 670
1960 376 865
1960 213 633
1960 384 847
1960 429 969
1960 426 548
1960 282 532
1960 295 1071
1960 56 433
1960 366 197
1960 264 502
1960 311 652
1960 440 565
1960 195 738
1960 237 532
1960 301 569
1960 92 408
1960 263 568
1960 368 180
1960 468 144
1960 161 442
1980 93 427
1980 451 891
1980 356 1030
1980 285 651
1980 263 1176
1980 301 661
1980 352 840
1980 215 618
1980 397 830
1980 406 1018
1980 359 487
1980 282 528
1980 264 1176
1980 358 1026
1980 80 308
1980 360 485
1980 263 505
1980 238 536
1980 355 1027
1980 299 569
1980 86 319
1980 261 568
1980 154 716
