1800 426 809
1800 401 830
1800 304 659
1800 379 790
1800 316 815
1800 219 633
1800 386 798
1800 279 534
1800 277 1141
1800 260 503
1800 300 659
1800 462 628
1800 311 825
1800 236 531
1800 304 573
1800 260 570
1820 307 665
1820 349 830
1820 217 628
1820 399 858
1820 284 531
1820 221 1273
1820 258 501
1820 306 664
1820 407 645
1820 279 857
1820 238 534
1820 300 565
1820 257 567
1820 425 396
1840 387 658
1840 420 650
1840 284 677
1840 344 839
1840 217 628
1840 404 849
1840 285 529
1840 366 861
1840 260 502
1840 293 659
1840 387 656
1840 239 534
1840 301 552
1840 255 570
1860 365 682
1860 308 671
1860 355 829
1860 377 702
1860 219 633
1860 392 856
1860 367 553
1860 287 529
1860 340 507
1860 259 506
1860 303 663
1860 369 549
1860 241 535
1860 299 571
1860 260 563
1880 391 829
1880 302 667
1880 340 839
1880 307 728
1880 218 631
1880 383 824
1880 373 512
1880 286 529
1880 368 529
1880 269 497
1880 307 658
1880 462 434
1880 233 534
1880 300 571
1880 255 568
1900 61 644
1900 397 837
1900 227 695
1900 305 666
1900 346 835
1900 217 636
1900 387 832
1900 387 491
1900 290 532
1900 8 644
1900 346 501
1900 231 652
1900 432 391
1900 258 500
1900 308 665
1900 239 531
1900 302 563
1900 259 564
1900 68 654
1900 430 392
1920 380 727
1920 404 877
1920 178 605
1920 304 668
1920 292 439
1920 361 825
1920 218 639
1920 392 801
1920 286 532
1920 421 927
1920 16 503
1920 331 480
1920 267 505
1920 310 598
1920 394 547
1920 233 534
1920 311 594
1920 262 573
1920 299 449
1920 400 343
1940 364 724
1940 385 853
1940 287 673
1940 351 290
1940 352 788
1940 344 754
1940 217 631
1940 288 529
1940 349 865
1940 431 329
1940 261 469
1940 308 693
1940 234 530
1940 301 569
1940 255 576
1940 71 607
1940 445 342
1960 388 1000
1960 167 436
1960 301 680
1960 366 202
1960 357 823
1960 333 207
1960 208 634
1960 428 958
1960 288 530
1960 214 476
1960 253 734
1960 264 505
1960 223 473
1960 300 570
1960 90 404
1960 264 576
1960 152 445
1980 393 826
1980 263 1173
1980 303 659
1980 348 829
1980 207 635
1980 393 832
1980 405 1037
1980 285 530
1980 244 1153
1980 249 1154
1980 351 1059
1980 78 313
1980 263 509
1980 247 1150
1980 230 540
1980 370 1054
1980 301 568
1980 83 324
1980 255 573
1980 152 714
