1800 374 764
1800 440 829
1800 287 1138
1800 309 653
1800 391 811
1800 318 810
1800 238 81
1800 219 629
1800 395 820
1800 284 530
1800 284 1130
1800 14 391
1800 443 605
1800 260 499
1800 307 660
1800 238 532
1800 300 573
1800 260 572
1820 365 840
1820 221 1257
1820 309 663
1820 370 835
1820 217 627
1820 419 839
1820 418 520
1820 282 531
1820 214 1240
1820 22 471
1820 456 661
1820 259 500
1820 308 663
1820 409 639
1820 281 852
1820 240 531
1820 300 571
1820 259 568
1820 430 395
1840 396 855
1840 371 299
1840 277 665
1840 281 661
1840 378 854
1840 218 630
1840 398 845
1840 412 650
1840 281 530
1840 384 849
1840 368 498
1840 260 500
1840 312 674
1840 359 615
1840 240 532
1840 299 571
1840 257 565
1840 374 301
1860 381 709
1860 278 635
1860 310 665
1860 353 838
1860 62 927
1860 218 629
1860 392 846
1860 288 528
1860 341 500
1860 259 501
1860 309 663
1860 367 561
1860 240 532
1860 301 576
1860 262 564
1860 318 184
1880 304 658
1880 349 846
1880 330 738
1880 218 627
1880 399 819
1880 378 509
1880 286 527
1880 433 508
1880 65 528
1880 25 720
1880 376 510
1880 470 436
1880 267 495
1880 314 662
1880 239 533
1880 301 568
1880 255 569
1880 431 501
1900 390 829
1900 87 755
1900 230 685
1900 310 666
1900 355 838
1900 217 631
1900 399 827
1900 62 646
1900 390 496
1900 289 528
1900 433 453
1900 353 471
1900 469 820
1900 259 497
1900 307 673
1900 235 696
1900 236 696
1900 243 532
1900 305 576
1900 260 564
1900 439 390
1900 439 385
1920 394 740
1920 81 679
1920 411 903
1920 179 610
1920 307 660
1920 164 625
1920 363 840
1920 218 630
1920 403 810
1920 77 677
1920 396 543
1920 285 529
1920 158 640
1920 12 515
1920 330 477
1920 455 711
1920 265 502
1920 301 671
1920 396 546
1920 241 533
1920 306 580
1920 267 564
1920 297 437
1920 201 626
1920 399 336
1940 127 522
1940 377 292
1940 357 971
1940 295 660
1940 350 836
1940 354 739
1940 218 627
1940 398 834
1940 101 587
1940 419 577
1940 286 528
1940 435 333
1940 71 581
1940 296 723
1940 351 848
1940 440 329
1940 470 886
1940 257 476
1940 310 679
1940 241 529
1940 299 571
1940 40 303
1940 262 566
1940 375 291
1960 383 838
1960 433 192
1960 402 984
1960 302 669
1960 372 854
1960 216 630
1960 383 836
1960 429 955
1960 425 545
1960 286 531
1960 80 494
1960 46 483
1960 459 601
1960 264 502
1960 299 678
1960 235 523
1960 301 571
1960 91 404
1960 266 567
1960 364 197
1960 163 439
1980 104 429
1980 396 825
1980 101 761
1980 363 1041
1980 107 281
1980 304 657
1980 351 838
1980 214 620
1980 395 824
1980 401 1023
1980 359 487
1980 284 529
1980 261 1169
1980 353 1018
1980 83 285
1980 360 486
1980 264 503
1980 238 535
1980 299 571
1980 92 308
1980 261 567
1980 148 714
