1800 368 760
1800 443 836
1800 286 1128
1800 308 655
1800 390 810
1800 318 810
1800 218 631
1800 393 816
1800 283 532
1800 285 1146
1800 444 603
1800 260 500
1800 308 659
1800 238 531
1800 300 572
1800 266 571
1820 414 636
1820 223 1269
1820 297 666
1820 362 837
1820 217 628
1820 414 838
1820 418 516
1820 283 531
1820 215 1238
1820 259 501
1820 308 666
1820 410 639
1820 280 851
1820 241 531
1820 300 568
1820 261 568
1840 278 667
1840 377 851
1840 218 630
1840 399 837
1840 362 494
1840 283 530
1840 381 850
1840 383 849
1840 363 495
1840 423 648
1840 261 503
1840 314 680
1840 359 618
1840 241 534
1840 298 572
1840 259 566
1860 373 686
1860 309 667
1860 356 834
1860 60 918
1860 218 630
1860 394 836
1860 288 529
1860 342 496
1860 260 503
1860 315 676
1860 366 557
1860 240 532
1860 301 577
1860 264 565
1860 320 183
1880 379 856
1880 298 660
1880 345 841
1880 329 738
1880 218 630
1880 397 822
1880 378 510
1880 287 527
1880 434 510
1880 377 509
1880 268 497
1880 318 669
1880 239 533
1880 299 571
1880 256 571
1880 447 508
1900 394 834
1900 231 683
1900 307 661
1900 352 833
1900 217 632
1900 398 825
1900 63 648
1900 391 495
1900 288 529
1900 390 496
1900 350 471
1900 466 821
1900 259 498
1900 317 671
1900 235 714
1900 234 701
1900 243 530
1900 303 569
1900 264 563
1900 442 392
1920 395 744
1920 417 909
1920 179 611
1920 301 660
1920 298 436
1920 360 834
1920 217 630
1920 404 808
1920 78 683
1920 396 541
1920 283 526
1920 158 647
1920 22 501
1920 331 474
1920 454 737
1920 265 503
1920 300 670
1920 396 546
1920 241 532
1920 304 575
1920 266 560
1920 298 440
1920 181 622
1920 392 357
1940 127 520
1940 391 268
1940 367 971
1940 290 668
1940 350 828
1940 352 737
1940 218 630
1940 391 821
1940 100 586
1940 287 528
1940 289 729
1940 299 722
1940 348 844
1940 472 888
1940 260 480
1940 310 680
1940 240 532
1940 299 570
1940 263 567
1940 377 292
1960 384 845
1960 416 942
1960 296 1067
1960 300 672
1960 365 835
1960 212 637
1960 381 827
1960 429 946
1960 426 547
1960 286 530
1960 355 211
1960 455 580
1960 263 504
1960 233 521
1960 320 1045
1960 301 571
1960 92 410
1960 269 567
1960 370 179
1960 160 438
1980 107 453
1980 450 887
1980 362 1040
1980 113 271
1980 302 658
1980 350 836
1980 215 629
1980 395 823
1980 400 1032
1980 364 482
1980 285 528
1980 260 1165
1980 245 1148
1980 355 1028
1980 79 298
1980 358 486
1980 264 503
1980 238 535
1980 357 1030
1980 298 572
1980 94 317
1980 261 569
1980 151 718
1980 173 489
