1800 403 808
1800 442 833
1800 292 1155
1800 313 663
1800 380 793
1800 318 808
1800 238 72
1800 218 628
1800 392 814
1800 284 530
1800 286 1137
1800 445 604
1800 262 500
1800 306 656
1800 238 529
1800 301 570
1800 262 572
1820 404 634
1820 230 1292
1820 299 658
1820 360 838
1820 217 625
1820 410 846
1820 421 515
1820 283 530
1820 218 1228
1820 422 386
1820 260 500
1820 306 663
1820 410 639
1820 283 852
1820 241 531
1820 299 566
1820 259 567
1840 390 656
1840 278 650
1840 281 656
1840 365 891
1840 351 841
1840 217 624
1840 399 854
1840 282 528
1840 333 867
1840 409 822
1840 362 496
1840 261 500
1840 309 673
1840 360 615
1840 240 532
1840 299 568
1840 257 567
1840 376 304
1860 369 680
1860 276 636
1860 303 642
1860 358 833
1860 61 891
1860 345 849
1860 218 629
1860 396 841
1860 470 512
1860 287 529
1860 340 492
1860 260 502
1860 307 664
1860 367 568
1860 240 531
1860 298 573
1860 261 565
1860 319 185
1880 297 641
1880 348 832
1880 329 757
1880 218 626
1880 397 828
1880 379 508
1880 289 524
1880 435 507
1880 377 508
1880 472 420
1880 270 495
1880 309 651
1880 239 531
1880 300 567
1880 254 569
1880 464 435
1900 400 828
1900 87 756
1900 299 642
1900 353 834
1900 217 631
1900 397 829
1900 63 641
1900 392 494
1900 289 527
1900 391 496
1900 349 471
1900 467 820
1900 259 497
1900 306 658
1900 234 697
1900 242 530
1900 301 567
1900 260 563
1900 445 394
1900 448 397
1920 391 740
1920 424 921
1920 180 607
1920 297 651
1920 181 607
1920 361 831
1920 218 631
1920 403 815
1920 78 678
1920 396 542
1920 279 521
1920 158 641
1920 15 507
1920 332 477
1920 453 750
1920 264 501
1920 303 661
1920 396 545
1920 240 531
1920 303 570
1920 263 555
1920 295 438
1920 193 616
1920 402 339
1940 126 517
1940 363 729
1940 388 266
1940 376 989
1940 288 596
1940 358 288
1940 351 816
1940 353 814
1940 218 629
1940 397 843
1940 70 583
1940 418 576
1940 287 527
1940 463 290
1940 287 670
1940 352 844
1940 13 602
1940 446 295
1940 424 331
1940 475 888
1940 258 472
1940 308 673
1940 238 531
1940 300 566
1940 257 571
1940 468 294
1940 373 291
1960 93 407
1960 216 474
1960 437 184
1960 409 934
1960 93 403
1960 258 708
1960 303 669
1960 367 840
1960 343 837
1960 214 627
1960 388 837
1960 430 945
1960 425 545
1960 286 529
1960 217 473
1960 437 191
1960 372 204
1960 462 585
1960 264 502
1960 299 689
1960 434 558
1960 230 467
1960 300 569
1960 91 404
1960 265 568
1960 370 182
1960 458 159
1960 159 435
1980 105 441
1980 451 884
1980 397 1021
1980 108 275
1980 243 1149
1980 299 630
1980 351 833
1980 353 822
1980 211 604
1980 395 821
1980 403 1026
1980 364 481
1980 285 528
1980 256 1155
1980 262 1169
1980 86 411
1980 281 656
1980 355 1023
1980 83 293
1980 359 483
1980 477 927
1980 264 503
1980 238 533
1980 299 570
1980 94 313
1980 259 570
1980 147 702
1980 175 484
