1800 368 761
1800 443 829
1800 286 1140
1800 309 653
1800 374 771
1800 320 809
1800 239 72
1800 216 626
1800 398 821
1800 457 627
1800 284 529
1800 288 1168
1800 445 604
1800 260 499
1800 308 660
1800 238 530
1800 300 569
1800 259 571
1820 410 637
1820 433 396
1820 224 1304
1820 296 661
1820 367 841
1820 217 625
1820 420 836
1820 419 518
1820 284 529
1820 218 1231
1820 259 499
1820 317 666
1820 411 642
1820 241 531
1820 299 567
1820 260 567
1820 433 400
1840 405 833
1840 276 665
1840 375 870
1840 217 629
1840 410 831
1840 282 529
1840 397 844
1840 367 499
1840 418 652
1840 261 498
1840 314 675
1840 360 621
1840 240 533
1840 298 566
1840 257 565
1840 375 305
1860 380 698
1860 309 663
1860 353 843
1860 59 914
1860 384 689
1860 217 628
1860 398 843
1860 475 520
1860 287 527
1860 342 501
1860 259 501
1860 314 676
1860 362 685
1860 239 533
1860 302 574
1860 263 565
1860 318 182
1880 399 829
1880 294 660
1880 347 852
1880 335 747
1880 217 627
1880 401 827
1880 377 510
1880 284 525
1880 467 436
1880 363 515
1880 475 436
1880 265 494
1880 316 666
1880 239 533
1880 300 567
1880 257 570
1900 399 831
1900 231 679
1900 311 667
1900 354 838
1900 216 629
1900 402 831
1900 64 650
1900 382 494
1900 287 526
1900 437 448
1900 351 472
1900 473 814
1900 259 496
1900 317 673
1900 234 697
1900 233 705
1900 243 531
1900 304 571
1900 259 558
1900 442 390
1920 386 736
1920 424 921
1920 178 607
1920 311 624
1920 158 643
1920 358 843
1920 217 628
1920 405 814
1920 79 681
1920 396 543
1920 283 523
1920 158 638
1920 315 460
1920 457 710
1920 264 500
1920 303 678
1920 397 547
1920 241 535
1920 305 570
1920 265 564
1920 186 622
1920 401 347
1940 128 520
1940 398 837
1940 384 290
1940 289 661
1940 353 837
1940 356 735
1940 216 624
1940 401 834
1940 73 593
1940 420 572
1940 285 526
1940 434 328
1940 70 584
1940 292 740
1940 354 854
1940 460 312
1940 472 890
1940 261 475
1940 307 676
1940 240 532
1940 299 570
1940 45 402
1940 261 566
1940 376 288
1940 138 503
1960 103 444
1960 178 729
1960 392 848
1960 369 179
1960 413 973
1960 301 669
1960 369 863
1960 215 630
1960 390 855
1960 88 638
1960 429 962
1960 438 557
1960 285 529
1960 288 1076
1960 265 501
1960 305 669
1960 445 573
1960 238 532
1960 300 567
1960 91 407
1960 263 568
1960 370 179
1960 161 439
1980 94 425
1980 452 888
1980 93 758
1980 383 1024
1980 110 284
1980 270 1184
1980 300 659
1980 350 835
1980 214 618
1980 398 829
1980 406 1018
1980 361 482
1980 284 527
1980 262 1176
1980 358 1026
1980 79 322
1980 360 480
1980 264 504
1980 238 534
1980 300 569
1980 93 315
1980 261 567
1980 159 713
