1800 376 761
1800 444 838
1800 290 1120
1800 308 659
1800 373 773
1800 318 809
1800 219 631
1800 393 816
1800 283 532
1800 283 1127
1800 444 605
1800 261 501
1800 308 662
1800 239 532
1800 301 572
1800 267 573
1820 420 836
1820 222 1276
1820 307 666
1820 359 837
1820 218 628
1820 410 843
1820 417 518
1820 284 532
1820 220 1229
1820 459 659
1820 260 502
1820 307 666
1820 409 636
1820 280 855
1820 241 532
1820 301 570
1820 262 569
1840 281 660
1840 281 663
1840 376 851
1840 351 834
1840 218 630
1840 399 851
1840 285 529
1840 364 498
1840 261 502
1840 313 677
1840 359 616
1840 242 532
1840 299 571
1840 261 567
1840 375 303
1860 386 850
1860 282 606
1860 310 666
1860 358 839
1860 62 920
1860 363 715
1860 219 632
1860 396 844
1860 287 530
1860 340 497
1860 260 505
1860 312 673
1860 367 563
1860 241 533
1860 305 579
1860 267 567
1860 318 185
1880 305 662
1880 346 838
1880 328 760
1880 219 632
1880 397 827
1880 376 511
1880 289 526
1880 26 726
1880 360 519
1880 270 501
1880 313 671
1880 240 534
1880 301 574
1880 258 570
1880 431 505
1900 396 835
1900 66 649
1900 233 687
1900 310 666
1900 353 832
1900 219 633
1900 397 826
1900 61 648
1900 390 496
1900 289 529
1900 397 509
1900 346 472
1900 465 828
1900 260 499
1900 313 672
1900 239 696
1900 237 686
1900 244 534
1900 306 575
1900 266 562
1900 440 390
1920 393 743
1920 420 922
1920 182 612
1920 303 660
1920 296 437
1920 365 835
1920 218 633
1920 403 812
1920 80 687
1920 285 530
1920 159 645
1920 19 518
1920 330 477
1920 453 717
1920 266 504
1920 303 676
1920 395 546
1920 244 536
1920 305 574
1920 269 565
1920 297 443
1920 192 623
1920 391 361
1940 128 524
1940 356 734
1940 387 267
1940 373 991
1940 294 663
1940 349 833
1940 349 745
1940 219 632
1940 393 776
1940 73 592
1940 287 528
1940 73 592
1940 295 720
1940 356 849
1940 475 897
1940 261 475
1940 310 686
1940 240 531
1940 300 570
1940 266 567
1940 374 292
1960 96 412
1960 215 475
1960 387 838
1960 408 941
1960 297 1070
1960 40 278
1960 265 709
1960 302 673
1960 399 225
1960 372 851
1960 215 634
1960 380 828
1960 84 717
1960 429 943
1960 425 546
1960 287 530
1960 215 476
1960 37 515
1960 370 202
1960 264 505
1960 433 558
1960 240 529
1960 336 1057
1960 301 570
1960 93 409
1960 269 568
1960 372 182
1960 160 439
1980 99 430
1980 397 825
1980 365 1051
1980 113 270
1980 280 592
1980 302 659
1980 350 836
1980 216 629
1980 395 826
1980 400 1033
1980 360 487
1980 285 529
1980 259 1163
1980 72 422
1980 356 1027
1980 86 288
1980 360 487
1980 265 506
1980 239 534
1980 299 571
1980 95 315
1980 265 567
1980 153 721
1980 178 494
