1800 368 761
1800 41 898
1800 441 828
1800 283 1139
1800 286 596
1800 310 656
1800 374 766
1800 319 810
1800 239 78
1800 217 628
1800 397 821
1800 445 602
1800 284 529
1800 289 1193
1800 446 597
1800 445 602
1800 259 500
1800 308 658
1800 239 531
1800 300 571
1800 261 570
1820 409 642
1820 227 1273
1820 287 663
1820 359 837
1820 217 627
1820 417 837
1820 419 518
1820 283 529
1820 218 1231
1820 458 667
1820 259 501
1820 317 663
1820 407 647
1820 276 850
1820 241 531
1820 299 570
1820 261 566
1820 433 402
1840 421 647
1840 277 666
1840 380 851
1840 367 836
1840 218 630
1840 406 840
1840 363 497
1840 283 529
1840 385 849
1840 363 495
1840 423 655
1840 261 500
1840 317 668
1840 359 619
1840 241 533
1840 298 571
1840 259 565
1840 370 294
1860 382 700
1860 308 663
1860 357 838
1860 382 688
1860 217 630
1860 392 844
1860 474 518
1860 286 529
1860 342 498
1860 259 505
1860 314 659
1860 365 580
1860 241 532
1860 301 577
1860 263 565
1860 319 184
1880 376 858
1880 297 659
1880 347 848
1880 333 748
1880 217 628
1880 400 817
1880 461 1077
1880 377 515
1880 284 526
1880 464 449
1880 20 656
1880 373 516
1880 472 437
1880 267 497
1880 320 638
1880 239 532
1880 300 567
1880 259 568
1880 434 515
1900 401 831
1900 89 764
1900 230 702
1900 309 601
1900 237 685
1900 354 829
1900 216 632
1900 398 835
1900 64 648
1900 385 494
1900 287 527
1900 430 447
1900 352 473
1900 475 803
1900 259 497
1900 319 658
1900 235 700
1900 232 720
1900 242 531
1900 300 565
1900 260 559
1900 440 387
1920 393 742
1920 421 909
1920 176 606
1920 303 622
1920 166 633
1920 357 831
1920 216 629
1920 404 815
1920 78 679
1920 396 544
1920 280 522
1920 380 372
1920 158 643
1920 280 654
1920 12 511
1920 331 476
1920 203 629
1920 459 715
1920 265 503
1920 307 642
1920 397 547
1920 242 534
1920 303 569
1920 264 561
1920 295 438
1920 181 622
1920 381 375
1940 128 524
1940 401 829
1940 373 292
1940 366 981
1940 251 445
1940 291 607
1940 352 825
1940 354 737
1940 216 625
1940 397 815
1940 73 593
1940 421 573
1940 285 528
1940 70 586
1940 293 738
1940 304 709
1940 354 850
1940 473 891
1940 260 472
1940 311 658
1940 240 532
1940 299 570
1940 263 565
1940 375 290
1940 141 498
1960 93 410
1960 181 734
1960 397 830
1960 410 936
1960 264 710
1960 301 671
1960 364 827
1960 212 635
1960 381 840
1960 93 675
1960 429 966
1960 429 552
1960 285 529
1960 87 482
1960 56 458
1960 452 576
1960 264 502
1960 304 668
1960 439 560
1960 198 736
1960 238 528
1960 301 569
1960 92 408
1960 264 566
1960 371 179
1960 460 168
1960 160 441
1980 88 427
1980 451 887
1980 95 760
1980 356 1027
1980 112 289
1980 301 657
1980 351 834
1980 214 623
1980 396 829
1980 401 1022
1980 363 485
1980 284 528
1980 264 1168
1980 248 1147
1980 95 477
1980 280 660
1980 357 1026
1980 77 315
1980 359 484
1980 264 503
1980 335 643
1980 239 534
1980 299 571
1980 87 314
1980 262 567
1980 149 715
1980 338 103
1980 174 489
