1800 368 762
1800 315 815
1800 440 825
1800 286 1147
1800 309 660
1800 377 794
1800 319 809
1800 240 77
1800 216 629
1800 398 824
1800 444 604
1800 283 530
1800 293 1195
1800 17 390
1800 445 600
1800 260 500
1800 309 664
1800 239 534
1800 300 571
1800 262 570
1820 405 650
1820 423 848
1820 222 1304
1820 288 664
1820 363 838
1820 217 627
1820 420 836
1820 29 734
1820 423 516
1820 282 530
1820 219 1231
1820 24 383
1820 457 668
1820 259 500
1820 321 669
1820 409 645
1820 274 852
1820 241 532
1820 299 570
1820 260 567
1820 428 396
1840 401 826
1840 370 297
1840 317 863
1840 276 667
1840 375 857
1840 218 631
1840 404 841
1840 363 496
1840 282 530
1840 385 852
1840 364 496
1840 421 654
1840 261 500
1840 313 677
1840 392 658
1840 241 534
1840 298 571
1840 258 567
1840 369 294
1860 379 708
1860 309 664
1860 355 841
1860 217 630
1860 391 846
1860 474 522
1860 286 529
1860 342 505
1860 259 504
1860 312 665
1860 366 607
1860 240 533
1860 302 579
1860 263 566
1860 317 185
1880 380 836
1880 298 664
1880 346 857
1880 332 749
1880 217 627
1880 399 828
1880 453 1090
1880 376 514
1880 286 527
1880 435 507
1880 374 515
1880 471 440
1880 268 497
1880 308 657
1880 240 536
1880 300 568
1880 257 571
1880 433 504
1900 402 839
1900 86 752
1900 235 708
1900 310 663
1900 356 837
1900 216 629
1900 399 845
1900 64 648
1900 383 493
1900 285 526
1900 391 494
1900 354 474
1900 470 821
1900 260 499
1900 313 659
1900 231 726
1900 242 532
1900 302 566
1900 21 382
1900 262 563
1900 443 395
1900 439 391
1920 388 736
1920 424 923
1920 176 609
1920 304 664
1920 163 639
1920 358 841
1920 217 632
1920 404 816
1920 78 682
1920 395 548
1920 283 526
1920 160 640
1920 18 383
1920 329 475
1920 192 625
1920 458 714
1920 265 503
1920 303 669
1920 397 546
1920 242 536
1920 304 572
1920 265 565
1920 298 444
1920 183 621
1920 380 379
1940 127 522
1940 404 840
1940 381 292
1940 365 991
1940 248 468
1940 289 616
1940 354 833
1940 351 739
1940 217 629
1940 400 837
1940 73 595
1940 420 574
1940 285 526
1940 31 576
1940 296 729
1940 304 689
1940 359 858
1940 470 868
1940 262 486
1940 308 661
1940 240 533
1940 300 571
1940 39 395
1940 264 566
1940 377 292
1940 127 524
1960 96 421
1960 395 842
1960 407 943
1960 267 712
1960 300 673
1960 371 857
1960 216 632
1960 389 847
1960 88 637
1960 427 972
1960 424 547
1960 284 530
1960 295 1070
1960 455 603
1960 265 502
1960 308 652
1960 196 741
1960 237 533
1960 301 569
1960 92 409
1960 264 568
1960 370 182
1960 161 442
1980 88 412
1980 452 890
1980 122 791
1980 357 1031
1980 114 289
1980 247 1231
1980 298 659
1980 352 836
1980 215 625
1980 395 832
1980 407 1016
1980 359 488
1980 283 529
1980 263 1175
1980 281 660
1980 359 1028
1980 79 323
1980 360 488
1980 264 505
1980 322 630
1980 239 538
1980 299 571
1980 78 322
1980 261 569
1980 151 717
1980 186 485
