1800 366 761
1800 315 812
1800 439 821
1800 286 1138
1800 288 594
1800 309 657
1800 393 810
1800 318 808
1800 239 82
1800 217 629
1800 395 818
1800 443 601
1800 283 530
1800 286 1182
1800 444 603
1800 260 501
1800 307 659
1800 238 533
1800 300 571
1800 258 571
1820 407 649
1820 231 1306
1820 278 664
1820 364 836
1820 217 627
1820 421 834
1820 26 708
1820 418 516
1820 283 530
1820 218 1231
1820 259 500
1820 312 662
1820 408 640
1820 278 849
1820 240 532
1820 299 570
1820 260 568
1820 425 394
1840 406 679
1840 318 859
1840 274 667
1840 382 857
1840 218 630
1840 398 831
1840 362 496
1840 282 529
1840 279 664
1840 384 852
1840 368 495
1840 416 643
1840 261 500
1840 311 677
1840 358 618
1840 240 534
1840 299 572
1840 257 567
1860 382 695
1860 310 663
1860 356 834
1860 217 629
1860 389 848
1860 474 519
1860 286 528
1860 342 501
1860 259 504
1860 311 661
1860 367 571
1860 239 534
1860 300 575
1860 263 566
1860 318 185
1880 373 837
1880 294 659
1880 347 852
1880 336 746
1880 218 627
1880 399 795
1880 457 1076
1880 376 512
1880 284 527
1880 466 456
1880 28 698
1880 375 511
1880 471 436
1880 268 498
1880 308 664
1880 238 533
1880 300 568
1880 256 573
1880 464 453
1900 389 821
1900 68 764
1900 233 703
1900 306 624
1900 355 833
1900 217 631
1900 401 834
1900 63 647
1900 380 493
1900 287 527
1900 388 501
1900 347 471
1900 470 815
1900 260 497
1900 307 669
1900 233 713
1900 231 717
1900 241 532
1900 300 566
1900 24 379
1900 260 561
1900 441 391
1900 442 387
1920 386 734
1920 80 684
1920 420 906
1920 177 603
1920 305 629
1920 159 641
1920 362 832
1920 217 630
1920 407 793
1920 77 677
1920 394 548
1920 284 526
1920 328 472
1920 160 641
1920 12 500
1920 327 471
1920 187 621
1920 457 713
1920 265 503
1920 302 655
1920 396 545
1920 240 534
1920 303 571
1920 264 563
1920 295 438
1920 183 626
1920 379 372
1940 127 522
1940 353 736
1940 388 270
1940 364 977
1940 286 632
1940 352 833
1940 352 738
1940 217 627
1940 399 756
1940 70 592
1940 418 569
1940 286 527
1940 26 585
1940 295 722
1940 305 694
1940 365 861
1940 467 860
1940 258 476
1940 308 666
1940 239 533
1940 299 571
1940 263 568
1940 376 290
1940 127 523
1960 95 494
1960 175 731
1960 391 836
1960 406 942
1960 260 710
1960 295 660
1960 371 854
1960 215 631
1960 380 838
1960 87 636
1960 428 960
1960 424 544
1960 285 529
1960 294 1068
1960 206 626
1960 67 507
1960 444 565
1960 264 502
1960 303 658
1960 432 556
1960 198 732
1960 233 532
1960 301 569
1960 90 405
1960 263 569
1960 366 177
1960 162 442
1980 82 408
1980 450 888
1980 402 1032
1980 90 760
1980 354 1023
1980 119 286
1980 268 1223
1980 299 651
1980 351 833
1980 215 617
1980 396 826
1980 405 1015
1980 357 484
1980 283 528
1980 262 1169
1980 280 658
1980 356 1021
1980 78 317
1980 358 483
1980 264 502
1980 322 620
1980 238 537
1980 353 1022
1980 299 571
1980 79 308
1980 260 567
1980 167 719
1980 174 487
