1800 235 627
1800 468 623
1800 262 493
1800 230 59
1800 414 807
1800 442 787
1800 249 78
1800 237 531
1800 237 58
1800 81 478
1800 42 842
1800 305 1102
1800 349 1191
1800 280 1096
1800 293 1132
1800 35 876
1800 258 71
1800 454 613
1800 217 603
1800 465 1059
1800 282 530
1800 346 839
1800 382 791
1800 303 567
1800 296 658
1800 427 714
1800 427 817
1800 39 885
1800 436 819
1800 89 862
1800 260 562
1800 224 69
1800 378 790
1820 399 821
1820 429 515
1820 262 494
1820 327 718
1820 204 1340
1820 422 836
1820 48 868
1820 239 526
1820 44 837
1820 223 1252
1820 223 1243
1820 350 656
1820 230 1245
1820 436 391
1820 229 1361
1820 419 619
1820 216 593
1820 358 819
1820 217 1294
1820 281 524
1820 383 841
1820 309 585
1820 289 666
1820 387 725
1820 433 849
1820 473 1029
1820 77 418
1820 39 854
1820 258 563
1820 346 844
1820 285 856
1820 350 666
1840 391 800
1840 222 15
1840 141 1387
1840 258 494
1840 169 1392
1840 413 827
1840 400 651
1840 24 1248
1840 237 534
1840 42 918
1840 435 640
1840 219 613
1840 356 829
1840 282 524
1840 379 845
1840 299 547
1840 387 656
1840 39 926
1840 91 842
1840 84 873
1840 258 561
1840 355 832
1840 318 856
1860 383 692
1860 234 611
1860 372 549
1860 467 501
1860 258 497
1860 333 664
1860 409 822
1860 393 664
1860 291 661
1860 237 520
1860 75 449
1860 41 921
1860 372 554
1860 473 516
1860 288 671
1860 221 613
1860 352 816
1860 282 518
1860 354 818
1860 286 530
1860 471 494
1860 380 849
1860 309 575
1860 288 671
1860 374 678
1860 97 919
1860 71 895
1860 262 550
1860 241 601
1860 339 848
1860 470 1052
1860 345 691
1880 393 799
1880 236 602
1880 353 556
1880 354 510
1880 434 494
1880 260 495
1880 323 667
1880 414 835
1880 288 662
1880 36 1194
1880 237 530
1880 43 858
1880 326 754
1880 365 520
1880 471 528
1880 220 613
1880 464 1025
1880 344 513
1880 281 507
1880 382 507
1880 380 854
1880 306 547
1880 288 668
1880 43 831
1880 53 826
1880 294 668
1880 72 804
1880 260 564
1880 237 600
1880 341 839
1880 366 837
1900 383 492
1900 391 806
1900 65 750
1900 354 469
1900 334 493
1900 356 471
1900 450 419
1900 258 495
1900 247 694
1900 410 829
1900 293 666
1900 234 536
1900 239 645
1900 40 1025
1900 426 533
1900 475 737
1900 219 609
1900 462 1034
1900 351 823
1900 79 744
1900 282 522
1900 448 383
1900 63 636
1900 380 848
1900 303 539
1900 286 671
1900 390 492
1900 461 823
1900 461 817
1900 92 744
1900 78 805
1900 259 565
1900 344 842
1900 62 635
1900 466 1110
1920 381 719
1920 22 591
1920 237 546
1920 332 471
1920 380 554
1920 262 500
1920 151 623
1920 38 246
1920 412 824
1920 156 624
1920 376 863
1920 398 328
1920 81 657
1920 239 527
1920 75 661
1920 291 440
1920 40 256
1920 425 587
1920 476 742
1920 218 606
1920 466 1052
1920 355 801
1920 281 519
1920 364 784
1920 287 578
1920 427 334
1920 380 820
1920 288 664
1920 368 544
1920 468 917
1920 470 1019
1920 305 433
1920 316 467
1920 290 463
1920 261 556
1920 237 529
1920 345 839
1920 40 258
1940 361 976
1940 385 767
1940 236 624
1940 419 299
1940 445 319
1940 260 481
1940 460 280
1940 360 723
1940 327 670
1940 243 431
1940 447 912
1940 94 582
1940 384 855
1940 401 269
1940 464 279
1940 354 731
1940 144 489
1940 35 1232
1940 233 548
1940 156 498
1940 147 490
1940 333 753
1940 443 314
1940 282 657
1940 221 610
1940 352 829
1940 281 492
1940 389 263
1940 50 598
1940 382 856
1940 301 563
1940 289 674
1940 138 494
1940 465 866
1940 465 839
1940 133 490
1940 91 801
1940 132 490
1940 260 559
1940 237 609
1940 368 274
1940 340 868
1940 364 279
1940 99 560
1940 371 731
1960 385 759
1960 234 622
1960 436 554
1960 259 499
1960 414 209
1960 103 384
1960 469 1082
1960 397 1037
1960 403 205
1960 236 517
1960 71 425
1960 316 1041
1960 425 538
1960 218 600
1960 406 981
1960 331 1064
1960 356 840
1960 244 1231
1960 280 523
1960 380 860
1960 302 565
1960 289 561
1960 414 549
1960 102 819
1960 76 428
1960 72 795
1960 260 561
1960 281 537
1960 238 600
1960 408 211
1960 343 896
1960 426 196
1960 377 868
1980 384 485
1980 395 1024
1980 408 821
1980 360 484
1980 361 486
1980 85 276
1980 261 499
1980 362 69
1980 310 122
1980 326 674
1980 73 411
1980 412 833
1980 289 648
1980 401 1013
1980 28 1219
1980 240 533
1980 97 420
1980 158 715
1980 168 484
1980 77 408
1980 354 1181
1980 286 657
1980 399 166
1980 479 904
1980 283 660
1980 218 589
1980 411 991
1980 364 1149
1980 351 837
1980 252 1143
1980 282 520
1980 367 1043
1980 379 843
1980 301 548
1980 291 658
1980 470 912
1980 469 876
1980 99 722
1980 72 411
1980 296 659
1980 259 560
1980 105 264
1980 392 83
1980 459 1107
1980 399 819
