1800 263 564
1800 262 524
1800 257 39
1800 445 647
1800 224 668
1800 253 94
1800 95 481
1800 39 995
1800 302 1109
1800 323 1125
1800 293 1116
1800 304 1234
1800 450 624
1800 463 1076
1800 362 1183
1800 425 892
1800 293 611
1800 345 873
1800 468 220
1800 419 860
1800 310 674
1800 478 521
1800 265 563
1800 430 840
1800 292 690
1800 328 836
1800 326 1097
1800 24 386
1800 68 905
1800 289 589
1800 340 834
1820 268 515
1820 440 559
1820 474 688
1820 264 512
1820 288 858
1820 222 1301
1820 426 683
1820 245 549
1820 1 760
1820 38 973
1820 441 560
1820 242 1229
1820 429 644
1820 285 673
1820 468 1052
1820 431 681
1820 296 582
1820 463 640
1820 267 564
1820 451 880
1820 288 859
1820 16 407
1820 46 932
1820 273 860
1840 263 544
1840 136 1316
1840 262 534
1840 103 1375
1840 368 291
1840 423 686
1840 188 1371
1840 421 691
1840 429 658
1840 219 654
1840 460 1072
1840 353 1327
1840 375 668
1840 298 572
1840 378 509
1840 176 1273
1840 436 651
1840 268 598
1840 381 315
1840 16 387
1840 292 575
1840 323 861
1840 467 1050
1860 355 517
1860 397 823
1860 468 536
1860 476 527
1860 260 524
1860 68 1377
1860 380 725
1860 381 571
1860 412 839
1860 383 729
1860 49 1210
1860 263 563
1860 80 485
1860 51 962
1860 400 715
1860 476 705
1860 464 1115
1860 404 762
1860 295 550
1860 397 860
1860 333 615
1860 353 500
1860 476 635
1860 273 559
1860 58 1005
1860 461 873
1860 380 558
1860 88 862
1860 282 599
1860 291 547
1860 467 1058
1860 352 844
1880 360 530
1880 372 896
1880 383 535
1880 467 658
1880 256 589
1880 310 677
1880 243 551
1880 267 562
1880 43 912
1880 476 656
1880 225 645
1880 462 1058
1880 371 602
1880 292 541
1880 392 857
1880 301 696
1880 348 528
1880 435 565
1880 478 618
1880 472 949
1880 359 568
1880 388 546
1880 467 1054
1880 366 539
1900 358 509
1900 241 741
1900 363 840
1900 88 770
1900 346 463
1900 442 471
1900 144 1307
1900 251 747
1900 401 517
1900 467 523
1900 260 529
1900 112 1308
1900 242 748
1900 402 517
1900 227 727
1900 417 845
1900 429 441
1900 230 712
1900 233 723
1900 1 770
1900 451 449
1900 461 1102
1900 418 845
1900 389 505
1900 298 552
1900 376 485
1900 240 728
1900 413 833
1900 347 514
1900 451 478
1900 468 848
1900 471 894
1900 389 494
1900 342 463
1900 240 711
1900 92 780
1900 242 730
1900 466 1057
1900 353 513
1920 61 701
1920 282 533
1920 320 467
1920 413 572
1920 463 438
1920 256 568
1920 326 469
1920 148 648
1920 387 581
1920 425 924
1920 396 982
1920 232 595
1920 298 448
1920 420 406
1920 310 682
1920 108 681
1920 236 614
1920 264 561
1920 163 642
1920 2 699
1920 418 588
1920 471 720
1920 464 1097
1920 376 855
1920 393 568
1920 295 539
1920 411 407
1920 383 769
1920 404 335
1920 415 826
1920 367 537
1920 306 678
1920 448 451
1920 447 960
1920 275 548
1920 415 779
1920 345 504
1920 389 364
1920 281 584
1920 119 695
1920 23 732
1920 464 1060
1940 387 989
1940 358 1008
1940 412 325
1940 135 1234
1940 455 360
1940 465 313
1940 260 516
1940 392 289
1940 246 546
1940 461 946
1940 386 1000
1940 272 516
1940 428 346
1940 437 330
1940 236 627
1940 3 744
1940 356 731
1940 470 309
1940 478 798
1940 462 1054
1940 293 538
1940 447 295
1940 418 280
1940 474 689
1940 146 499
1940 479 791
1940 455 861
1940 396 258
1940 395 278
1940 380 275
1940 155 532
1940 104 601
1940 471 977
1960 368 1005
1960 278 545
1960 433 224
1960 260 578
1960 433 213
1960 473 1054
1960 445 592
1960 414 1021
1960 423 234
1960 174 460
1960 38 577
1960 327 1078
1960 419 567
1960 450 605
1960 468 1148
1960 296 582
1960 442 300
1960 448 314
1960 183 753
1960 434 965
1960 309 678
1960 443 563
1960 104 408
1960 86 864
1960 369 1202
1960 407 213
1980 344 494
1980 366 859
1980 379 491
1980 361 1094
1980 252 569
1980 152 724
1980 394 73
1980 293 80
1980 368 44
1980 413 854
1980 400 1041
1980 384 57
1980 377 496
1980 156 707
1980 118 467
1980 76 460
1980 330 1249
1980 146 742
1980 406 158
1980 88 274
1980 475 626
1980 287 666
1980 429 1083
1980 388 1150
1980 408 838
1980 298 1245
1980 301 607
1980 378 492
1980 413 859
1980 474 227
1980 400 837
1980 305 699
1980 478 591
1980 273 580
1980 460 901
1980 364 515
1980 361 499
1980 360 987
1980 50 296
1980 73 722
1980 414 174
1980 191 497
1980 469 1108
