1800 377 764
1800 266 492
1800 263 65
1800 224 68
1800 411 854
1800 433 836
1800 247 534
1800 239 68
1800 80 479
1800 40 914
1800 288 1107
1800 319 1139
1800 287 1147
1800 287 1170
1800 458 630
1800 313 1195
1800 382 802
1800 294 560
1800 330 804
1800 384 805
1800 270 26
1800 303 565
1800 425 636
1800 447 844
1800 425 823
1800 258 1080
1800 13 386
1800 262 563
1800 463 1071
1800 376 785
1820 433 518
1820 267 495
1820 219 1220
1820 419 838
1820 419 617
1820 308 663
1820 245 526
1820 216 24
1820 41 898
1820 241 1311
1820 231 1262
1820 441 399
1820 200 1338
1820 442 632
1820 461 1169
1820 375 849
1820 250 1320
1820 292 532
1820 370 848
1820 284 853
1820 374 866
1820 309 564
1820 302 656
1820 406 628
1820 463 1125
1820 24 902
1820 262 565
1820 288 863
1820 466 1045
1820 356 839
1840 430 645
1840 266 494
1840 322 635
1840 409 837
1840 402 672
1840 321 863
1840 302 649
1840 76 450
1840 37 1072
1840 460 1097
1840 368 852
1840 293 535
1840 365 857
1840 307 565
1840 276 528
1840 372 619
1840 262 565
1840 334 918
1840 462 1057
1840 358 976
1860 354 501
1860 374 758
1860 266 491
1860 376 677
1860 407 834
1860 395 677
1860 308 657
1860 380 862
1860 244 521
1860 65 467
1860 354 694
1860 464 1080
1860 371 861
1860 345 491
1860 290 529
1860 340 856
1860 297 562
1860 370 851
1860 303 554
1860 75 1343
1860 76 904
1860 267 551
1860 465 1063
1860 342 846
1860 313 575
1880 357 518
1880 430 489
1880 370 524
1880 446 505
1880 265 495
1880 317 676
1880 326 774
1880 406 831
1880 305 662
1880 330 759
1880 246 526
1880 40 881
1880 374 512
1880 457 1059
1880 373 861
1880 291 512
1880 372 858
1880 309 547
1880 311 666
1880 421 537
1880 472 1032
1880 263 568
1880 360 843
1880 462 1089
1900 356 473
1900 224 709
1900 385 861
1900 41 810
1900 237 689
1900 386 494
1900 464 463
1900 266 494
1900 238 692
1900 237 717
1900 229 709
1900 409 825
1900 307 655
1900 67 639
1900 242 529
1900 245 679
1900 374 481
1900 370 857
1900 288 524
1900 236 685
1900 371 863
1900 299 546
1900 291 686
1900 391 489
1900 454 859
1900 470 1054
1900 72 806
1900 262 568
1900 343 902
1900 238 691
1900 244 732
1900 462 1095
1920 377 758
1920 391 356
1920 397 546
1920 265 503
1920 309 436
1920 156 632
1920 27 256
1920 303 430
1920 414 877
1920 410 765
1920 305 661
1920 391 356
1920 81 661
1920 245 526
1920 402 545
1920 466 1146
1920 373 853
1920 289 528
1920 293 599
1920 401 332
1920 369 846
1920 312 437
1920 302 664
1920 162 628
1920 395 548
1920 433 918
1920 105 675
1920 293 436
1920 92 1221
1920 264 564
1920 459 1083
1920 344 848
1940 374 986
1940 459 299
1940 264 491
1940 369 718
1940 413 843
1940 308 648
1940 388 1010
1940 267 456
1940 148 496
1940 240 539
1940 147 498
1940 457 307
1940 364 877
1940 293 519
1940 384 986
1940 395 259
1940 370 857
1940 304 566
1940 280 562
1940 420 582
1940 467 862
1940 459 879
1940 138 505
1940 262 557
1940 97 573
1940 468 1055
1940 347 731
1960 345 1072
1960 394 211
1960 268 500
1960 199 741
1960 425 196
1960 83 401
1960 429 928
1960 244 517
1960 198 604
1960 136 381
1960 65 484
1960 304 1072
1960 423 536
1960 423 973
1960 341 1100
1960 368 855
1960 292 527
1960 434 264
1960 442 251
1960 189 755
1960 369 869
1960 299 541
1960 288 528
1960 422 535
1960 479 875
1960 263 562
1960 269 550
1960 228 688
1960 464 1110
1980 360 473
1980 394 1042
1980 391 852
1980 282 677
1980 266 496
1980 408 837
1980 307 668
1980 381 1046
1980 386 103
1980 247 525
1980 142 733
1980 78 416
1980 241 1161
1980 324 1206
1980 257 1165
1980 264 1306
1980 115 256
1980 367 855
1980 292 523
1980 355 1046
1980 385 489
1980 370 851
1980 303 563
1980 295 670
1980 463 907
1980 462 878
1980 460 906
1980 68 745
1980 32 404
1980 264 560
1980 189 486
1980 458 1108
1980 349 845
