1800 301 570
1800 467 629
1800 260 501
1800 291 1196
1800 32 917
1800 260 567
1800 311 661
1800 217 624
1800 314 817
1800 393 817
1800 282 529
1800 368 772
1800 443 832
1800 77 482
1800 184 1322
1800 239 533
1820 301 568
1820 457 650
1820 259 502
1820 414 649
1820 279 674
1820 33 925
1820 422 834
1820 261 571
1820 413 651
1820 308 665
1820 216 625
1820 222 1230
1820 284 528
1820 218 1249
1820 360 833
1820 238 535
1840 299 568
1840 364 289
1840 259 502
1840 319 863
1840 358 620
1840 394 657
1840 279 676
1840 45 898
1840 259 570
1840 429 644
1840 305 670
1840 218 627
1840 397 863
1840 284 527
1840 362 499
1840 80 458
1840 368 499
1840 376 855
1840 239 536
1860 300 568
1860 374 561
1860 259 504
1860 341 500
1860 385 695
1860 318 185
1860 402 830
1860 263 565
1860 374 563
1860 310 666
1860 382 702
1860 217 626
1860 395 841
1860 285 528
1860 77 467
1860 373 561
1860 345 849
1860 238 536
1880 299 565
1880 265 493
1880 309 737
1880 50 873
1880 306 746
1880 260 569
1880 436 504
1880 379 508
1880 379 510
1880 307 668
1880 217 626
1880 393 855
1880 288 527
1880 378 506
1880 336 750
1880 380 850
1880 348 847
1880 240 532
1900 300 558
1900 259 497
1900 353 474
1900 404 841
1900 266 567
1900 433 448
1900 312 673
1900 218 628
1900 243 705
1900 356 478
1900 395 844
1900 286 526
1900 470 820
1900 372 488
1900 353 827
1900 432 384
1900 242 533
1920 300 566
1920 297 445
1920 182 611
1920 411 372
1920 266 504
1920 411 810
1920 159 646
1920 315 461
1920 261 570
1920 351 841
1920 433 912
1920 301 675
1920 218 632
1920 402 844
1920 281 526
1920 157 641
1920 422 931
1920 6 514
1920 359 840
1920 350 842
1920 238 530
1940 299 570
1940 372 290
1940 392 268
1940 261 474
1940 359 732
1940 127 527
1940 281 666
1940 263 569
1940 150 511
1940 309 670
1940 218 629
1940 149 512
1940 346 736
1940 284 528
1940 357 980
1940 450 875
1940 74 598
1940 147 511
1940 473 886
1940 285 735
1940 147 507
1940 343 851
1940 462 291
1940 238 532
1960 300 566
1960 431 551
1960 265 504
1960 162 441
1960 281 1186
1960 374 180
1960 282 673
1960 261 570
1960 427 942
1960 306 667
1960 214 623
1960 124 376
1960 350 212
1960 386 857
1960 285 528
1960 302 1060
1960 373 843
1960 344 846
1960 236 532
1980 298 565
1980 92 414
1980 86 751
1980 263 506
1980 94 421
1980 262 568
1980 221 618
1980 178 486
1980 398 833
1980 282 528
1980 69 429
1980 406 1051
1980 361 490
1980 144 722
1980 365 483
1980 364 1045
1980 352 840
1980 250 1151
1980 238 535
1980 373 1099
