1800 302 570
1800 466 629
1800 261 501
1800 291 1196
1800 31 917
1800 260 567
1800 311 661
1800 217 624
1800 314 817
1800 393 816
1800 282 529
1800 368 771
1800 443 830
1800 77 483
1800 184 1321
1800 239 533
1820 301 568
1820 457 651
1820 259 503
1820 414 648
1820 280 674
1820 33 927
1820 422 835
1820 261 572
1820 413 650
1820 308 665
1820 217 625
1820 223 1230
1820 284 528
1820 219 1252
1820 361 833
1820 431 397
1820 239 534
1840 299 569
1840 364 289
1840 259 502
1840 319 863
1840 358 620
1840 394 656
1840 280 675
1840 45 897
1840 259 570
1840 429 644
1840 306 670
1840 218 628
1840 397 862
1840 284 526
1840 362 498
1840 80 458
1840 368 499
1840 376 855
1840 239 536
1860 300 568
1860 374 561
1860 259 504
1860 341 500
1860 385 694
1860 318 184
1860 402 827
1860 263 565
1860 374 564
1860 310 667
1860 382 702
1860 218 626
1860 395 841
1860 285 528
1860 77 465
1860 374 561
1860 346 849
1860 239 537
1880 299 566
1880 266 494
1880 310 736
1880 51 875
1880 307 745
1880 260 569
1880 436 505
1880 379 508
1880 379 510
1880 307 667
1880 218 626
1880 393 851
1880 288 527
1880 379 505
1880 336 750
1880 380 851
1880 349 847
1880 240 532
1900 300 558
1900 260 497
1900 354 473
1900 405 842
1900 266 567
1900 433 443
1900 312 673
1900 219 629
1900 244 706
1900 356 477
1900 394 849
1900 287 525
1900 469 819
1900 373 488
1900 354 827
1900 432 384
1900 243 533
1920 301 567
1920 297 445
1920 183 611
1920 408 361
1920 266 505
1920 410 809
1920 160 647
1920 315 461
1920 261 570
1920 352 841
1920 433 913
1920 302 673
1920 218 633
1920 402 843
1920 282 526
1920 157 641
1920 413 787
1920 422 932
1920 6 515
1920 360 841
1920 351 842
1920 240 530
1940 299 570
1940 371 295
1940 392 268
1940 263 475
1940 360 731
1940 128 527
1940 282 665
1940 263 570
1940 151 511
1940 309 671
1940 218 629
1940 149 512
1940 347 734
1940 285 528
1940 356 981
1940 450 874
1940 74 598
1940 147 514
1940 472 885
1940 147 507
1940 343 851
1940 461 291
1940 238 532
1960 300 567
1960 434 553
1960 265 505
1960 164 440
1960 280 1187
1960 376 180
1960 282 672
1960 261 570
1960 427 941
1960 306 668
1960 215 623
1960 124 377
1960 351 213
1960 285 528
1960 302 1060
1960 344 846
1960 237 530
1980 299 565
1980 94 416
1980 86 753
1980 263 506
1980 98 429
1980 262 568
1980 222 619
1980 178 486
1980 398 834
1980 283 528
1980 69 428
1980 362 490
1980 48 263
1980 143 721
1980 366 482
1980 365 1046
1980 352 839
1980 250 1151
1980 239 534
1980 374 1104
