1800 302 566
1800 260 501
1800 290 1195
1800 261 567
1800 312 660
1800 217 620
1800 395 821
1800 282 527
1800 370 768
1800 77 480
1800 390 804
1800 242 532
1820 301 565
1820 259 501
1820 418 635
1820 418 833
1820 263 573
1820 414 641
1820 312 665
1820 216 621
1820 223 1229
1820 284 525
1820 362 828
1820 241 535
1840 300 564
1840 366 290
1840 259 501
1840 319 862
1840 359 619
1840 401 663
1840 44 907
1840 262 572
1840 428 648
1840 309 659
1840 218 627
1840 394 858
1840 284 524
1840 80 456
1840 242 533
1860 301 566
1860 259 501
1860 342 495
1860 388 697
1860 263 565
1860 310 664
1860 218 621
1860 284 528
1860 242 534
1860 372 559
1880 301 562
1880 270 492
1880 260 570
1880 307 665
1880 216 621
1880 338 743
1880 288 523
1880 243 533
1900 302 558
1900 258 494
1900 407 829
1900 264 564
1900 437 447
1900 314 666
1900 217 623
1900 394 843
1900 286 524
1900 467 819
1900 434 384
1900 243 532
1920 403 345
1920 265 501
1920 264 565
1920 434 911
1920 303 667
1920 219 630
1920 283 532
1920 360 840
1920 242 530
1940 300 568
1940 376 291
1940 389 266
1940 150 511
1940 260 469
1940 265 566
1940 310 666
1940 218 626
1940 285 524
1940 361 976
1940 456 871
1940 75 598
1940 149 510
1940 238 529
1960 301 565
1960 423 215
1960 430 550
1960 265 502
1960 377 180
1960 262 569
1960 428 945
1960 307 666
1960 215 622
1960 125 376
1960 285 528
1960 239 530
1980 300 562
1980 98 416
1980 264 504
1980 278 1178
1980 264 566
1980 402 1047
1980 219 616
1980 397 831
1980 283 526
1980 365 1033
1980 69 427
1980 359 485
1980 364 1041
1980 241 532
