1800 299 570
1800 469 627
1800 259 502
1800 286 1121
1800 262 574
1800 288 1118
1800 309 659
1800 216 627
1800 280 533
1800 370 766
1800 75 481
1800 238 533
1820 299 572
1820 460 651
1820 258 503
1820 417 636
1820 276 849
1820 32 916
1820 418 844
1820 264 571
1820 415 630
1820 309 665
1820 215 622
1820 233 1286
1820 282 531
1820 369 833
1820 420 384
1820 237 534
1840 298 569
1840 259 502
1840 356 616
1840 393 658
1840 48 920
1840 261 575
1840 297 660
1840 216 627
1840 284 529
1840 363 493
1840 78 455
1840 356 634
1840 379 851
1840 239 536
1860 298 568
1860 260 506
1860 342 494
1860 385 699
1860 263 567
1860 375 560
1860 312 667
1860 216 622
1860 403 837
1860 284 528
1860 75 457
1860 345 841
1860 237 534
1860 371 561
1880 296 570
1880 266 495
1880 348 510
1880 53 872
1880 260 574
1880 305 669
1880 215 623
1880 329 747
1880 285 531
1880 346 847
1880 239 531
1900 295 565
1900 259 495
1900 262 564
1900 63 771
1900 308 673
1900 216 624
1900 397 851
1900 284 528
1900 471 820
1900 352 832
1900 431 387
1900 243 533
1920 299 568
1920 177 608
1920 402 346
1920 266 505
1920 331 478
1920 387 763
1920 263 574
1920 436 899
1920 301 672
1920 296 445
1920 216 629
1920 282 527
1920 16 531
1920 371 853
1920 348 843
1920 240 531
1940 371 289
1940 298 571
1940 374 287
1940 257 473
1940 265 569
1940 308 666
1940 217 628
1940 286 526
1940 361 975
1940 463 876
1940 73 599
1940 477 885
1940 148 500
1940 346 847
1940 236 529
1960 298 567
1960 264 505
1960 161 441
1960 262 573
1960 439 558
1960 306 673
1960 213 622
1960 125 376
1960 284 528
1960 304 1059
1960 305 1051
1960 43 264
1960 341 845
1960 218 475
1960 242 532
1980 297 565
1980 263 505
1980 91 419
1980 264 572
1980 218 616
1980 397 829
1980 266 1169
1980 282 531
1980 362 487
1980 390 854
1980 354 834
1980 238 535
1980 375 1066
