1800 301 570
1800 258 502
1800 289 1179
1800 35 912
1800 265 567
1800 217 625
1800 434 824
1800 314 818
1800 281 532
1800 287 1112
1800 77 482
1800 240 532
1820 300 568
1820 351 679
1820 458 644
1820 257 504
1820 276 853
1820 422 834
1820 264 569
1820 425 517
1820 216 625
1820 234 1283
1820 284 531
1820 230 1269
1820 238 534
1840 300 569
1840 360 289
1840 259 502
1840 357 629
1840 399 664
1840 45 903
1840 403 825
1840 266 569
1840 218 628
1840 283 529
1840 79 456
1840 240 531
1860 301 571
1860 259 506
1860 401 828
1860 265 569
1860 374 560
1860 217 625
1860 282 527
1860 371 682
1860 76 455
1860 355 827
1860 239 532
1860 372 563
1880 299 570
1880 271 497
1880 53 874
1880 402 829
1880 264 574
1880 304 668
1880 216 624
1880 287 529
1880 377 507
1880 66 526
1880 336 746
1880 334 747
1880 239 529
1900 301 557
1900 261 499
1900 346 470
1900 401 831
1900 265 558
1900 445 388
1900 231 728
1900 91 751
1900 217 625
1900 285 529
1900 356 509
1900 429 383
1900 242 532
1920 302 567
1920 178 604
1920 77 672
1920 266 505
1920 394 745
1920 161 652
1920 312 463
1920 407 838
1920 267 571
1920 218 627
1920 400 851
1920 283 530
1920 105 683
1920 424 927
1920 182 614
1920 11 515
1920 361 832
1920 240 530
1940 298 571
1940 386 268
1940 100 595
1940 260 471
1940 268 569
1940 310 671
1940 217 627
1940 286 526
1940 358 977
1940 468 857
1940 73 604
1940 283 732
1940 148 502
1940 239 528
1960 300 569
1960 388 195
1960 268 566
1960 215 627
1960 369 178
1960 284 529
1960 214 474
1960 242 528
1980 299 570
1980 262 506
1980 396 826
1980 265 559
1980 218 617
1980 396 835
1980 261 1166
1980 282 528
1980 368 1034
1980 361 487
1980 81 303
1980 361 1030
1980 161 722
1980 395 832
1980 248 1148
1980 239 533
