1800 301 569
1800 467 626
1800 260 502
1800 287 1200
1800 32 918
1800 261 568
1800 285 1128
1800 310 660
1800 217 626
1800 394 824
1800 283 529
1800 369 770
1800 444 839
1800 77 483
1800 184 1319
1800 239 534
1820 301 571
1820 457 649
1820 258 503
1820 414 645
1820 279 860
1820 35 924
1820 422 838
1820 261 571
1820 417 519
1820 311 667
1820 217 624
1820 223 1230
1820 284 527
1820 362 836
1820 239 535
1840 300 569
1840 363 290
1840 259 502
1840 320 867
1840 358 619
1840 396 660
1840 43 903
1840 259 571
1840 428 647
1840 304 659
1840 218 629
1840 285 523
1840 361 499
1840 81 458
1840 240 535
1860 300 572
1860 259 505
1860 341 502
1860 384 698
1860 60 936
1860 263 570
1860 310 666
1860 218 625
1860 285 525
1860 76 465
1860 345 851
1860 240 538
1880 300 568
1880 267 492
1880 50 868
1880 308 740
1880 259 572
1880 434 503
1880 305 665
1880 217 625
1880 330 759
1880 394 850
1880 288 526
1880 349 851
1880 241 534
1900 302 554
1900 259 497
1900 262 568
1900 436 439
1900 311 670
1900 218 629
1900 395 853
1900 287 525
1900 466 825
1900 351 839
1900 431 386
1900 243 533
1920 301 567
1920 179 607
1920 404 348
1920 266 505
1920 328 477
1920 411 801
1920 262 567
1920 301 674
1920 219 631
1920 402 846
1920 282 526
1920 422 933
1920 8 512
1920 364 851
1920 352 852
1920 240 530
1940 300 571
1940 372 293
1940 392 269
1940 264 481
1940 263 569
1940 150 506
1940 310 668
1940 218 630
1940 285 527
1940 356 984
1940 450 872
1940 75 599
1940 149 508
1940 238 531
1960 301 569
1960 264 505
1960 163 441
1960 438 558
1960 372 180
1960 260 569
1960 428 948
1960 306 667
1960 216 626
1960 124 377
1960 354 214
1960 285 529
1960 364 854
1960 235 535
1980 300 568
1980 263 506
1980 102 445
1980 263 568
1980 220 623
1980 398 831
1980 285 525
1980 361 1024
1980 361 490
1980 52 267
1980 368 1045
1980 350 848
1980 249 1152
1980 239 535
1980 375 1101
