1800 301 570
1800 467 627
1800 261 501
1800 290 1192
1800 31 916
1800 259 565
1800 311 662
1800 217 625
1800 314 817
1800 394 819
1800 282 529
1800 368 771
1800 443 831
1800 77 482
1800 184 1321
1800 239 533
1820 301 568
1820 457 649
1820 259 502
1820 414 647
1820 280 674
1820 33 923
1820 423 834
1820 260 569
1820 414 649
1820 425 519
1820 310 667
1820 216 626
1820 222 1230
1820 284 528
1820 219 1252
1820 360 832
1820 238 535
1840 299 568
1840 364 289
1840 259 502
1840 319 863
1840 358 619
1840 394 657
1840 279 677
1840 44 900
1840 258 569
1840 429 644
1840 305 668
1840 218 627
1840 398 862
1840 284 527
1840 362 498
1840 79 458
1840 369 500
1840 376 854
1840 239 536
1860 300 568
1860 373 562
1860 259 504
1860 341 499
1860 386 697
1860 318 182
1860 276 661
1860 402 831
1860 263 563
1860 374 563
1860 309 667
1860 382 704
1860 217 626
1860 398 845
1860 285 528
1860 77 467
1860 374 562
1860 346 849
1860 238 537
1880 299 565
1880 266 493
1880 50 871
1880 306 746
1880 259 567
1880 436 504
1880 379 507
1880 379 510
1880 307 667
1880 217 626
1880 395 853
1880 288 527
1880 379 507
1880 336 750
1880 380 850
1880 349 847
1880 240 532
1900 300 556
1900 260 496
1900 354 472
1900 405 840
1900 264 566
1900 437 474
1900 313 673
1900 218 628
1900 243 705
1900 356 478
1900 395 848
1900 286 525
1900 471 821
1900 8 639
1900 373 489
1900 353 829
1900 432 383
1900 242 533
1920 300 566
1920 297 445
1920 182 610
1920 412 376
1920 266 504
1920 411 811
1920 159 646
1920 414 895
1920 315 461
1920 261 569
1920 352 844
1920 434 911
1920 301 675
1920 218 633
1920 402 846
1920 281 526
1920 157 642
1920 413 793
1920 422 931
1920 6 517
1920 361 843
1920 380 856
1920 351 843
1920 238 530
1940 299 570
1940 374 289
1940 392 268
1940 261 475
1940 360 731
1940 127 525
1940 281 667
1940 262 567
1940 150 511
1940 309 671
1940 218 628
1940 148 513
1940 347 737
1940 285 528
1940 357 980
1940 451 871
1940 74 598
1940 147 514
1940 473 884
1940 148 507
1940 345 847
1940 463 290
1940 238 531
1960 300 566
1960 427 546
1960 265 505
1960 162 441
1960 378 183
1960 284 672
1960 259 569
1960 427 941
1960 305 667
1960 215 625
1960 124 377
1960 355 215
1960 285 528
1960 302 1059
1960 383 844
1960 344 845
1960 237 531
1980 298 565
1980 94 416
1980 87 752
1980 263 506
1980 98 434
1980 262 567
1980 221 617
1980 178 486
1980 398 832
1980 283 527
1980 362 1030
1980 69 428
1980 404 1049
1980 362 490
1980 143 722
1980 366 485
1980 365 1045
1980 397 824
1980 352 840
1980 250 1151
1980 238 534
1980 374 1105
