1800 303 570
1800 261 501
1800 296 1139
1800 34 913
1800 267 567
1800 219 621
1800 394 817
1800 283 529
1800 186 1324
1800 241 531
1820 303 572
1820 259 501
1820 281 862
1820 32 911
1820 418 835
1820 266 569
1820 421 519
1820 357 671
1820 217 624
1820 284 528
1820 239 532
1840 301 569
1840 370 291
1840 260 500
1840 400 664
1840 408 829
1840 264 570
1840 307 666
1840 219 629
1840 283 529
1840 241 531
1860 302 570
1860 260 503
1860 264 565
1860 375 561
1860 310 667
1860 219 622
1860 283 529
1860 241 532
1880 301 567
1880 271 494
1880 262 575
1880 218 621
1880 289 526
1880 337 752
1880 241 530
1900 306 564
1900 259 495
1900 405 835
1900 262 558
1900 220 627
1900 286 528
1900 431 384
1900 242 530
1920 167 643
1920 266 504
1920 388 801
1920 300 437
1920 267 570
1920 441 909
1920 220 625
1920 281 530
1920 375 849
1920 240 531
1940 301 570
1940 359 289
1940 393 280
1940 260 472
1940 269 563
1940 467 873
1940 219 626
1940 343 854
1940 287 525
1940 366 981
1940 472 886
1940 287 733
1940 150 501
1940 238 526
1960 303 567
1960 265 502
1960 94 404
1960 380 185
1960 267 561
1960 430 952
1960 216 620
1960 127 376
1960 284 530
1960 244 528
1980 301 569
1980 283 1160
1980 264 505
1980 267 558
1980 221 616
1980 399 837
1980 248 1148
1980 284 525
1980 370 1037
1980 71 425
1980 81 301
1980 363 1043
1980 242 531
1980 375 1091
