1800 302 568
1800 259 501
1800 292 1168
1800 43 924
1800 261 569
1800 310 667
1800 216 618
1800 435 830
1800 392 822
1800 284 528
1800 239 533
1820 301 563
1820 457 647
1820 258 501
1820 37 927
1820 261 574
1820 312 676
1820 216 621
1820 361 829
1820 283 527
1820 83 415
1820 238 531
1840 299 567
1840 259 500
1840 398 662
1840 58 896
1840 258 571
1840 296 660
1840 217 622
1840 284 524
1840 241 531
1860 300 566
1860 258 503
1860 67 943
1860 261 568
1860 309 665
1860 217 617
1860 285 528
1860 372 560
1860 238 530
1880 299 565
1880 265 492
1880 259 574
1880 430 503
1880 302 663
1880 217 617
1880 355 846
1880 283 526
1880 350 515
1880 240 529
1900 92 750
1900 258 495
1900 257 565
1900 90 734
1900 303 664
1900 218 622
1900 353 836
1900 291 524
1900 470 819
1900 430 408
1900 241 530
1920 181 612
1920 265 502
1920 296 436
1920 414 894
1920 262 571
1920 103 676
1920 300 675
1920 218 622
1920 353 833
1920 289 524
1920 402 345
1920 238 535
1940 299 569
1940 392 282
1940 258 468
1940 263 572
1940 308 667
1940 216 620
1940 353 825
1940 287 525
1940 359 979
1940 472 885
1940 77 605
1940 151 501
1940 460 286
1940 239 529
1960 301 566
1960 264 501
1960 382 188
1960 259 571
1960 431 949
1960 444 564
1960 306 673
1960 214 624
1960 284 529
1960 305 1062
1980 301 562
1980 265 1167
1980 263 505
1980 261 571
1980 301 664
1980 219 616
1980 353 831
1980 399 843
1980 287 529
1980 361 1028
1980 70 428
1980 94 444
1980 302 667
1980 364 1040
1980 239 535
