1800 301 566
1800 260 501
1800 268 577
1800 285 1122
1800 311 663
1800 216 622
1800 436 828
1800 283 531
1800 242 531
1820 302 563
1820 260 500
1820 39 904
1820 266 563
1820 216 620
1820 284 526
1820 241 533
1840 300 567
1840 261 501
1840 395 648
1840 265 565
1840 307 665
1840 217 626
1840 285 527
1840 241 530
1860 302 571
1860 259 503
1860 264 563
1860 314 672
1860 216 619
1860 284 524
1860 240 532
1860 372 563
1880 299 567
1880 47 869
1880 262 573
1880 308 664
1880 216 621
1880 288 521
1880 240 533
1900 307 570
1900 261 495
1900 265 563
1900 309 666
1900 218 624
1900 290 526
1900 470 818
1900 242 531
1920 303 567
1920 267 501
1920 266 561
1920 106 675
1920 304 665
1920 216 622
1920 289 528
1920 419 893
1920 240 531
1940 299 570
1940 387 281
1940 267 559
1940 313 669
1940 216 619
1940 289 522
1940 355 980
1940 467 870
1940 76 585
1940 241 526
1960 301 566
1960 265 503
1960 91 404
1960 373 178
1960 266 555
1960 309 676
1960 214 617
1960 285 528
1960 248 527
1980 303 565
1980 261 1163
1980 264 504
1980 265 551
1980 216 616
1980 288 526
1980 79 308
1980 360 1033
1980 241 531
