1800 299 571
1800 469 623
1800 257 503
1800 284 1124
1800 34 896
1800 262 571
1800 308 663
1800 216 630
1800 313 823
1800 398 830
1800 282 532
1800 75 488
1800 239 536
1820 300 576
1820 257 505
1820 283 866
1820 30 916
1820 416 841
1820 261 575
1820 272 680
1820 309 667
1820 215 624
1820 419 841
1820 222 1247
1820 283 533
1820 220 1252
1820 368 834
1820 356 833
1820 237 537
1840 299 569
1840 375 307
1840 257 503
1840 320 869
1840 356 626
1840 392 659
1840 43 908
1840 259 575
1840 298 667
1840 217 626
1840 284 532
1840 362 498
1840 79 458
1840 355 630
1840 379 850
1840 352 836
1840 239 538
1860 296 574
1860 257 507
1860 340 501
1860 385 697
1860 315 182
1860 64 931
1860 261 571
1860 342 849
1860 310 668
1860 217 626
1860 396 854
1860 283 530
1860 75 464
1860 355 843
1860 237 539
1880 299 568
1880 268 495
1880 280 663
1880 307 734
1880 45 865
1880 259 576
1880 305 666
1880 216 621
1880 329 753
1880 394 855
1880 286 527
1880 378 509
1880 332 748
1880 238 534
1900 300 567
1900 96 771
1900 259 501
1900 260 569
1900 62 773
1900 311 673
1900 217 628
1900 286 532
1900 236 733
1900 472 826
1900 56 643
1900 350 838
1900 433 385
1900 240 538
1920 177 610
1920 404 342
1920 80 681
1920 264 503
1920 329 479
1920 392 747
1920 263 572
1920 434 918
1920 218 630
1920 286 530
1920 9 518
1920 374 849
1920 236 533
1920 315 470
1940 297 572
1940 373 286
1940 388 266
1940 263 486
1940 281 675
1940 128 521
1940 265 570
1940 468 865
1940 310 669
1940 217 628
1940 285 530
1940 353 985
1940 373 988
1940 456 875
1940 72 604
1940 476 890
1940 148 512
1940 360 735
1940 239 529
1960 298 569
1960 422 217
1960 281 669
1960 435 554
1960 263 505
1960 88 405
1960 382 187
1960 261 573
1960 428 950
1960 427 545
1960 214 629
1960 123 380
1960 284 531
1960 420 967
1960 240 531
1980 298 569
1980 94 409
1980 110 765
1980 262 508
1980 262 572
1980 262 1167
1980 218 619
1980 394 833
1980 282 530
1980 355 1028
1980 71 441
1980 365 494
1980 474 933
1980 394 859
1980 361 1043
1980 351 852
1980 238 539
1980 370 1102
