1800 302 571
1800 467 629
1800 261 500
1800 290 1165
1800 33 913
1800 259 567
1800 310 661
1800 217 625
1800 314 817
1800 393 818
1800 282 529
1800 368 770
1800 444 831
1800 77 482
1800 184 1320
1800 240 532
1820 301 569
1820 457 648
1820 260 502
1820 414 649
1820 281 674
1820 34 916
1820 422 839
1820 260 571
1820 413 650
1820 309 665
1820 217 625
1820 223 1230
1820 284 526
1820 219 1245
1820 360 832
1820 239 535
1840 300 569
1840 364 289
1840 260 501
1840 317 864
1840 358 619
1840 396 657
1840 45 894
1840 258 570
1840 429 642
1840 304 673
1840 218 627
1840 397 862
1840 284 527
1840 363 498
1840 80 457
1840 377 854
1840 240 535
1860 301 569
1860 373 563
1860 260 503
1860 385 696
1860 318 184
1860 402 833
1860 263 565
1860 374 562
1860 310 666
1860 218 624
1860 400 844
1860 284 528
1860 77 465
1860 346 849
1860 239 536
1880 300 566
1880 266 493
1880 51 872
1880 306 747
1880 259 568
1880 436 504
1880 379 506
1880 379 509
1880 306 667
1880 218 625
1880 393 855
1880 288 526
1880 379 506
1880 336 749
1880 380 849
1880 349 845
1880 240 532
1900 300 554
1900 259 495
1900 405 842
1900 265 567
1900 435 445
1900 312 672
1900 218 628
1900 243 702
1900 355 476
1900 394 850
1900 286 526
1900 471 819
1900 353 828
1900 431 384
1900 243 532
1920 301 566
1920 297 445
1920 182 612
1920 404 351
1920 266 504
1920 410 813
1920 160 644
1920 315 461
1920 261 569
1920 353 843
1920 433 914
1920 301 674
1920 219 631
1920 402 848
1920 281 526
1920 157 640
1920 422 932
1920 7 513
1920 360 837
1920 78 667
1920 351 843
1920 240 529
1940 300 570
1940 373 289
1940 392 268
1940 262 473
1940 127 524
1940 282 665
1940 263 569
1940 151 510
1940 309 669
1940 218 629
1940 148 508
1940 347 734
1940 284 528
1940 357 979
1940 452 871
1940 74 597
1940 147 509
1940 472 888
1940 285 735
1940 148 506
1940 346 846
1940 462 291
1940 238 531
1960 301 567
1960 428 546
1960 265 504
1960 164 438
1960 379 184
1960 284 671
1960 260 571
1960 427 940
1960 306 667
1960 215 623
1960 124 376
1960 351 212
1960 284 528
1960 302 1059
1960 344 844
1960 237 530
1980 299 566
1980 96 417
1980 88 753
1980 263 505
1980 95 421
1980 262 567
1980 222 619
1980 178 486
1980 398 832
1980 283 527
1980 363 1030
1980 69 427
1980 404 1049
1980 362 490
1980 365 485
1980 365 1042
1980 352 840
1980 250 1150
1980 239 534
1980 373 1082
