1800 215 609
1800 256 502
1800 290 1190
1800 262 567
1800 284 1117
1800 281 528
1800 300 569
1800 238 534
1820 216 613
1820 458 648
1820 256 501
1820 42 934
1820 262 577
1820 406 659
1820 236 1297
1820 281 526
1820 300 573
1820 414 841
1820 237 540
1840 216 611
1840 361 286
1840 255 507
1840 52 889
1840 259 572
1840 421 654
1840 281 683
1840 348 656
1840 282 526
1840 299 569
1840 239 536
1860 214 617
1860 370 695
1860 256 504
1860 388 703
1860 56 915
1860 261 569
1860 375 562
1860 361 714
1860 353 831
1860 278 530
1860 238 536
1880 214 618
1880 67 535
1880 272 515
1880 54 861
1880 342 517
1880 257 579
1880 279 522
1880 299 566
1880 241 532
1900 215 615
1900 258 507
1900 238 697
1900 261 567
1900 283 527
1900 470 811
1900 240 532
1920 216 612
1920 262 506
1920 296 436
1920 262 569
1920 429 907
1920 295 438
1920 281 524
1920 386 721
1920 155 650
1920 239 536
1940 213 611
1940 388 269
1940 256 506
1940 263 576
1940 466 857
1940 280 661
1940 286 525
1940 359 981
1940 298 568
1940 453 874
1940 70 603
1940 237 528
1960 259 506
1960 259 569
1960 428 947
1960 346 842
1960 122 379
1960 281 526
1960 299 565
1960 215 476
1980 218 605
1980 259 528
1980 263 570
1980 243 1154
1980 385 858
1980 284 527
1980 299 561
1980 53 280
1980 238 539
