1800 221 624
1800 259 506
1800 266 569
1800 307 567
1800 442 822
1800 256 543
1820 220 628
1820 260 502
1820 39 926
1820 268 590
1820 345 684
1820 252 538
1840 223 632
1840 270 598
1840 299 576
1840 304 561
1840 375 854
1860 226 640
1860 274 597
1860 243 535
1880 223 624
1880 274 506
1880 266 597
1880 312 736
1880 325 757
1880 293 534
1880 360 841
1880 302 575
1880 257 559
1900 226 636
1900 70 659
1900 264 511
1900 265 570
1900 462 830
1900 259 538
1920 221 629
1920 87 693
1920 265 582
1920 332 480
1920 362 828
1920 106 697
1920 254 544
1940 221 626
1940 70 613
1940 271 597
1940 306 544
1940 471 868
1940 370 992
1940 154 508
1940 244 527
1960 220 628
1960 263 571
1960 303 577
1980 227 629
1980 263 576
1980 358 841
