1800 301 571
1800 467 632
1800 260 504
1800 453 596
1800 290 1193
1800 38 913
1800 264 571
1800 312 665
1800 218 625
1800 321 819
1800 400 827
1800 283 532
1800 287 1121
1800 372 775
1800 77 482
1800 240 534
1820 301 575
1820 457 652
1820 259 504
1820 419 651
1820 37 926
1820 417 838
1820 265 571
1820 308 664
1820 218 627
1820 224 1244
1820 285 531
1820 369 839
1820 376 836
1820 239 535
1840 300 572
1840 258 504
1840 361 625
1840 404 664
1840 45 904
1840 262 575
1840 309 674
1840 218 629
1840 403 852
1840 285 531
1840 81 459
1840 357 639
1840 370 850
1840 380 850
1840 240 534
1860 298 575
1860 373 562
1860 259 507
1860 342 501
1860 390 705
1860 62 936
1860 264 572
1860 374 561
1860 310 669
1860 219 627
1860 349 848
1860 286 532
1860 77 459
1860 346 851
1860 241 534
1860 368 569
1880 300 569
1880 269 503
1880 308 775
1880 263 578
1880 379 508
1880 378 512
1880 309 667
1880 217 626
1880 330 755
1880 396 857
1880 287 530
1880 348 848
1880 242 531
1900 301 567
1900 263 504
1900 343 513
1900 266 568
1900 439 454
1900 86 785
1900 313 674
1900 220 628
1900 242 697
1900 399 852
1900 287 533
1900 466 829
1900 351 838
1900 242 699
1900 432 385
1900 242 534
1920 303 575
1920 182 616
1920 402 352
1920 267 511
1920 395 776
1920 264 574
1920 351 843
1920 437 920
1920 297 444
1920 220 637
1920 399 863
1920 284 532
1920 364 828
1920 351 848
1920 240 532
1940 299 573
1940 374 294
1940 389 270
1940 263 504
1940 266 572
1940 310 669
1940 219 631
1940 286 528
1940 361 976
1940 456 875
1940 77 602
1940 283 737
1940 153 518
1940 347 848
1940 238 530
1960 300 568
1960 90 404
1960 265 508
1960 441 555
1960 382 193
1960 262 573
1960 429 952
1960 307 673
1960 219 627
1960 348 865
1960 126 378
1960 359 220
1960 286 532
1960 386 855
1960 348 853
1960 241 530
1980 299 569
1980 263 509
1980 265 567
1980 225 625
1980 399 842
1980 283 531
1980 362 486
1980 365 1045
1980 350 845
1980 240 534
1980 379 1077
