1800 301 570
1800 467 628
1800 260 501
1800 290 1176
1800 31 918
1800 260 567
1800 311 661
1800 217 625
1800 313 817
1800 394 819
1800 282 529
1800 368 772
1800 443 832
1800 77 482
1800 183 1324
1800 239 533
1820 301 568
1820 457 649
1820 259 503
1820 414 647
1820 280 675
1820 33 926
1820 423 834
1820 260 571
1820 414 649
1820 308 665
1820 216 625
1820 222 1231
1820 284 528
1820 219 1253
1820 360 833
1820 238 535
1840 299 568
1840 363 289
1840 259 502
1840 317 864
1840 358 621
1840 394 657
1840 279 677
1840 43 901
1840 259 570
1840 429 645
1840 305 670
1840 218 628
1840 397 862
1840 284 527
1840 362 499
1840 79 458
1840 368 500
1840 376 855
1840 239 536
1860 300 568
1860 373 561
1860 259 504
1860 341 500
1860 385 694
1860 319 185
1860 401 831
1860 263 564
1860 374 564
1860 309 667
1860 382 703
1860 217 626
1860 395 842
1860 285 528
1860 77 468
1860 373 562
1860 346 849
1860 238 537
1880 299 565
1880 266 494
1880 310 737
1880 50 875
1880 306 745
1880 259 569
1880 436 506
1880 379 508
1880 379 510
1880 306 668
1880 217 626
1880 393 856
1880 288 527
1880 378 506
1880 336 750
1880 380 849
1880 348 847
1880 240 532
1900 300 558
1900 260 497
1900 353 474
1900 405 843
1900 265 568
1900 435 453
1900 443 441
1900 313 673
1900 218 628
1900 243 706
1900 355 478
1900 395 846
1900 287 526
1900 470 821
1900 372 489
1900 353 827
1900 432 384
1900 242 534
1920 300 566
1920 297 445
1920 182 610
1920 410 382
1920 265 505
1920 410 811
1920 159 647
1920 315 461
1920 261 570
1920 351 842
1920 433 912
1920 301 675
1920 218 632
1920 401 846
1920 281 527
1920 157 642
1920 415 793
1920 422 932
1920 6 513
1920 360 841
1920 380 854
1920 350 842
1920 238 530
1940 299 570
1940 373 289
1940 392 268
1940 261 474
1940 360 732
1940 127 529
1940 280 667
1940 263 569
1940 150 511
1940 309 671
1940 218 629
1940 148 513
1940 346 736
1940 284 528
1940 357 980
1940 450 874
1940 74 598
1940 147 516
1940 473 888
1940 147 508
1940 343 851
1940 463 290
1940 238 532
1960 300 566
1960 434 553
1960 264 505
1960 162 442
1960 429 546
1960 280 1185
1960 375 180
1960 282 673
1960 260 570
1960 427 943
1960 306 668
1960 214 624
1960 123 377
1960 352 213
1960 386 866
1960 285 528
1960 302 1060
1960 377 838
1960 344 848
1960 236 532
1980 298 565
1980 92 413
1980 86 752
1980 263 506
1980 96 426
1980 262 568
1980 330 119
1980 221 618
1980 177 486
1980 398 833
1980 282 528
1980 362 1030
1980 69 429
1980 404 1050
1980 362 491
1980 143 723
1980 366 484
1980 365 1045
1980 351 840
1980 250 1151
1980 238 535
1980 373 1099
