1800 301 570
1800 467 630
1800 259 501
1800 285 1205
1800 260 572
1800 285 1125
1800 309 659
1800 216 625
1800 394 824
1800 282 531
1800 369 771
1800 444 836
1800 77 483
1800 238 533
1820 301 569
1820 457 646
1820 258 502
1820 414 649
1820 275 674
1820 34 919
1820 420 842
1820 260 575
1820 427 519
1820 307 663
1820 216 625
1820 220 1234
1820 283 527
1820 358 832
1820 237 534
1840 299 568
1840 362 290
1840 259 502
1840 317 865
1840 357 623
1840 393 660
1840 44 897
1840 257 575
1840 358 835
1840 303 670
1840 218 628
1840 285 527
1840 362 499
1840 80 459
1840 377 854
1840 238 538
1860 301 568
1860 258 504
1860 341 501
1860 384 697
1860 317 182
1860 399 834
1860 263 572
1860 308 665
1860 217 622
1860 397 844
1860 285 527
1860 343 852
1860 238 536
1880 299 566
1880 265 493
1880 48 871
1880 302 749
1880 260 574
1880 438 511
1880 377 510
1880 377 513
1880 304 667
1880 216 624
1880 394 855
1880 287 526
1880 335 747
1880 378 851
1880 347 851
1880 239 533
1900 300 553
1900 258 496
1900 404 834
1900 264 572
1900 432 441
1900 310 671
1900 216 626
1900 242 702
1900 398 835
1900 287 526
1900 470 825
1900 350 839
1900 430 385
1900 240 533
1920 300 566
1920 178 605
1920 406 357
1920 265 504
1920 329 478
1920 413 804
1920 261 573
1920 347 846
1920 432 921
1920 301 677
1920 217 630
1920 401 847
1920 281 526
1920 422 932
1920 7 509
1920 356 841
1920 349 852
1920 238 531
1940 299 570
1940 373 286
1940 395 272
1940 261 473
1940 276 664
1940 264 571
1940 150 506
1940 307 669
1940 216 627
1940 284 528
1940 356 981
1940 455 869
1940 74 598
1940 474 884
1940 284 738
1940 148 507
1940 340 865
1940 236 533
1960 300 567
1960 434 213
1960 264 505
1960 158 447
1960 219 474
1960 432 551
1960 385 191
1960 279 671
1960 260 574
1960 427 947
1960 305 668
1960 215 626
1960 123 378
1960 348 209
1960 285 528
1960 363 856
1960 234 537
1980 298 566
1980 92 406
1980 87 753
1980 262 506
1980 96 419
1980 280 1165
1980 263 571
1980 219 619
1980 398 831
1980 283 526
1980 362 1039
1980 403 1049
1980 361 490
1980 364 1042
1980 349 849
1980 247 1152
1980 237 537
1980 372 1098
