1800 298 564
1800 256 502
1800 43 927
1800 255 556
1800 309 661
1800 217 615
1800 439 817
1800 275 529
1800 310 663
1800 276 663
1800 243 532
1820 297 562
1820 257 501
1820 38 926
1820 418 838
1820 255 565
1820 311 670
1820 216 616
1820 282 529
1820 304 662
1820 369 832
1820 239 537
1840 298 565
1840 257 501
1840 399 661
1840 378 855
1840 50 912
1840 405 832
1840 251 572
1840 300 666
1840 218 624
1840 279 526
1840 77 457
1840 243 534
1860 302 562
1860 356 831
1860 256 502
1860 384 858
1860 57 937
1860 403 839
1860 254 568
1860 376 560
1860 313 667
1860 216 616
1860 345 495
1860 279 526
1860 308 661
1860 358 833
1860 346 847
1860 376 559
1860 241 538
1860 370 558
1880 297 562
1880 382 862
1880 46 875
1880 405 835
1880 254 578
1880 382 506
1880 378 511
1880 311 665
1880 216 616
1880 334 745
1880 276 522
1880 289 671
1880 242 533
1900 306 565
1900 94 768
1900 256 495
1900 380 852
1900 403 834
1900 253 567
1900 55 783
1900 312 668
1900 218 624
1900 226 723
1900 282 523
1900 302 665
1900 244 538
1920 303 566
1920 263 498
1920 381 870
1920 300 436
1920 257 568
1920 433 911
1920 98 694
1920 302 667
1920 216 621
1920 279 528
1920 404 349
1920 299 693
1920 409 363
1920 422 914
1920 401 339
1920 238 538
1940 298 566
1940 387 275
1940 254 474
1940 383 864
1940 402 827
1940 258 567
1940 316 672
1940 216 617
1940 283 522
1940 355 984
1940 149 509
1940 475 891
1940 75 598
1940 303 675
1940 350 826
1940 149 500
1940 422 311
1940 241 528
1960 300 565
1960 261 504
1960 380 863
1960 372 180
1960 255 565
1960 429 951
1960 307 672
1960 212 620
1960 253 723
1960 366 201
1960 278 535
1960 321 1077
1960 400 228
1960 309 1058
1960 308 673
1960 244 530
1980 300 559
1980 260 506
1980 392 853
1980 21 988
1980 363 1037
1980 399 833
1980 255 572
1980 216 616
1980 247 1154
1980 280 526
1980 61 441
1980 51 266
1980 302 662
1980 363 1053
1980 244 535
