1800 217 616
1800 254 508
1800 291 1191
1800 261 571
1800 309 657
1800 312 823
1800 274 661
1800 284 535
1800 391 803
1800 300 578
1800 237 540
1820 217 615
1820 253 509
1820 262 586
1820 309 662
1820 418 838
1820 278 539
1820 304 585
1820 35 935
1820 236 538
1820 416 387
1840 216 619
1840 253 509
1840 357 621
1840 261 589
1840 287 533
1840 300 579
1840 80 450
1840 240 541
1860 217 617
1860 393 689
1860 256 518
1860 260 580
1860 307 665
1860 286 531
1860 303 576
1860 236 539
1860 368 567
1880 216 619
1880 66 536
1880 265 504
1880 344 511
1880 262 597
1880 304 664
1880 288 532
1880 304 578
1880 373 519
1880 349 520
1880 238 534
1900 221 625
1900 252 502
1900 257 585
1900 304 667
1900 344 498
1900 276 666
1900 287 531
1900 95 754
1900 238 538
1920 314 465
1920 219 624
1920 313 464
1920 263 591
1920 81 693
1920 306 665
1920 305 665
1920 286 536
1920 361 844
1920 363 834
1920 112 687
1920 176 596
1920 236 539
1940 218 621
1940 394 270
1940 370 285
1940 155 517
1940 261 593
1940 311 665
1940 285 530
1940 145 508
1940 300 580
1940 475 879
1940 232 430
1940 237 527
1960 213 627
1960 400 215
1960 207 483
1960 363 178
1960 259 591
1960 211 478
1960 307 670
1960 288 531
1960 367 838
1960 299 574
1960 237 535
1980 220 617
1980 259 589
1980 364 484
1980 172 491
1980 278 663
1980 357 851
1980 300 581
1980 361 1052
1980 238 536
