1800 301 568
1800 466 624
1800 262 501
1800 288 1196
1800 264 569
1800 286 1124
1800 311 659
1800 217 622
1800 393 818
1800 284 529
1800 371 768
1800 78 481
1800 241 533
1820 301 564
1820 458 646
1820 261 501
1820 415 647
1820 34 894
1820 419 832
1820 266 572
1820 417 629
1820 416 516
1820 310 662
1820 217 622
1820 284 525
1820 221 1234
1820 362 832
1820 242 534
1840 300 563
1840 364 289
1840 260 501
1840 329 869
1840 358 615
1840 395 656
1840 44 904
1840 408 827
1840 263 575
1840 429 647
1840 302 651
1840 218 625
1840 285 524
1840 82 454
1840 362 843
1840 241 533
1860 302 568
1860 260 504
1860 341 495
1860 386 695
1860 318 182
1860 265 568
1860 374 559
1860 310 664
1860 218 620
1860 399 843
1860 286 525
1860 78 457
1860 347 845
1860 242 534
1860 373 558
1880 301 563
1880 269 491
1880 49 867
1880 309 744
1880 406 834
1880 263 574
1880 380 507
1880 379 509
1880 307 666
1880 215 620
1880 337 743
1880 287 525
1880 352 837
1880 242 532
1900 307 562
1900 260 494
1900 404 832
1900 267 567
1900 436 438
1900 319 656
1900 217 622
1900 398 837
1900 288 526
1900 467 824
1900 352 839
1900 433 383
1900 244 532
1920 299 445
1920 179 604
1920 403 342
1920 267 502
1920 324 474
1920 412 813
1920 264 565
1920 302 670
1920 219 629
1920 403 843
1920 289 519
1920 361 826
1920 352 841
1920 241 530
1940 301 569
1940 376 287
1940 393 269
1940 260 470
1940 267 570
1940 153 510
1940 311 665
1940 218 623
1940 287 526
1940 361 977
1940 450 871
1940 77 599
1940 150 496
1940 347 846
1940 240 528
1960 302 564
1960 427 547
1960 266 502
1960 165 438
1960 440 557
1960 374 181
1960 266 566
1960 429 944
1960 307 665
1960 217 621
1960 126 374
1960 363 205
1960 286 528
1960 370 826
1960 349 845
1960 242 528
1980 300 566
1980 95 409
1980 264 504
1980 278 1165
1980 266 567
1980 218 615
1980 399 827
1980 286 528
1980 71 431
1980 405 1048
1980 358 484
1980 56 272
1980 353 831
1980 241 532
1980 379 1093
