1800 300 569
1800 259 501
1800 263 566
1800 310 660
1800 216 626
1800 400 826
1800 281 531
1800 369 767
1800 76 483
1800 238 535
1820 300 573
1820 460 652
1820 258 502
1820 414 642
1820 280 853
1820 31 915
1820 418 838
1820 262 573
1820 309 667
1820 215 625
1820 222 1232
1820 284 528
1820 363 830
1820 238 536
1840 299 570
1840 363 288
1840 259 501
1840 328 866
1840 358 620
1840 393 656
1840 42 909
1840 260 577
1840 303 658
1840 216 628
1840 284 527
1840 361 498
1840 77 458
1840 239 537
1860 300 567
1860 373 563
1860 258 506
1860 342 499
1860 385 696
1860 263 565
1860 374 562
1860 309 665
1860 216 627
1860 400 841
1860 285 527
1860 75 459
1860 344 849
1860 239 536
1860 373 561
1880 298 568
1880 267 492
1880 260 570
1880 379 507
1880 304 667
1880 215 623
1880 335 745
1880 287 526
1880 347 849
1880 241 532
1900 299 552
1900 258 494
1900 405 835
1900 264 563
1900 437 448
1900 70 776
1900 307 669
1900 216 626
1900 240 694
1900 396 845
1900 286 526
1900 466 818
1900 352 836
1900 431 385
1900 241 534
1920 300 567
1920 181 614
1920 403 344
1920 266 503
1920 410 795
1920 262 569
1920 301 677
1920 218 635
1920 399 856
1920 282 527
1920 424 931
1920 365 850
1920 346 847
1920 240 531
1940 299 571
1940 377 283
1940 257 473
1940 266 566
1940 307 668
1940 217 630
1940 285 527
1940 361 976
1940 457 866
1940 73 599
1940 283 734
1940 342 855
1940 236 532
1960 300 568
1960 427 553
1960 263 503
1960 440 561
1960 370 178
1960 262 566
1960 305 667
1960 213 627
1960 125 377
1960 285 529
1960 236 531
1980 299 564
1980 94 414
1980 263 504
1980 277 1163
1980 265 568
1980 218 617
1980 173 485
1980 398 831
1980 284 528
1980 406 1047
1980 362 487
1980 54 270
1980 89 440
1980 364 1031
1980 352 831
1980 238 535
1980 380 1057
