1800 301 570
1800 467 628
1800 261 500
1800 290 1196
1800 33 918
1800 259 569
1800 309 659
1800 217 626
1800 396 824
1800 282 529
1800 368 771
1800 444 833
1800 77 482
1800 183 1320
1800 390 794
1800 239 532
1820 301 567
1820 457 649
1820 259 502
1820 414 652
1820 280 674
1820 34 921
1820 421 838
1820 261 573
1820 413 650
1820 418 519
1820 308 663
1820 217 625
1820 222 1231
1820 284 527
1820 359 832
1820 432 398
1820 239 534
1840 300 567
1840 364 289
1840 259 501
1840 316 866
1840 358 618
1840 396 657
1840 280 675
1840 44 897
1840 259 571
1840 430 647
1840 304 674
1840 218 628
1840 395 865
1840 285 527
1840 362 498
1840 80 461
1840 376 854
1840 240 534
1860 301 567
1860 374 562
1860 260 503
1860 341 499
1860 387 697
1860 318 183
1860 275 660
1860 403 833
1860 263 567
1860 374 561
1860 309 665
1860 217 626
1860 400 843
1860 285 529
1860 77 470
1860 374 561
1860 345 850
1860 239 536
1880 299 565
1880 266 493
1880 51 874
1880 309 763
1880 259 569
1880 433 501
1880 379 506
1880 379 510
1880 306 667
1880 217 626
1880 330 757
1880 396 850
1880 288 526
1880 379 507
1880 337 749
1880 379 852
1880 349 845
1880 241 533
1900 300 552
1900 259 495
1900 404 835
1900 265 569
1900 434 445
1900 437 445
1900 311 671
1900 218 628
1900 242 702
1900 355 475
1900 398 833
1900 287 526
1900 471 822
1900 351 831
1900 431 383
1900 243 533
1920 301 567
1920 296 444
1920 183 612
1920 409 366
1920 266 503
1920 315 463
1920 410 815
1920 160 648
1920 316 460
1920 260 572
1920 354 843
1920 433 913
1920 301 673
1920 218 632
1920 403 845
1920 282 527
1920 158 642
1920 422 933
1920 6 515
1920 358 840
1920 381 854
1920 351 843
1920 240 529
1940 299 570
1940 373 291
1940 391 266
1940 151 514
1940 264 477
1940 282 663
1940 264 570
1940 350 848
1940 151 512
1940 309 669
1940 218 630
1940 148 508
1940 345 735
1940 284 529
1940 357 981
1940 451 871
1940 74 599
1940 147 511
1940 470 878
1940 148 508
1940 345 846
1940 461 291
1940 239 532
1960 301 566
1960 435 555
1960 265 504
1960 163 442
1960 222 473
1960 375 180
1960 284 671
1960 261 574
1960 428 942
1960 306 668
1960 215 625
1960 124 377
1960 353 213
1960 285 529
1960 382 854
1960 345 844
1960 238 531
1980 298 565
1980 95 419
1980 381 488
1980 87 753
1980 264 505
1980 95 419
1980 262 568
1980 350 845
1980 221 622
1980 176 486
1980 398 833
1980 283 528
1980 361 1026
1980 69 427
1980 404 1048
1980 363 488
1980 50 263
1980 366 483
1980 365 1043
1980 397 825
1980 352 838
1980 250 1151
1980 239 533
1980 372 1082
