1800 298 565
1800 260 501
1800 259 561
1800 284 533
1800 442 830
1800 270 663
1800 242 538
1820 296 555
1820 419 633
1820 259 501
1820 415 840
1820 258 568
1820 402 668
1820 224 1232
1820 283 532
1820 240 537
1840 297 561
1840 365 287
1840 258 501
1840 396 667
1840 256 566
1840 304 656
1840 284 533
1840 385 859
1840 242 538
1860 300 562
1860 259 502
1860 386 702
1860 257 570
1860 375 565
1860 284 534
1860 382 691
1860 363 701
1860 369 564
1860 239 539
1880 295 565
1880 267 498
1880 255 570
1880 315 672
1880 332 749
1880 286 532
1880 239 535
1900 303 559
1900 257 495
1900 405 842
1900 256 566
1900 288 534
1900 240 536
1920 301 566
1920 217 626
1920 263 505
1920 394 743
1920 258 574
1920 382 735
1920 287 533
1920 379 862
1920 359 837
1920 415 922
1920 242 540
1940 297 563
1940 378 284
1940 261 470
1940 260 573
1940 284 531
1940 356 981
1940 126 519
1940 469 873
1940 237 527
1960 299 564
1960 261 506
1960 89 402
1960 256 569
1960 284 531
1960 377 868
1980 298 562
1980 261 507
1980 400 839
1980 259 572
1980 296 562
1980 281 530
1980 365 1036
1980 384 857
1980 240 543
