1800 302 569
1800 467 631
1800 260 500
1800 289 1192
1800 32 914
1800 260 569
1800 309 658
1800 217 626
1800 394 821
1800 283 528
1800 369 768
1800 444 833
1800 77 480
1800 239 533
1820 301 566
1820 456 649
1820 259 501
1820 414 651
1820 32 919
1820 422 837
1820 262 573
1820 308 662
1820 216 625
1820 222 1230
1820 284 525
1820 359 833
1820 429 396
1820 238 534
1840 299 566
1840 363 288
1840 259 501
1840 316 865
1840 357 618
1840 394 655
1840 43 893
1840 259 571
1840 429 646
1840 299 662
1840 218 626
1840 285 525
1840 362 498
1840 80 458
1840 239 536
1860 300 565
1860 374 560
1860 259 502
1860 341 497
1860 385 696
1860 317 182
1860 403 838
1860 264 568
1860 374 559
1860 308 664
1860 217 624
1860 285 528
1860 345 850
1860 239 536
1880 300 563
1880 268 491
1880 50 866
1880 304 751
1880 260 570
1880 437 505
1880 379 506
1880 379 509
1880 305 664
1880 217 624
1880 335 744
1880 288 526
1880 379 505
1880 336 748
1880 347 847
1880 241 532
1900 300 547
1900 257 495
1900 405 838
1900 265 568
1900 439 406
1900 311 671
1900 216 628
1900 243 700
1900 353 473
1900 398 833
1900 287 525
1900 351 835
1900 431 383
1900 241 533
1920 301 565
1920 296 444
1920 180 607
1920 265 502
1920 411 811
1920 316 461
1920 261 571
1920 352 843
1920 433 915
1920 301 670
1920 218 630
1920 401 843
1920 282 526
1920 157 641
1920 422 922
1920 6 513
1920 358 840
1920 350 842
1920 238 532
1940 299 569
1940 374 290
1940 390 266
1940 263 477
1940 127 521
1940 281 661
1940 263 569
1940 150 510
1940 307 667
1940 217 629
1940 285 527
1940 359 977
1940 449 874
1940 75 599
1940 146 506
1940 473 885
1940 147 504
1940 344 848
1940 238 532
1960 301 565
1960 434 554
1960 264 503
1960 160 442
1960 220 472
1960 373 180
1960 283 669
1960 261 572
1960 427 943
1960 305 666
1960 215 623
1960 123 377
1960 354 214
1960 285 529
1960 237 531
1980 298 565
1980 94 411
1980 90 753
1980 264 505
1980 96 420
1980 263 569
1980 348 848
1980 218 619
1980 398 831
1980 284 527
1980 362 1024
1980 361 488
1980 365 486
1980 364 1039
1980 350 841
1980 248 1150
1980 239 534
1980 373 1097
