1800 299 569
1800 465 626
1800 259 502
1800 240 65
1800 31 918
1800 257 571
1800 282 1128
1800 307 657
1800 216 624
1800 391 815
1800 280 532
1800 367 771
1800 443 839
1800 77 483
1800 236 533
1820 299 565
1820 456 649
1820 258 503
1820 414 646
1820 33 902
1820 420 837
1820 258 575
1820 415 517
1820 307 660
1820 215 623
1820 219 1231
1820 282 528
1820 358 832
1820 236 532
1840 297 566
1840 362 291
1840 258 502
1840 317 867
1840 355 629
1840 392 660
1840 41 904
1840 255 575
1840 296 657
1840 215 625
1840 329 861
1840 388 860
1840 284 528
1840 360 499
1840 80 456
1840 236 536
1860 299 566
1860 257 503
1860 339 502
1860 382 697
1860 315 181
1860 54 920
1860 260 571
1860 373 563
1860 306 665
1860 215 621
1860 394 848
1860 285 525
1860 341 849
1860 236 534
1860 372 560
1880 297 567
1880 268 503
1880 48 867
1880 256 574
1880 432 503
1880 377 510
1880 376 511
1880 301 666
1880 215 624
1880 328 760
1880 284 527
1880 345 853
1880 238 531
1900 299 554
1900 257 495
1900 261 571
1900 434 434
1900 307 671
1900 216 624
1900 392 845
1900 286 527
1900 465 824
1900 349 840
1900 429 385
1900 238 530
1920 298 447
1920 176 606
1920 402 343
1920 263 503
1920 396 758
1920 259 571
1920 434 910
1920 404 358
1920 215 630
1920 394 869
1920 279 523
1920 419 937
1920 6 512
1920 362 846
1920 346 852
1920 236 531
1940 296 568
1940 369 296
1940 387 267
1940 259 489
1940 262 572
1940 148 504
1940 306 667
1940 215 625
1940 284 528
1940 357 983
1940 452 870
1940 74 600
1940 471 871
1940 147 503
1940 234 530
1960 298 564
1960 426 546
1960 263 505
1960 160 443
1960 258 573
1960 426 945
1960 303 666
1960 214 623
1960 125 374
1960 349 209
1960 284 529
1960 300 1064
1960 365 829
1960 343 847
1960 233 538
1980 297 563
1980 95 416
1980 262 506
1980 270 1167
1980 260 571
1980 306 121
1980 217 615
1980 396 834
1980 282 529
1980 68 433
1980 357 486
1980 362 1042
1980 350 833
1980 246 1151
1980 235 535
1980 373 1103
