1800 302 570
1800 259 503
1800 264 568
1800 314 673
1800 217 623
1800 436 832
1800 282 533
1800 274 659
1800 243 534
1820 303 570
1820 259 502
1820 36 921
1820 262 569
1820 217 625
1820 284 531
1820 278 853
1820 306 662
1820 240 538
1840 303 572
1840 259 501
1840 387 847
1840 408 833
1840 258 573
1840 219 628
1840 318 865
1840 285 535
1840 243 534
1860 304 573
1860 386 700
1860 258 506
1860 263 569
1860 376 564
1860 218 623
1860 284 536
1860 375 564
1860 240 537
1860 372 566
1880 302 564
1880 268 495
1880 47 864
1880 258 581
1880 217 624
1880 335 748
1880 287 528
1880 241 533
1900 260 495
1900 259 571
1900 220 627
1900 286 533
1900 301 675
1900 358 476
1900 245 532
1920 265 503
1920 263 574
1920 104 687
1920 303 673
1920 218 623
1920 294 537
1920 412 895
1920 385 728
1920 240 537
1940 301 572
1940 393 269
1940 384 285
1940 261 474
1940 263 568
1940 312 671
1940 216 625
1940 286 530
1940 365 980
1940 468 882
1940 238 530
1960 303 567
1960 263 504
1960 371 201
1960 259 569
1960 216 628
1960 283 535
1960 388 862
1960 305 1060
1960 308 1058
1960 243 531
1980 302 571
1980 263 506
1980 265 571
1980 219 616
1980 400 827
1980 284 532
1980 52 259
1980 359 1026
1980 242 534
