1800 302 570
1800 466 630
1800 260 501
1800 288 1197
1800 31 917
1800 259 569
1800 285 1125
1800 310 661
1800 216 627
1800 392 820
1800 282 529
1800 368 770
1800 444 833
1800 76 482
1800 181 1316
1800 370 772
1800 238 535
1820 301 570
1820 456 649
1820 259 501
1820 414 647
1820 32 927
1820 421 840
1820 261 577
1820 310 667
1820 216 626
1820 221 1230
1820 283 526
1820 218 1246
1820 357 832
1820 424 388
1820 236 536
1840 299 569
1840 363 289
1840 259 501
1840 315 865
1840 357 622
1840 394 657
1840 45 893
1840 258 573
1840 429 645
1840 302 662
1840 218 628
1840 284 527
1840 362 499
1840 80 459
1840 238 538
1860 300 568
1860 373 562
1860 259 503
1860 341 500
1860 384 696
1860 262 569
1860 373 563
1860 309 666
1860 216 626
1860 399 843
1860 285 527
1860 345 851
1860 238 537
1880 299 566
1880 270 493
1880 49 872
1880 302 750
1880 258 569
1880 378 509
1880 378 511
1880 305 667
1880 216 625
1880 329 752
1880 287 526
1880 348 849
1880 239 532
1900 299 549
1900 258 495
1900 260 572
1900 431 443
1900 71 771
1900 315 672
1900 216 628
1900 243 702
1900 394 845
1900 286 527
1900 468 822
1900 351 836
1900 431 384
1900 241 534
1920 300 566
1920 296 446
1920 179 608
1920 404 349
1920 266 504
1920 330 478
1920 409 810
1920 260 570
1920 432 917
1920 300 670
1920 218 634
1920 401 846
1920 281 524
1920 355 839
1920 352 849
1920 237 532
1940 299 570
1940 372 289
1940 393 269
1940 147 505
1940 263 481
1940 280 661
1940 263 572
1940 148 508
1940 309 670
1940 217 631
1940 284 528
1940 357 980
1940 453 868
1940 73 598
1940 147 505
1940 346 846
1940 236 533
1960 300 568
1960 439 558
1960 264 505
1960 159 444
1960 431 549
1960 374 180
1960 259 571
1960 427 943
1960 304 669
1960 215 625
1960 123 378
1960 353 213
1960 284 528
1960 346 846
1960 235 531
1980 298 567
1980 94 418
1980 86 752
1980 263 507
1980 94 420
1980 262 568
1980 219 617
1980 397 832
1980 282 527
1980 362 1031
1980 361 489
1980 54 274
1980 364 1043
1980 350 847
1980 247 1152
1980 237 536
1980 375 1104
