1800 301 570
1800 467 628
1800 260 501
1800 289 1189
1800 32 919
1800 260 567
1800 311 661
1800 217 625
1800 314 817
1800 393 818
1800 282 529
1800 368 772
1800 443 832
1800 77 482
1800 183 1322
1800 239 533
1820 301 568
1820 457 650
1820 259 503
1820 414 649
1820 279 674
1820 33 926
1820 423 834
1820 261 571
1820 413 650
1820 309 666
1820 216 626
1820 222 1230
1820 284 529
1820 218 1252
1820 360 833
1820 238 535
1840 299 568
1840 364 290
1840 259 502
1840 319 863
1840 358 621
1840 394 657
1840 279 676
1840 43 902
1840 259 570
1840 429 645
1840 305 671
1840 218 628
1840 397 864
1840 284 527
1840 362 499
1840 79 458
1840 368 500
1840 376 855
1840 239 536
1860 300 568
1860 373 562
1860 259 504
1860 341 500
1860 385 696
1860 318 184
1860 402 831
1860 263 565
1860 374 563
1860 310 666
1860 382 703
1860 217 626
1860 395 842
1860 285 529
1860 76 469
1860 373 562
1860 345 849
1860 238 537
1880 299 565
1880 265 494
1880 309 738
1880 50 873
1880 305 748
1880 260 569
1880 436 505
1880 379 508
1880 379 510
1880 306 668
1880 217 626
1880 394 855
1880 288 527
1880 378 506
1880 336 750
1880 379 849
1880 348 847
1880 240 532
1900 300 558
1900 259 497
1900 353 474
1900 265 568
1900 436 451
1900 313 673
1900 218 628
1900 243 705
1900 355 478
1900 394 847
1900 286 526
1900 471 821
1900 372 488
1900 352 828
1900 432 384
1900 242 533
1920 300 566
1920 297 445
1920 182 611
1920 410 371
1920 265 505
1920 410 810
1920 159 646
1920 315 461
1920 261 570
1920 351 842
1920 434 911
1920 301 674
1920 218 632
1920 401 846
1920 281 526
1920 156 642
1920 414 791
1920 422 930
1920 6 515
1920 360 842
1920 350 843
1920 238 530
1940 299 570
1940 372 290
1940 392 268
1940 261 475
1940 359 731
1940 127 528
1940 281 666
1940 263 570
1940 150 511
1940 309 671
1940 218 629
1940 148 513
1940 346 736
1940 284 528
1940 357 980
1940 449 875
1940 74 598
1940 147 513
1940 473 889
1940 285 736
1940 147 508
1940 343 851
1940 463 290
1940 238 532
1960 300 566
1960 433 552
1960 264 505
1960 162 442
1960 280 1185
1960 375 180
1960 283 672
1960 261 570
1960 427 942
1960 306 668
1960 215 624
1960 123 377
1960 352 213
1960 385 875
1960 285 528
1960 302 1060
1960 367 862
1960 374 844
1960 344 846
1960 236 532
1980 298 565
1980 92 414
1980 86 752
1980 263 506
1980 96 425
1980 262 568
1980 221 618
1980 177 486
1980 398 834
1980 282 528
1980 362 1028
1980 69 429
1980 405 1049
1980 362 491
1980 365 484
1980 364 1046
1980 351 840
1980 250 1152
1980 238 535
1980 372 1099
