1800 300 567
1800 259 500
1800 285 1200
1800 259 567
1800 308 657
1800 216 621
1800 281 528
1800 287 1120
1800 369 768
1800 77 480
1800 386 805
1800 238 530
1820 299 565
1820 258 500
1820 273 850
1820 34 944
1820 421 835
1820 260 569
1820 423 521
1820 308 664
1820 216 620
1820 220 1231
1820 283 526
1820 365 833
1820 238 533
1840 298 566
1840 362 288
1840 259 499
1840 358 619
1840 394 663
1840 44 921
1840 258 568
1840 299 657
1840 216 624
1840 284 524
1840 359 497
1840 78 457
1840 361 840
1840 238 534
1860 298 566
1860 259 503
1860 387 699
1860 259 567
1860 374 558
1860 308 664
1860 217 623
1860 284 526
1860 76 457
1860 341 850
1860 238 532
1880 297 565
1880 263 492
1880 346 509
1880 49 874
1880 257 572
1880 437 513
1880 377 508
1880 301 663
1880 215 621
1880 284 523
1880 238 532
1900 297 553
1900 258 493
1900 259 563
1900 306 668
1900 217 621
1900 286 526
1900 467 830
1900 430 384
1900 240 531
1920 298 567
1920 397 365
1920 264 502
1920 391 756
1920 261 566
1920 430 913
1920 302 668
1920 216 626
1920 282 527
1920 101 680
1920 358 830
1920 239 528
1940 298 569
1940 370 306
1940 386 269
1940 259 473
1940 263 564
1940 309 666
1940 216 625
1940 286 525
1940 359 975
1940 454 873
1940 76 600
1940 147 503
1940 238 528
1960 298 564
1960 428 547
1960 264 501
1960 162 439
1960 120 379
1960 258 568
1960 428 948
1960 214 627
1960 126 374
1960 285 528
1960 217 472
1960 239 528
1980 297 563
1980 262 503
1980 261 565
1980 219 615
1980 397 838
1980 284 528
1980 356 483
1980 362 1052
1980 348 842
1980 238 533
1980 376 1107
