1800 242 535
1800 449 603
1800 75 488
1800 261 504
1800 217 625
1800 239 74
1800 262 574
1800 308 661
1800 394 829
1800 289 1115
1800 76 487
1800 412 815
1800 10 323
1800 286 531
1800 370 767
1800 301 570
1805 240 541
1805 458 630
1805 261 510
1805 218 626
1805 265 576
1805 308 662
1805 419 834
1805 434 605
1805 284 532
1805 367 747
1805 301 570
1810 254 1169
1810 241 537
1810 456 618
1810 262 503
1810 218 626
1810 264 571
1810 307 665
1810 264 1222
1810 426 843
1810 430 632
1810 284 532
1810 371 833
1810 301 571
1815 240 1201
1815 239 537
1815 451 519
1815 462 620
1815 261 505
1815 218 624
1815 261 569
1815 306 663
1815 247 1237
1815 422 839
1815 432 631
1815 284 532
1815 300 571
1820 240 537
1820 426 524
1820 260 502
1820 353 671
1820 219 628
1820 265 572
1820 385 843
1820 241 1309
1820 421 836
1820 408 645
1820 285 532
1820 301 572
1820 421 388
1825 241 537
1825 259 502
1825 351 660
1825 218 626
1825 265 570
1825 307 657
1825 227 1337
1825 420 838
1825 409 639
1825 452 640
1825 283 532
1825 402 513
1825 300 573
1825 416 379
1830 240 538
1830 260 501
1830 219 626
1830 265 569
1830 403 357
1830 307 664
1830 415 841
1830 441 641
1830 287 541
1835 248 545
1835 357 636
1835 268 513
1835 221 629
1835 261 572
1835 388 859
1835 392 334
1835 307 658
1835 415 840
1835 401 659
1835 431 630
1835 285 537
1835 416 842
1835 299 571
1840 242 535
1840 79 458
1840 259 502
1840 220 629
1840 364 499
1840 327 866
1840 264 571
1840 386 856
1840 374 316
1840 305 662
1840 393 659
1840 429 649
1840 286 529
1840 300 569
1845 241 538
1845 364 610
1845 80 462
1845 259 502
1845 219 628
1845 356 498
1845 329 866
1845 265 569
1845 385 859
1845 351 828
1845 307 661
1845 389 662
1845 422 659
1845 287 530
1845 49 925
1845 299 569
1850 243 532
1850 364 599
1850 79 465
1850 260 503
1850 217 627
1850 263 568
1850 392 857
1850 346 854
1850 305 665
1850 409 833
1850 408 837
1850 382 663
1850 288 530
1850 301 566
1855 237 538
1855 79 462
1855 257 505
1855 218 628
1855 336 215
1855 292 609
1855 267 566
1855 386 858
1855 351 845
1855 306 664
1855 401 848
1855 406 837
1855 395 681
1855 288 530
1855 410 833
1855 301 570
1860 242 539
1860 383 693
1860 76 466
1860 259 504
1860 218 627
1860 317 185
1860 265 564
1860 395 856
1860 353 836
1860 307 665
1860 342 506
1860 406 834
1860 385 693
1860 287 531
1860 300 569
1865 243 536
1865 277 512
1865 218 626
1865 308 151
1865 264 564
1865 357 847
1865 309 662
1865 343 512
1865 404 831
1865 290 530
1865 61 934
1865 302 563
1870 245 539
1870 459 512
1870 270 497
1870 218 619
1870 300 118
1870 264 568
1870 354 840
1870 305 656
1870 75 491
1870 409 834
1870 336 733
1870 290 528
1870 301 563
1875 244 534
1875 472 458
1875 274 497
1875 216 619
1875 351 752
1875 334 732
1875 263 565
1875 353 844
1875 307 669
1875 414 836
1875 333 729
1875 288 523
1875 300 567
1880 242 535
1880 433 500
1880 271 495
1880 220 628
1880 265 566
1880 343 841
1880 306 662
1880 66 531
1880 410 845
1880 288 529
1880 299 570
1885 242 534
1885 417 501
1885 270 500
1885 218 624
1885 379 509
1885 264 561
1885 362 840
1885 317 674
1885 68 564
1885 415 843
1885 288 534
1885 415 505
1885 297 574
1890 285 759
1890 239 538
1890 259 500
1890 352 524
1890 218 627
1890 372 489
1890 266 577
1890 60 838
1890 358 841
1890 317 688
1890 280 756
1890 278 731
1890 277 754
1890 288 535
1890 406 501
1890 299 570
1890 461 418
1895 239 536
1895 464 417
1895 258 504
1895 218 628
1895 360 476
1895 265 575
1895 385 868
1895 358 839
1895 314 676
1895 407 831
1895 286 535
1895 391 498
1895 300 569
1900 244 539
1900 442 389
1900 264 502
1900 220 631
1900 356 471
1900 266 571
1900 246 703
1900 357 839
1900 306 663
1900 345 526
1900 408 839
1900 287 531
1900 390 498
1900 436 458
1900 67 651
1900 434 387
1905 242 538
1905 429 443
1905 267 507
1905 340 465
1905 218 634
1905 369 485
1905 269 569
1905 364 843
1905 309 659
1905 230 703
1905 405 831
1905 469 752
1905 289 533
1905 437 390
1905 416 438
1905 63 672
1905 428 377
1910 242 531
1910 424 380
1910 265 507
1910 221 637
1910 352 479
1910 264 551
1910 66 727
1910 385 868
1910 356 835
1910 307 661
1910 405 831
1910 413 839
1910 213 674
1910 453 742
1910 287 531
1910 66 728
1910 419 365
1915 241 534
1915 472 452
1915 268 511
1915 217 629
1915 312 446
1915 267 567
1915 386 864
1915 355 831
1915 425 737
1915 415 847
1915 287 531
1915 85 701
1915 418 366
1915 171 667
1920 243 535
1920 270 512
1920 219 628
1920 298 439
1920 393 746
1920 265 565
1920 388 866
1920 159 651
1920 361 834
1920 304 661
1920 310 471
1920 409 837
1920 22 525
1920 461 704
1920 289 534
1920 397 544
1920 82 684
1920 325 470
1920 410 348
1925 243 538
1925 436 405
1925 269 507
1925 217 624
1925 308 464
1925 267 563
1925 387 862
1925 144 619
1925 361 841
1925 400 340
1925 430 716
1925 31 512
1925 295 525
1925 405 919
1925 406 552
1925 371 737
1925 104 655
1925 302 587
1925 410 364
1930 245 539
1930 265 504
1930 217 625
1930 266 560
1930 350 848
1930 389 332
1930 404 836
1930 408 838
1930 334 748
1930 299 522
1930 396 931
1930 96 632
1930 299 572
1930 419 372
1935 399 300
1935 242 535
1935 280 511
1935 218 626
1935 264 567
1935 386 864
1935 369 856
1935 384 315
1935 308 669
1935 407 836
1935 20 446
1935 293 528
1935 102 609
1935 300 573
1935 417 347
1940 346 287
1940 424 316
1940 239 533
1940 311 666
1940 270 501
1940 149 496
1940 217 624
1940 266 570
1940 370 976
1940 392 861
1940 354 836
1940 378 296
1940 311 670
1940 260 498
1940 289 527
1940 299 571
1945 355 272
1945 405 278
1945 235 539
1945 264 498
1945 222 629
1945 359 1009
1945 142 458
1945 260 570
1945 388 863
1945 355 837
1945 384 269
1945 309 677
1945 467 888
1945 251 470
1945 408 839
1945 331 736
1945 286 529
1945 299 571
1945 461 274
1950 349 272
1950 401 266
1950 230 538
1950 262 504
1950 223 622
1950 349 1035
1950 135 442
1950 417 271
1950 353 261
1950 263 575
1950 380 865
1950 353 838
1950 387 235
1950 309 673
1950 410 842
1950 287 530
1950 299 572
1955 430 244
1955 243 498
1955 444 565
1955 264 506
1955 220 637
1955 343 238
1955 264 566
1955 384 864
1955 353 838
1955 448 954
1955 84 531
1955 281 721
1955 286 528
1955 437 958
1955 301 569
1960 421 273
1960 238 533
1960 439 556
1960 184 753
1960 263 507
1960 218 632
1960 120 386
1960 355 215
1960 389 200
1960 316 1074
1960 266 566
1960 387 868
1960 352 851
1960 430 194
1960 303 671
1960 91 527
1960 28 579
1960 286 529
1960 301 569
1965 245 539
1965 263 507
1965 221 628
1965 336 195
1965 325 190
1965 265 562
1965 389 969
1965 384 859
1965 360 831
1965 163 746
1965 141 445
1965 286 528
1965 408 1008
1965 411 550
1965 299 570
1970 420 1011
1970 244 542
1970 94 467
1970 262 508
1970 219 627
1970 135 448
1970 357 159
1970 265 560
1970 395 1005
1970 388 857
1970 363 850
1970 28 527
1970 286 528
1970 410 1015
1970 400 522
1970 300 568
1975 240 536
1975 85 457
1975 263 509
1975 223 631
1975 85 336
1975 323 152
1975 263 568
1975 410 1014
1975 391 859
1975 357 841
1975 304 665
1975 400 817
1975 291 1148
1975 22 540
1975 286 531
1975 418 1023
1975 391 498
1975 299 572
1980 252 1148
1980 241 537
1980 83 436
1980 409 1048
1980 264 507
1980 222 630
1980 368 1047
1980 364 491
1980 266 566
1980 392 858
1980 354 836
1980 399 830
1980 274 1170
1980 287 529
1980 410 1048
1980 364 491
1980 301 565
1985 239 1169
1985 247 538
1985 399 1087
1985 265 505
1985 216 630
1985 358 1078
1985 363 479
1985 265 565
1985 390 861
1985 359 844
1985 303 664
1985 400 826
1985 404 838
1985 286 530
1985 370 458
1990 229 1188
1990 242 538
1990 78 472
1990 262 505
1990 221 627
1990 349 1093
1990 363 434
1990 265 559
1990 393 848
1990 331 446
1990 357 835
1990 301 670
1990 402 829
1990 79 474
1990 404 843
1990 286 526
1995 223 1205
1995 245 543
1995 266 511
1995 220 631
1995 218 1215
1995 264 548
1995 392 858
1995 318 416
1995 356 835
1995 302 664
1995 399 828
1995 451 963
1995 318 416
1995 279 524
1995 407 954
1995 297 571
