1800 239 533
1800 450 609
1800 74 493
1800 259 502
1800 219 627
1800 257 569
1800 400 833
1800 281 530
1800 300 567
1820 234 536
1820 257 501
1820 274 862
1820 217 627
1820 257 577
1820 360 840
1820 231 1308
1820 420 839
1820 282 528
1820 302 572
1840 239 534
1840 76 460
1840 255 505
1840 219 625
1840 255 574
1840 351 837
1840 360 287
1840 410 837
1840 278 530
1840 299 567
1860 239 535
1860 75 466
1860 255 505
1860 216 631
1860 254 576
1860 336 506
1860 396 842
1860 284 528
1860 297 569
1880 237 532
1880 436 507
1880 463 443
1880 266 498
1880 218 627
1880 297 659
1880 256 574
1880 344 519
1880 401 844
1880 301 736
1880 282 527
1880 296 571
1900 239 534
1900 439 386
1900 254 499
1900 225 632
1900 369 493
1900 350 469
1900 398 836
1900 282 527
1900 354 491
1920 237 536
1920 263 521
1920 255 581
1920 407 832
1920 385 747
1920 274 530
1940 444 303
1940 237 528
1940 243 479
1940 217 622
1940 372 983
1940 255 578
1940 471 881
1940 285 526
1940 296 571
1960 430 193
1960 119 387
1960 329 204
1960 437 559
1960 261 506
1960 343 209
1960 254 581
1960 281 526
1960 299 569
1980 277 1168
1980 242 1152
1980 240 540
1980 258 516
1980 359 491
1980 259 574
1980 356 845
1980 248 1150
1980 395 829
1980 284 528
1980 298 567
