1800 241 528
1800 445 596
1800 80 482
1800 261 499
1800 217 619
1800 262 566
1800 393 814
1800 283 1122
1800 410 815
1800 289 527
1800 370 764
1800 302 569
1820 241 530
1820 459 636
1820 264 497
1820 220 624
1820 226 1229
1820 264 563
1820 380 841
1820 422 833
1820 286 528
1820 302 569
1840 240 530
1840 363 613
1840 262 497
1840 219 623
1840 264 562
1840 371 852
1840 393 654
1840 295 668
1840 286 524
1840 301 569
1860 241 532
1860 472 520
1860 260 500
1860 221 627
1860 356 828
1860 265 558
1860 395 849
1860 406 824
1860 288 526
1860 302 570
1880 239 529
1880 431 494
1880 465 433
1880 276 495
1880 220 623
1880 264 563
1880 405 830
1880 307 666
1880 290 523
1880 301 566
1900 242 531
1900 437 389
1900 260 496
1900 220 625
1900 268 566
1900 74 768
1900 357 835
1900 406 831
1900 287 526
1900 377 493
1920 239 529
1920 269 504
1920 219 622
1920 427 910
1920 263 557
1920 156 638
1920 372 855
1920 404 340
1920 177 603
1920 409 836
1920 286 525
1920 422 912
1920 399 741
1920 302 572
1940 363 294
1940 466 284
1940 240 528
1940 272 475
1940 218 618
1940 266 548
1940 368 859
1940 395 274
1940 469 867
1940 403 827
1940 294 523
1940 302 569
1960 398 211
1960 239 533
1960 433 552
1960 178 745
1960 265 503
1960 220 623
1960 367 176
1960 308 1054
1960 264 553
1960 380 865
1960 18 560
1960 287 527
1960 303 567
1980 240 539
1980 83 427
1980 265 502
1980 234 633
1980 264 559
1980 393 846
1980 180 482
1980 400 826
1980 288 525
1980 365 480
1980 301 567
