1800 240 530
1800 446 599
1800 75 484
1800 259 501
1800 216 623
1800 285 665
1800 261 568
1800 439 822
1800 393 831
1800 285 527
1800 301 567
1800 283 1123
1820 413 641
1820 238 530
1820 455 638
1820 260 499
1820 216 622
1820 221 1242
1820 278 663
1820 262 566
1820 359 836
1820 283 859
1820 421 837
1820 284 528
1820 299 567
1840 240 532
1840 360 614
1840 259 499
1840 217 624
1840 320 865
1840 392 653
1840 281 668
1840 261 569
1840 381 852
1840 392 653
1840 286 523
1840 365 498
1840 300 565
1860 240 533
1860 258 501
1860 372 683
1860 216 626
1860 386 696
1860 277 660
1860 262 569
1860 391 856
1860 357 836
1860 402 827
1860 287 526
1860 299 568
1880 238 528
1880 469 437
1880 267 492
1880 218 625
1880 69 863
1880 348 511
1880 328 750
1880 283 662
1880 261 566
1880 387 855
1880 356 846
1880 280 659
1880 287 525
1880 377 511
1880 299 564
1900 345 515
1900 242 533
1900 435 442
1900 56 1126
1900 262 496
1900 216 626
1900 354 474
1900 278 659
1900 262 567
1900 387 857
1900 354 832
1900 402 830
1900 226 719
1900 287 525
1920 238 532
1920 266 503
1920 217 624
1920 299 440
1920 281 661
1920 264 569
1920 393 861
1920 154 641
1920 372 857
1920 399 343
1920 404 847
1920 280 521
1920 394 741
1940 364 306
1940 465 289
1940 237 529
1940 258 514
1940 217 622
1940 296 731
1940 361 980
1940 146 493
1940 351 824
1940 365 984
1940 278 661
1940 265 566
1940 384 867
1940 367 861
1940 388 285
1940 232 428
1940 473 882
1940 288 524
1940 300 569
1940 427 323
1960 396 214
1960 238 533
1960 436 557
1960 264 504
1960 313 1074
1960 217 624
1960 121 379
1960 335 206
1960 275 674
1960 263 563
1960 286 525
1960 302 566
1960 294 1072
1980 239 536
1980 263 504
1980 215 623
1980 377 1044
1980 280 660
1980 263 566
1980 397 852
1980 388 858
1980 29 381
1980 271 1169
1980 453 893
1980 286 526
1980 360 489
1980 300 566
