1800 283 1128
1800 239 536
1800 260 504
1800 217 631
1800 260 568
1800 307 663
1800 405 826
1800 282 533
1800 299 570
1820 216 1231
1820 236 537
1820 417 519
1820 258 503
1820 217 629
1820 259 571
1820 357 830
1820 304 670
1820 416 837
1820 413 636
1820 282 533
1820 298 573
1820 427 395
1840 240 537
1840 257 504
1840 218 630
1840 327 867
1840 258 571
1840 342 852
1840 302 668
1840 406 836
1840 388 658
1840 415 654
1840 282 532
1840 295 569
1860 239 538
1860 257 508
1860 218 634
1860 279 616
1860 257 567
1860 350 831
1860 303 666
1860 339 503
1860 399 832
1860 379 703
1860 285 531
1860 295 570
1880 237 532
1880 430 501
1880 270 503
1880 218 629
1880 257 566
1880 342 839
1880 299 663
1880 343 517
1880 400 834
1880 283 530
1880 295 573
1900 241 538
1900 430 428
1900 260 502
1900 345 508
1900 219 634
1900 256 580
1900 347 839
1900 301 667
1900 64 653
1900 339 519
1900 400 829
1900 283 533
1900 295 569
1900 429 388
1920 239 537
1920 264 508
1920 219 638
1920 259 573
1920 350 833
1920 400 348
1920 299 664
1920 78 690
1920 310 464
1920 404 835
1920 279 528
1920 299 568
1920 401 344
1940 235 534
1940 242 527
1940 216 623
1940 356 981
1940 341 851
1940 261 569
1940 345 836
1940 368 294
1940 310 677
1940 70 601
1940 400 831
1940 285 528
1940 296 571
1940 417 323
1960 401 213
1960 238 531
1960 179 744
1960 262 507
1960 212 637
1960 328 203
1960 359 857
1960 323 1065
1960 260 570
1960 345 841
1960 300 673
1960 21 564
1960 284 530
1960 297 570
1980 242 1154
1980 239 540
1980 261 507
1980 218 627
1980 262 568
1980 349 839
1980 396 829
1980 284 530
1980 298 567
