1800 308 820
1800 236 534
1800 255 505
1800 412 854
1800 280 672
1800 303 653
1800 260 568
1800 291 1112
1800 215 620
1800 393 830
1800 326 825
1800 284 531
1800 299 573
1820 238 538
1820 253 502
1820 421 853
1820 224 1233
1820 302 653
1820 419 842
1820 258 585
1820 217 611
1820 431 844
1820 284 530
1820 301 566
1840 243 530
1840 350 639
1840 251 507
1840 362 615
1840 261 575
1840 216 618
1840 401 851
1840 284 530
1840 298 573
1860 237 531
1860 252 507
1860 365 712
1860 414 848
1860 262 555
1860 213 623
1860 372 709
1860 371 555
1860 399 853
1860 283 530
1860 299 568
1880 241 537
1880 259 499
1880 372 523
1880 346 530
1880 262 580
1880 213 623
1880 371 524
1880 397 852
1880 285 530
1880 297 571
1900 242 533
1900 254 497
1900 343 470
1900 378 504
1900 351 485
1900 410 847
1900 260 571
1900 214 632
1900 356 499
1900 398 840
1900 286 529
1900 299 571
1920 240 536
1920 252 535
1920 259 585
1920 216 620
1920 312 467
1920 76 682
1920 399 835
1920 280 528
1920 157 656
1920 301 567
1940 251 511
1940 364 999
1940 258 579
1940 216 619
1940 370 298
1940 233 434
1940 364 736
1940 394 833
1940 290 523
1940 296 573
1960 436 566
1960 440 566
1960 258 508
1960 346 213
1960 278 683
1960 296 666
1960 261 573
1960 253 727
1960 283 528
1960 298 568
1980 238 543
1980 252 526
1980 366 497
1980 178 489
1980 258 583
1980 275 1169
1980 215 614
1980 374 871
1980 23 388
1980 354 488
1980 396 841
1980 286 529
1980 299 565
