1800 239 532
1800 447 600
1800 258 501
1800 218 628
1800 259 572
1800 308 660
1800 393 829
1800 443 833
1800 440 826
1800 240 82
1800 286 530
1800 301 569
1820 237 533
1820 426 385
1820 459 635
1820 261 499
1820 217 625
1820 412 648
1820 224 1254
1820 262 568
1820 373 837
1820 280 856
1820 421 837
1820 285 530
1820 301 571
1840 240 533
1840 361 620
1840 259 502
1840 219 627
1840 355 830
1840 260 569
1840 378 851
1840 299 666
1840 392 655
1840 284 528
1840 300 569
1860 239 533
1860 260 510
1860 370 681
1860 218 626
1860 259 569
1860 304 666
1860 404 833
1860 402 830
1860 287 529
1860 298 571
1880 237 531
1880 468 438
1880 271 496
1880 220 628
1880 346 514
1880 333 756
1880 258 570
1880 304 663
1880 286 527
1880 299 568
1900 62 643
1900 241 534
1900 432 446
1900 264 504
1900 241 691
1900 219 630
1900 343 516
1900 259 569
1900 352 840
1900 304 664
1900 401 834
1900 399 835
1900 285 529
1900 300 567
1920 238 533
1920 461 433
1920 267 507
1920 352 835
1920 218 631
1920 262 565
1920 158 651
1920 372 856
1920 401 348
1920 403 829
1920 179 605
1920 328 482
1920 420 902
1920 281 519
1920 392 738
1920 300 568
1940 366 308
1940 456 286
1940 237 532
1940 424 575
1940 248 528
1940 217 626
1940 363 983
1940 147 504
1940 313 670
1940 365 979
1940 262 567
1940 383 868
1940 378 288
1940 309 667
1940 231 429
1940 471 876
1940 287 526
1940 300 570
1960 421 568
1960 392 222
1960 236 537
1960 437 558
1960 263 505
1960 356 835
1960 216 628
1960 334 212
1960 263 562
1960 368 870
1960 286 528
1960 301 568
1980 258 1164
1980 239 537
1980 85 441
1980 264 506
1980 353 833
1980 218 624
1980 263 565
1980 391 845
1980 296 575
1980 155 718
1980 398 831
1980 476 914
1980 258 1155
1980 286 527
1980 360 491
1980 300 569
