1800 241 531
1800 444 596
1800 261 500
1800 218 628
1800 319 809
1800 280 664
1800 260 567
1800 308 661
1800 284 1124
1800 284 530
1800 368 765
1800 301 570
1820 239 532
1820 434 399
1820 261 499
1820 218 626
1820 278 669
1820 261 567
1820 306 667
1820 285 530
1820 301 570
1840 240 532
1840 261 499
1840 220 628
1840 325 866
1840 393 654
1840 259 566
1840 309 660
1840 286 529
1840 294 542
1860 240 534
1860 259 502
1860 386 700
1860 219 626
1860 261 566
1860 306 670
1860 287 529
1860 301 571
1880 238 529
1880 271 494
1880 220 628
1880 334 752
1880 261 564
1880 294 661
1880 285 89
1880 289 528
1880 300 566
1900 242 536
1900 439 386
1900 263 499
1900 220 629
1900 263 565
1900 401 839
1900 307 666
1900 224 721
1900 287 528
1900 375 490
1920 240 530
1920 268 505
1920 220 633
1920 263 568
1920 406 898
1920 156 637
1920 376 858
1920 330 480
1920 423 914
1920 277 521
1920 391 734
1940 370 303
1940 466 286
1940 237 530
1940 260 501
1940 219 626
1940 363 979
1940 363 979
1940 264 567
1940 359 848
1940 392 271
1940 312 670
1940 287 527
1940 300 569
1960 417 216
1960 428 551
1960 265 505
1960 221 624
1960 332 202
1960 263 565
1960 286 528
1960 302 568
1960 296 1067
1980 240 536
1980 264 504
1980 219 626
1980 370 1037
1980 264 567
1980 270 1150
1980 286 527
1980 404 1043
1980 301 567
