1800 238 530
1800 442 597
1800 76 483
1800 257 502
1800 215 620
1800 307 657
1800 442 835
1800 408 833
1800 283 527
1800 301 566
1820 221 1260
1820 238 532
1820 456 642
1820 258 498
1820 215 621
1820 354 833
1820 414 838
1820 283 524
1820 301 566
1840 240 532
1840 82 455
1840 257 499
1840 215 621
1840 373 855
1840 352 826
1840 281 522
1840 299 559
1860 238 533
1860 256 502
1860 216 625
1860 358 836
1860 339 500
1860 404 837
1860 284 524
1860 301 568
1880 238 530
1880 466 437
1880 262 493
1880 217 624
1880 356 837
1880 304 661
1880 303 739
1880 286 520
1880 299 564
1900 239 529
1900 432 429
1900 256 496
1900 346 469
1900 218 624
1900 353 836
1900 305 662
1900 74 654
1900 347 486
1900 410 840
1900 283 524
1900 428 385
1920 234 533
1920 263 507
1920 372 849
1920 353 837
1920 406 341
1920 77 675
1920 408 845
1920 395 754
1920 284 527
1920 301 567
1940 236 526
1940 256 480
1940 216 619
1940 419 318
1940 367 971
1940 350 822
1940 373 287
1940 469 875
1940 74 587
1940 288 524
1940 299 568
1960 419 225
1960 122 374
1960 239 529
1960 436 554
1960 262 503
1960 212 634
1960 345 206
1960 25 335
1960 283 524
1960 302 563
1980 243 1152
1980 239 536
1980 261 507
1980 382 869
1980 349 841
1980 473 925
1980 29 421
1980 404 838
1980 285 526
1980 301 560
