1800 241 534
1800 446 596
1800 259 502
1800 216 624
1800 290 1191
1800 316 811
1800 262 571
1800 394 830
1800 308 664
1800 394 829
1800 284 531
1800 369 769
1800 301 570
1820 237 537
1820 428 507
1820 260 499
1820 218 626
1820 224 1231
1820 263 559
1820 379 842
1820 280 855
1820 420 839
1820 284 530
1820 301 571
1820 419 387
1840 362 287
1840 243 540
1840 259 501
1840 219 627
1840 348 841
1840 266 569
1840 380 853
1840 313 660
1840 391 654
1840 282 669
1840 284 530
1840 300 569
1860 240 538
1860 258 502
1860 372 683
1860 220 633
1860 264 571
1860 367 853
1860 402 830
1860 306 670
1860 286 529
1860 301 571
1880 241 533
1880 429 495
1880 467 434
1880 265 495
1880 222 629
1880 347 852
1880 263 572
1880 400 833
1880 304 666
1880 285 530
1880 299 569
1900 242 537
1900 440 384
1900 262 498
1900 219 632
1900 350 849
1900 355 482
1900 264 569
1900 402 830
1900 285 531
1900 302 569
1900 431 385
1920 240 531
1920 267 506
1920 219 629
1920 359 849
1920 267 572
1920 158 652
1920 373 859
1920 402 346
1920 181 610
1920 421 912
1920 283 529
1920 397 749
1920 303 571
1940 364 302
1940 418 308
1940 238 530
1940 425 574
1940 258 501
1940 218 626
1940 341 859
1940 151 498
1940 268 567
1940 365 969
1940 392 290
1940 309 669
1940 467 870
1940 399 826
1940 285 529
1940 301 570
1940 424 324
1960 389 224
1960 238 532
1960 437 558
1960 169 741
1960 263 504
1960 216 629
1960 360 848
1960 336 209
1960 265 567
1960 161 444
1960 372 862
1960 285 530
1960 303 568
1980 268 1166
1980 241 538
1980 406 1041
1980 264 505
1980 218 630
1980 360 854
1980 381 1045
1980 267 568
1980 153 728
1980 270 1164
1980 176 487
1980 398 826
1980 304 662
1980 286 529
1980 300 569
