1800 242 535
1800 449 603
1800 75 488
1800 261 504
1800 217 625
1800 239 74
1800 262 574
1800 308 661
1800 394 829
1800 289 1115
1800 76 487
1800 412 815
1800 10 323
1800 286 531
1800 370 767
1800 301 570
1820 240 537
1820 426 524
1820 260 502
1820 353 671
1820 219 628
1820 265 572
1820 385 843
1820 241 1309
1820 421 836
1820 408 645
1820 285 532
1820 301 572
1820 421 388
1840 242 535
1840 79 458
1840 259 502
1840 220 629
1840 364 499
1840 327 866
1840 264 571
1840 386 856
1840 374 316
1840 305 662
1840 393 659
1840 429 649
1840 286 529
1840 300 569
1860 242 539
1860 383 693
1860 76 466
1860 259 504
1860 218 627
1860 317 185
1860 265 564
1860 395 856
1860 353 836
1860 307 665
1860 342 506
1860 406 834
1860 385 693
1860 287 531
1860 300 569
1880 242 535
1880 433 500
1880 271 495
1880 220 628
1880 265 566
1880 343 841
1880 306 662
1880 66 531
1880 410 845
1880 288 529
1880 299 570
1900 244 539
1900 442 389
1900 264 502
1900 220 631
1900 356 471
1900 266 571
1900 246 703
1900 357 839
1900 306 663
1900 345 526
1900 408 839
1900 287 531
1900 390 498
1900 436 458
1900 67 651
1900 434 387
1920 243 535
1920 270 512
1920 219 628
1920 298 439
1920 393 746
1920 265 565
1920 388 866
1920 159 651
1920 361 834
1920 304 661
1920 310 471
1920 409 837
1920 22 525
1920 461 704
1920 289 534
1920 397 544
1920 82 684
1920 325 470
1920 410 348
1940 346 287
1940 424 316
1940 239 533
1940 311 666
1940 270 501
1940 149 496
1940 217 624
1940 266 570
1940 370 976
1940 392 861
1940 354 836
1940 378 296
1940 311 670
1940 260 498
1940 289 527
1940 299 571
1960 421 273
1960 238 533
1960 439 556
1960 184 753
1960 263 507
1960 218 632
1960 120 386
1960 355 215
1960 389 200
1960 316 1074
1960 266 566
1960 387 868
1960 352 851
1960 430 194
1960 303 671
1960 91 527
1960 28 579
1960 286 529
1960 301 569
1980 252 1148
1980 241 537
1980 83 436
1980 409 1048
1980 264 507
1980 222 630
1980 368 1047
1980 364 491
1980 266 566
1980 392 858
1980 354 836
1980 399 830
1980 274 1170
1980 287 529
1980 410 1048
1980 364 491
1980 301 565
