1800 238 531
1800 456 622
1800 261 503
1800 217 629
1800 317 817
1800 262 564
1800 309 660
1800 391 822
1800 294 1152
1800 282 661
1800 418 817
1800 282 530
1800 368 768
1800 300 567
1820 238 532
1820 422 390
1820 453 647
1820 260 503
1820 216 627
1820 264 562
1820 357 836
1820 420 839
1820 284 530
1820 388 846
1820 299 572
1840 240 535
1840 362 620
1840 78 458
1840 258 502
1840 217 628
1840 264 565
1840 344 838
1840 392 658
1840 426 651
1840 283 529
1840 48 893
1840 297 556
1860 239 536
1860 257 504
1860 216 629
1860 265 559
1860 354 832
1860 290 679
1860 340 506
1860 402 831
1860 286 529
1860 353 820
1860 48 929
1860 299 567
1880 238 532
1880 436 512
1880 265 493
1880 219 630
1880 332 744
1880 263 568
1880 355 834
1880 345 516
1880 334 753
1880 285 527
1880 297 568
1900 240 535
1900 434 393
1900 261 499
1900 217 631
1900 265 562
1900 74 776
1900 354 836
1900 304 663
1900 341 519
1900 468 822
1900 284 529
1900 300 571
1920 236 533
1920 267 509
1920 218 633
1920 265 568
1920 393 861
1920 155 643
1920 353 822
1920 401 341
1920 409 836
1920 461 706
1920 283 525
1920 425 920
1920 406 841
1920 106 684
1920 301 565
1920 404 343
1940 237 528
1940 429 326
1940 255 479
1940 217 628
1940 367 975
1940 146 500
1940 266 566
1940 356 837
1940 374 292
1940 308 673
1940 469 878
1940 285 526
1940 297 570
1960 404 218
1960 220 471
1960 438 559
1960 185 755
1960 263 505
1960 215 630
1960 120 387
1960 265 561
1960 365 890
1960 408 219
1960 21 554
1960 284 528
1960 299 568
1980 243 1153
1980 238 539
1980 82 431
1980 405 1031
1980 261 506
1980 215 624
1980 359 1031
1980 266 561
1980 353 835
1980 397 831
1980 397 831
1980 20 404
1980 285 528
1980 299 563
