1800 236 531
1800 450 606
1800 256 504
1800 261 570
1800 281 1127
1800 216 617
1800 275 654
1800 372 771
1800 283 531
1800 298 565
1820 236 536
1820 415 504
1820 256 501
1820 261 570
1820 352 839
1820 217 611
1820 278 861
1820 351 668
1820 281 527
1820 296 571
1840 239 530
1840 254 501
1840 389 655
1840 263 569
1840 349 838
1840 216 615
1840 373 292
1840 12 189
1840 282 529
1840 296 569
1860 235 531
1860 254 505
1860 379 698
1860 258 589
1860 356 843
1860 214 617
1860 360 704
1860 384 700
1860 339 869
1860 284 529
1860 296 569
1880 235 531
1880 461 444
1880 263 496
1880 266 576
1880 356 846
1880 214 619
1880 310 667
1880 283 528
1880 294 572
1900 239 532
1900 440 437
1900 255 498
1900 353 479
1900 261 587
1900 353 836
1900 217 619
1900 352 472
1900 284 527
1900 304 568
1920 235 535
1920 258 507
1920 403 901
1920 264 580
1920 356 836
1920 217 619
1920 294 439
1920 386 752
1920 283 531
1920 157 654
1920 298 567
1940 237 529
1940 254 506
1940 382 980
1940 351 995
1940 263 577
1940 355 840
1940 215 619
1940 369 294
1940 355 739
1940 288 527
1940 293 570
1960 446 175
1960 120 382
1960 238 529
1960 261 505
1960 262 573
1960 349 867
1960 209 627
1960 23 535
1960 286 527
1960 298 567
1980 238 537
1980 259 509
1980 361 1118
1980 248 1149
1980 264 565
1980 357 841
1980 214 623
1980 268 1171
1980 352 488
1980 28 348
1980 286 527
1980 298 563
