1800 241 532
1800 450 604
1800 76 487
1800 261 502
1800 217 626
1800 287 1125
1800 241 77
1800 319 810
1800 279 667
1800 261 570
1800 395 828
1800 308 661
1800 438 825
1800 26 371
1800 286 1123
1800 309 662
1800 442 825
1800 402 832
1800 283 530
1800 368 767
1800 301 571
1800 284 1122
1820 239 534
1820 427 397
1820 429 523
1820 260 499
1820 217 624
1820 280 677
1820 263 565
1820 385 845
1820 367 850
1820 280 855
1820 306 667
1820 420 837
1820 456 642
1820 285 530
1820 299 570
1840 240 534
1840 362 619
1840 81 455
1840 260 500
1840 219 626
1840 326 865
1840 393 654
1840 279 671
1840 262 570
1840 391 860
1840 383 856
1840 314 669
1840 297 673
1840 392 654
1840 430 646
1840 286 528
1840 366 500
1840 52 921
1840 300 570
1840 322 865
1860 343 498
1860 241 534
1860 77 462
1860 259 505
1860 386 702
1860 219 625
1860 386 699
1860 281 662
1860 262 571
1860 393 857
1860 403 830
1860 287 529
1860 48 916
1860 301 572
1880 239 530
1880 433 503
1880 270 495
1880 219 628
1880 54 867
1880 347 513
1880 332 750
1880 281 660
1880 262 566
1880 387 856
1880 354 842
1880 304 665
1880 67 532
1880 287 528
1880 378 512
1880 300 568
1900 238 712
1900 348 518
1900 243 538
1900 92 751
1900 436 398
1900 262 501
1900 239 687
1900 219 630
1900 346 516
1900 347 513
1900 282 671
1900 264 567
1900 62 645
1900 389 857
1900 355 833
1900 469 818
1900 90 760
1900 405 835
1900 229 720
1900 287 528
1900 379 497
1900 304 577
1920 240 533
1920 380 373
1920 268 508
1920 219 632
1920 352 839
1920 265 565
1920 389 861
1920 156 639
1920 376 861
1920 400 346
1920 330 479
1920 422 915
1920 282 526
1920 422 916
1920 396 743
1940 356 305
1940 466 291
1940 239 533
1940 425 574
1940 263 504
1940 147 501
1940 217 624
1940 295 736
1940 362 980
1940 146 501
1940 346 756
1940 146 500
1940 368 981
1940 279 665
1940 265 566
1940 390 864
1940 382 868
1940 387 291
1940 309 671
1940 470 880
1940 291 720
1940 310 667
1940 455 872
1940 72 602
1940 286 527
1940 301 570
1960 421 564
1960 400 216
1960 241 534
1960 438 558
1960 69 517
1960 181 751
1960 265 506
1960 318 1071
1960 218 626
1960 349 213
1960 264 563
1960 391 865
1960 162 443
1960 367 868
1960 285 528
1960 420 955
1960 302 569
1960 294 1070
1980 239 540
1980 398 1039
1980 264 505
1980 219 624
1980 363 492
1980 280 661
1980 264 567
1980 398 846
1980 385 860
1980 136 720
1980 155 726
1980 269 1171
1980 454 896
1980 286 528
1980 365 489
1980 300 569
