1800 240 534
1800 446 601
1800 75 492
1800 260 503
1800 217 626
1800 278 667
1800 261 572
1800 308 664
1800 393 833
1800 419 810
1800 284 1133
1800 441 828
1800 284 531
1800 369 769
1800 301 570
1820 237 535
1820 422 386
1820 454 639
1820 260 502
1820 217 625
1820 223 1232
1820 284 680
1820 261 573
1820 368 849
1820 305 666
1820 424 847
1820 422 842
1820 284 531
1820 33 922
1820 301 571
1840 240 536
1840 361 619
1840 81 460
1840 260 502
1840 218 625
1840 327 868
1840 393 656
1840 279 674
1840 262 572
1840 381 853
1840 303 664
1840 393 655
1840 278 676
1840 285 529
1840 365 500
1840 54 917
1840 300 571
1860 240 539
1860 76 469
1860 258 506
1860 372 685
1860 217 628
1860 387 706
1860 280 672
1860 259 575
1860 387 857
1860 304 667
1860 405 835
1860 404 832
1860 287 530
1860 58 942
1860 300 572
1880 239 532
1880 468 439
1880 274 500
1880 219 627
1880 53 872
1880 347 515
1880 331 759
1880 276 662
1880 260 572
1880 261 576
1880 66 533
1880 279 665
1880 286 529
1880 299 570
1900 61 649
1900 345 518
1900 244 543
1900 434 388
1900 265 507
1900 219 631
1900 346 517
1900 280 671
1900 259 574
1900 59 645
1900 352 834
1900 306 667
1900 236 729
1900 89 764
1900 402 838
1900 278 671
1900 223 724
1900 286 529
1900 374 493
1900 300 568
1920 239 534
1920 269 509
1920 218 629
1920 299 442
1920 278 668
1920 265 573
1920 78 678
1920 403 845
1920 158 651
1920 372 858
1920 420 903
1920 281 528
1920 395 749
1920 297 576
1940 367 304
1940 432 327
1940 238 538
1940 424 575
1940 250 533
1940 217 625
1940 287 741
1940 362 984
1940 147 499
1940 339 754
1940 147 499
1940 364 981
1940 279 673
1940 263 576
1940 382 867
1940 387 270
1940 310 675
1940 232 431
1940 469 878
1940 308 679
1940 285 527
1940 300 571
1960 400 219
1960 234 538
1960 433 558
1960 178 746
1960 265 508
1960 216 630
1960 339 210
1960 263 567
1960 373 864
1960 68 518
1960 286 529
1960 301 570
1980 246 1149
1980 239 541
1980 401 1046
1980 264 507
1980 217 628
1980 246 1149
1980 365 1035
1980 278 664
1980 263 567
1980 393 851
1980 399 837
1980 464 925
1980 23 397
1980 267 1169
1980 177 486
1980 455 896
1980 278 664
1980 285 528
1980 362 492
1980 299 570
