1800 271 558
1800 288 530
1800 243 533
1800 220 626
1800 306 658
1800 396 837
1800 262 502
1800 307 668
1800 303 572
1800 291 1120
1805 273 1139
1805 421 845
1805 269 566
1805 288 534
1805 471 630
1805 221 622
1805 259 502
1805 302 577
1805 365 748
1805 282 1142
1810 264 1214
1810 271 551
1810 286 535
1810 294 841
1810 473 559
1810 246 539
1810 221 627
1810 294 834
1810 261 501
1810 304 676
1810 302 575
1810 299 845
1815 291 836
1815 268 562
1815 287 533
1815 366 832
1815 295 844
1815 461 632
1815 242 529
1815 220 619
1815 292 839
1815 259 502
1815 303 673
1815 303 576
1820 423 849
1820 263 566
1820 287 528
1820 362 845
1820 458 658
1820 220 619
1820 417 846
1820 259 502
1820 228 1233
1820 305 669
1820 226 1232
1820 304 570
1825 409 515
1825 288 867
1825 404 518
1825 282 662
1825 287 533
1825 241 540
1825 219 625
1825 259 502
1825 211 1281
1825 297 675
1825 406 643
1825 213 1280
1825 301 572
1825 279 849
1830 389 342
1830 386 342
1830 272 540
1830 282 671
1830 286 535
1830 360 849
1830 220 628
1830 309 678
1830 262 501
1830 304 675
1830 301 575
1835 277 674
1835 284 534
1835 220 625
1835 279 683
1835 303 576
1835 358 625
1835 310 868
1840 265 564
1840 279 683
1840 289 529
1840 220 624
1840 264 502
1840 282 685
1840 392 659
1840 302 577
1840 321 869
1845 357 501
1845 286 665
1845 349 263
1845 289 530
1845 222 625
1845 306 663
1845 260 502
1845 304 648
1845 386 654
1845 363 614
1845 304 575
1845 333 861
1850 341 847
1850 350 498
1850 282 674
1850 343 243
1850 290 530
1850 220 631
1850 303 663
1850 260 509
1850 305 669
1850 365 592
1850 302 575
1855 337 852
1855 371 693
1855 409 849
1855 348 487
1855 289 531
1855 237 536
1855 220 626
1855 396 855
1855 256 508
1855 306 670
1855 371 576
1855 304 574
1860 338 848
1860 379 702
1860 267 562
1860 387 702
1860 288 529
1860 246 526
1860 219 629
1860 304 662
1860 396 854
1860 260 508
1860 306 666
1860 373 564
1860 302 575
1865 342 849
1865 355 522
1865 266 557
1865 279 678
1865 290 524
1865 219 627
1865 269 520
1865 304 668
1865 376 564
1865 305 578
1870 338 856
1870 72 495
1870 264 571
1870 291 524
1870 220 626
1870 307 667
1870 260 563
1870 302 665
1870 304 565
1875 71 518
1875 447 519
1875 265 583
1875 291 522
1875 349 756
1875 221 620
1875 258 559
1875 302 572
1880 63 528
1880 266 571
1880 283 664
1880 289 529
1880 336 759
1880 223 628
1880 304 661
1880 249 541
1880 301 675
1880 302 575
1885 264 564
1885 289 526
1885 240 532
1885 71 563
1885 219 625
1885 312 673
1885 307 767
1885 346 513
1885 303 578
1890 346 847
1890 407 503
1890 270 573
1890 405 506
1890 292 538
1890 219 635
1890 289 730
1890 261 502
1890 284 750
1890 304 579
1890 295 764
1895 265 567
1895 397 505
1895 285 535
1895 245 535
1895 220 632
1895 258 500
1895 304 676
1900 345 866
1900 267 560
1900 444 465
1900 355 485
1900 294 532
1900 243 542
1900 219 628
1900 398 846
1900 265 501
1900 72 664
1900 344 522
1905 411 846
1905 429 408
1905 263 562
1905 449 852
1905 424 464
1905 292 536
1905 365 849
1905 463 746
1905 249 539
1905 224 695
1905 220 633
1905 262 505
1905 301 664
1905 280 678
1905 304 570
1905 226 699
1905 225 678
1910 410 408
1910 357 480
1910 358 488
1910 268 567
1910 403 421
1910 358 483
1910 294 533
1910 244 533
1910 225 633
1910 200 663
1910 204 663
1910 265 506
1910 78 733
1910 287 671
1915 395 400
1915 417 869
1915 272 564
1915 406 356
1915 284 669
1915 292 530
1915 191 644
1915 247 543
1915 88 706
1915 265 505
1915 83 712
1920 383 371
1920 426 926
1920 398 371
1920 272 557
1920 175 604
1920 291 533
1920 241 536
1920 225 630
1920 265 505
1920 314 464
1920 304 584
1925 390 360
1925 271 558
1925 439 399
1925 297 521
1925 436 718
1925 245 540
1925 223 622
1925 399 852
1925 265 505
1925 304 667
1925 397 851
1925 309 464
1925 307 576
1930 386 328
1930 371 329
1930 388 328
1930 292 471
1930 292 524
1930 385 330
1930 382 860
1930 292 470
1930 219 623
1930 303 673
1930 138 593
1930 395 941
1930 304 570
1930 165 546
1935 423 578
1935 390 290
1935 308 747
1935 445 365
1935 270 565
1935 454 415
1935 279 669
1935 291 511
1935 383 314
1935 245 532
1935 71 617
1935 222 627
1935 400 842
1935 269 499
1935 302 671
1935 281 674
1935 127 554
1935 302 577
1940 378 279
1940 359 734
1940 265 565
1940 290 526
1940 244 531
1940 222 628
1940 266 497
1940 302 573
1945 441 310
1945 265 572
1945 358 1009
1945 278 677
1945 349 271
1945 288 529
1945 389 263
1945 141 458
1945 87 590
1945 220 626
1945 265 500
1945 340 744
1945 306 682
1945 125 499
1945 303 576
1945 335 1015
1950 348 837
1950 428 902
1950 453 248
1950 264 570
1950 132 444
1950 281 670
1950 289 532
1950 380 230
1950 228 628
1950 309 703
1950 296 732
1950 263 503
1950 301 670
1950 285 677
1950 114 470
1950 306 577
1950 344 1037
1950 404 241
1955 70 556
1955 73 554
1955 205 749
1955 443 573
1955 229 474
1955 264 556
1955 290 532
1955 360 856
1955 344 1058
1955 221 635
1955 299 680
1955 264 504
1955 299 677
1955 231 474
1955 284 679
1955 303 571
1955 344 1054
1960 72 523
1960 218 477
1960 264 567
1960 339 200
1960 291 531
1960 400 229
1960 216 627
1960 363 187
1960 265 504
1960 122 388
1960 306 674
1960 426 969
1960 303 573
1965 424 548
1965 68 510
1965 151 449
1965 419 553
1965 266 560
1965 199 479
1965 289 529
1965 223 630
1965 368 168
1965 264 505
1965 137 450
1965 304 671
1965 396 972
1965 425 968
1965 303 572
1965 405 235
1970 63 478
1970 266 552
1970 135 449
1970 141 446
1970 195 476
1970 290 530
1970 221 634
1970 193 476
1970 400 837
1970 264 506
1970 302 672
1970 135 758
1970 305 580
1975 347 844
1975 275 1149
1975 267 557
1975 193 476
1975 290 537
1975 220 633
1975 301 666
1975 399 831
1975 265 503
1975 302 672
1975 301 579
1975 290 1151
1975 188 480
1980 349 844
1980 277 1171
1980 268 560
1980 363 496
1980 291 531
1980 246 543
1980 220 616
1980 307 666
1980 399 834
1980 265 505
1980 299 662
1980 103 464
1980 301 572
1980 184 490
1985 349 470
1985 267 559
1985 289 532
1985 364 441
1985 348 1099
1985 220 623
1985 399 835
1985 267 504
1985 300 675
1985 303 572
1985 246 1177
1990 292 532
1990 364 436
1990 246 537
1990 103 733
1990 219 633
1990 375 1103
1990 399 847
1990 265 506
1990 231 1198
1990 303 679
1990 227 1194
1995 61 481
1995 271 554
1995 291 530
1995 345 406
1995 264 505
1995 301 671
1995 303 574
