1800 423 817
1800 282 524
1800 258 535
1800 215 613
1800 309 654
1800 258 504
1800 377 769
1800 309 573
1800 304 655
1800 286 1120
1805 425 836
1805 374 749
1805 285 528
1805 258 547
1805 217 613
1805 302 832
1805 257 508
1805 304 828
1805 376 774
1805 307 572
1805 301 665
1810 434 853
1810 228 556
1810 252 1224
1810 419 827
1810 287 530
1810 257 560
1810 213 616
1810 228 548
1810 306 639
1810 257 506
1810 295 842
1810 375 834
1810 306 569
1810 289 571
1815 430 838
1815 418 836
1815 230 1268
1815 278 518
1815 258 548
1815 215 615
1815 239 523
1815 240 524
1815 229 1241
1815 377 823
1815 310 563
1815 303 659
1815 286 840
1820 436 380
1820 286 529
1820 258 542
1820 217 611
1820 232 536
1820 371 829
1820 5 477
1820 303 558
1820 306 663
1825 401 507
1825 221 565
1825 284 527
1825 257 535
1825 216 615
1825 229 573
1825 303 650
1825 233 545
1825 379 849
1825 203 1259
1825 300 575
1825 292 602
1825 402 351
1830 349 838
1830 273 516
1830 260 553
1830 217 615
1830 308 652
1830 257 499
1830 382 840
1830 300 572
1830 299 629
1830 398 355
1835 382 316
1835 358 838
1835 285 531
1835 369 328
1835 254 555
1835 221 617
1835 309 870
1835 309 690
1835 437 641
1835 258 499
1835 383 845
1835 6 497
1835 302 581
1835 350 838
1840 341 856
1840 282 525
1840 361 294
1840 274 586
1840 257 561
1840 219 616
1840 295 635
1840 423 639
1840 260 498
1840 386 852
1840 306 570
1840 285 673
1840 348 838
1845 227 560
1845 391 848
1845 280 529
1845 358 274
1845 271 610
1845 256 548
1845 217 615
1845 301 636
1845 418 648
1845 239 541
1845 372 832
1845 307 625
1845 291 613
1850 226 540
1850 340 849
1850 284 527
1850 257 528
1850 216 616
1850 227 545
1850 303 648
1850 240 533
1850 377 832
1850 300 561
1850 353 612
1850 304 666
1855 386 854
1855 283 528
1855 257 541
1855 217 613
1855 227 546
1855 299 673
1855 256 502
1855 380 850
1855 305 569
1855 373 552
1855 302 670
1860 362 847
1860 397 840
1860 275 534
1860 257 548
1860 215 605
1860 216 599
1860 305 648
1860 239 531
1860 81 1017
1860 383 854
1860 375 680
1860 302 559
1860 302 663
1865 372 856
1865 285 518
1865 256 547
1865 216 615
1865 235 536
1865 295 620
1865 243 533
1865 372 851
1865 391 703
1865 299 580
1865 303 660
1870 363 733
1870 378 852
1870 400 859
1870 282 511
1870 260 566
1870 216 616
1870 307 642
1870 230 566
1870 379 850
1870 308 563
1870 290 582
1875 352 833
1875 397 830
1875 280 494
1875 261 566
1875 210 618
1875 308 664
1875 380 852
1875 303 564
1875 287 565
1875 352 827
1880 223 545
1880 348 838
1880 282 521
1880 258 565
1880 216 615
1880 292 665
1880 301 640
1880 378 806
1880 12 505
1880 306 563
1880 286 568
1885 465 414
1885 225 551
1885 397 823
1885 283 522
1885 255 546
1885 208 625
1885 290 623
1885 305 654
1885 274 674
1885 236 534
1885 376 847
1885 282 674
1885 305 569
1885 287 572
1890 274 666
1890 460 413
1890 411 500
1890 353 830
1890 401 839
1890 281 525
1890 257 547
1890 215 621
1890 292 721
1890 244 520
1890 379 842
1890 274 722
1890 302 562
1890 298 671
1895 442 389
1895 399 504
1895 352 830
1895 437 415
1895 280 522
1895 256 546
1895 218 617
1895 303 678
1895 252 495
1895 375 830
1895 275 700
1895 303 559
1895 301 674
1900 455 819
1900 442 380
1900 421 392
1900 347 841
1900 436 405
1900 282 523
1900 257 545
1900 218 622
1900 299 594
1900 223 656
1900 472 796
1900 252 500
1900 80 750
1900 378 820
1900 223 670
1900 307 563
1900 283 553
1905 355 476
1905 429 390
1905 346 854
1905 415 370
1905 394 860
1905 279 515
1905 371 481
1905 279 676
1905 258 557
1905 216 627
1905 240 552
1905 87 737
1905 302 568
1905 285 535
1910 438 741
1910 349 472
1910 352 816
1910 419 358
1910 270 498
1910 260 564
1910 218 631
1910 287 630
1910 245 531
1910 77 733
1910 379 857
1910 300 561
1910 282 567
1915 408 736
1915 350 838
1915 415 354
1915 397 847
1915 282 522
1915 175 668
1915 279 570
1915 261 567
1915 222 622
1915 260 505
1915 82 700
1915 385 845
1915 300 447
1915 301 574
1915 287 543
1915 398 356
1915 279 623
1920 403 757
1920 175 606
1920 343 866
1920 423 408
1920 268 503
1920 263 556
1920 215 619
1920 218 566
1920 257 508
1920 78 690
1920 387 797
1920 390 737
1920 304 439
1920 306 573
1920 399 334
1925 442 399
1925 447 405
1925 276 429
1925 260 563
1925 84 663
1925 307 463
1925 219 612
1925 263 498
1925 380 847
1925 10 499
1925 301 459
1925 311 568
1925 299 662
1925 180 601
1930 400 308
1930 401 726
1930 466 349
1930 347 851
1930 437 359
1930 279 495
1930 374 335
1930 259 557
1930 81 645
1930 297 495
1930 214 613
1930 258 505
1930 386 779
1930 10 470
1930 307 574
1930 302 669
1930 121 590
1930 399 312
1930 165 540
1935 383 294
1935 443 348
1935 378 733
1935 282 462
1935 357 306
1935 258 536
1935 219 617
1935 303 665
1935 468 852
1935 257 449
1935 388 828
1935 376 740
1935 306 572
1935 292 656
1940 378 266
1940 455 278
1940 142 493
1940 349 829
1940 389 825
1940 290 521
1940 355 288
1940 258 561
1940 357 978
1940 220 609
1940 311 657
1940 257 464
1940 382 830
1940 125 529
1940 306 576
1940 305 666
1940 393 258
1945 382 249
1945 439 850
1945 82 568
1945 143 463
1945 224 547
1945 352 836
1945 395 825
1945 117 494
1945 144 461
1945 285 525
1945 350 268
1945 257 567
1945 362 998
1945 215 616
1945 215 433
1945 324 713
1945 237 449
1945 381 836
1945 118 499
1945 311 570
1945 402 256
1950 380 222
1950 433 892
1950 469 234
1950 71 559
1950 210 526
1950 352 837
1950 396 828
1950 217 604
1950 279 514
1950 256 539
1950 355 1040
1950 222 565
1950 222 601
1950 222 473
1950 282 673
1950 252 485
1950 383 832
1950 15 530
1950 305 573
1950 302 674
1955 81 507
1955 221 475
1955 351 828
1955 386 827
1955 218 620
1955 284 524
1955 307 1055
1955 378 218
1955 198 744
1955 254 535
1955 216 604
1955 223 620
1955 363 199
1955 229 471
1955 283 678
1955 245 507
1955 316 1040
1955 384 825
1955 307 570
1955 302 668
1955 433 201
1960 91 401
1960 203 478
1960 346 842
1960 277 522
1960 314 1078
1960 387 213
1960 254 561
1960 219 624
1960 219 472
1960 233 530
1960 144 487
1960 316 1067
1960 381 821
1960 425 951
1960 38 492
1960 363 180
1960 304 573
1960 303 670
1960 207 480
1965 84 384
1965 193 492
1965 190 480
1965 342 831
1965 390 833
1965 210 609
1965 281 523
1965 383 219
1965 255 559
1965 222 616
1965 237 540
1965 129 465
1965 385 841
1965 306 567
1965 300 666
1965 285 1088
1970 87 365
1970 416 531
1970 194 472
1970 344 850
1970 402 838
1970 213 625
1970 283 522
1970 257 555
1970 125 756
1970 213 623
1970 218 619
1970 240 539
1970 122 456
1970 388 843
1970 50 467
1970 306 570
1970 301 673
1970 290 1111
1975 87 317
1975 402 507
1975 185 477
1975 353 830
1975 213 628
1975 48 316
1975 279 521
1975 258 555
1975 219 625
1975 234 538
1975 441 1021
1975 386 833
1975 48 448
1975 326 140
1975 306 565
1975 302 666
1980 90 399
1980 445 883
1980 355 490
1980 164 501
1980 351 834
1980 217 602
1980 284 527
1980 257 563
1980 356 1015
1980 222 598
1980 360 1030
1980 257 512
1980 84 754
1980 386 837
1980 304 568
1980 286 542
1980 175 489
1985 225 1194
1985 98 397
1985 360 461
1985 384 1070
1985 356 830
1985 407 822
1985 218 624
1985 240 1197
1985 280 520
1985 257 549
1985 124 738
1985 348 1048
1985 223 612
1985 359 1066
1985 241 544
1985 156 531
1985 315 1114
1985 73 754
1985 383 821
1985 304 567
1985 281 546
1985 48 767
1985 172 484
1990 228 1184
1990 93 362
1990 354 827
1990 214 611
1990 49 298
1990 271 499
1990 259 560
1990 353 1047
1990 223 615
1990 254 517
1990 83 731
1990 387 826
1990 329 437
1990 305 573
1990 300 668
1990 176 483
1995 225 1213
1995 356 832
1995 404 814
1995 268 500
1995 329 1092
1995 257 553
1995 217 591
1995 363 1116
1995 334 393
1995 254 511
1995 204 1214
1995 442 1002
1995 156 520
1995 326 1091
1995 79 739
1995 389 827
1995 50 462
1995 305 573
1995 302 667
1995 170 485
