1800 258 498
1800 288 537
1800 237 533
1800 263 501
1800 282 527
1800 217 635
1805 427 838
1805 258 500
1805 286 537
1805 236 535
1805 264 502
1805 282 528
1805 38 913
1805 251 63
1810 430 842
1810 257 498
1810 285 540
1810 365 842
1810 238 535
1810 389 837
1810 262 507
1810 279 531
1810 258 1226
1810 39 892
1810 216 631
1815 255 499
1815 287 536
1815 235 534
1815 263 502
1815 281 534
1820 255 498
1820 288 543
1820 235 531
1820 360 843
1820 406 641
1820 265 504
1820 282 529
1820 294 556
1820 420 629
1820 222 1255
1825 257 501
1825 351 662
1825 286 539
1825 238 534
1825 362 846
1825 309 675
1825 267 500
1825 281 534
1825 302 648
1825 40 905
1825 215 1325
1830 260 509
1830 291 546
1830 240 536
1830 314 670
1830 407 649
1830 262 500
1830 280 529
1830 217 632
1835 261 508
1835 284 534
1835 377 858
1835 241 540
1835 309 668
1835 280 525
1835 50 916
1840 256 500
1840 295 550
1840 367 840
1840 238 534
1840 356 837
1840 282 529
1840 213 627
1845 257 500
1845 296 534
1845 239 534
1845 264 502
1845 281 526
1845 300 576
1845 214 631
1850 256 502
1850 297 533
1850 237 533
1850 266 505
1850 283 527
1850 294 571
1850 214 632
1855 254 504
1855 297 544
1855 235 540
1855 263 512
1855 282 528
1855 214 629
1860 375 563
1860 256 504
1860 295 533
1860 236 533
1860 306 664
1860 262 511
1860 282 526
1860 293 579
1860 216 634
1865 256 534
1865 292 533
1865 240 537
1865 266 531
1865 284 524
1865 295 591
1870 257 559
1870 289 527
1870 241 534
1870 310 669
1870 263 561
1870 280 518
1875 65 513
1875 254 553
1875 287 519
1875 356 842
1875 266 566
1875 283 523
1875 297 661
1880 257 559
1880 293 532
1880 238 536
1880 284 528
1885 256 521
1885 288 530
1885 236 533
1885 261 504
1885 282 521
1885 298 662
1890 456 415
1890 254 502
1890 290 537
1890 65 598
1890 261 508
1890 282 532
1890 343 525
1890 216 635
1895 254 524
1895 290 535
1895 236 535
1895 64 625
1895 263 503
1895 281 529
1895 343 521
1895 216 631
1900 258 505
1900 291 531
1900 239 536
1900 357 847
1900 62 647
1900 270 505
1900 54 779
1900 281 527
1900 226 694
1900 344 523
1900 213 636
1905 211 690
1905 260 506
1905 289 531
1905 240 535
1905 204 709
1905 60 676
1905 204 708
1905 262 502
1905 57 677
1905 281 522
1905 93 728
1905 222 678
1910 255 524
1910 290 529
1910 194 670
1910 240 534
1910 191 670
1910 262 499
1910 52 706
1910 280 517
1910 211 629
1915 406 358
1915 394 396
1915 258 527
1915 297 535
1915 238 536
1915 405 359
1915 263 498
1915 280 523
1915 214 625
1920 402 368
1920 394 394
1920 255 539
1920 296 537
1920 237 536
1920 401 349
1920 76 687
1920 312 461
1920 267 500
1920 40 766
1920 280 526
1920 176 604
1920 314 465
1920 176 605
1920 299 565
1920 385 739
1920 214 635
1925 401 335
1925 256 540
1925 240 534
1925 399 338
1925 77 667
1925 265 499
1925 278 519
1930 259 520
1930 240 540
1930 396 312
1930 75 648
1930 383 330
1930 264 503
1930 272 498
1930 8 492
1935 254 535
1935 292 540
1935 365 856
1935 238 536
1935 395 286
1935 70 616
1935 384 333
1935 263 509
1935 282 497
1935 285 476
1935 214 624
1940 256 541
1940 290 539
1940 234 536
1940 393 269
1940 68 604
1940 385 269
1940 304 583
1940 264 535
1940 281 534
1940 214 628
1945 257 573
1945 293 533
1945 352 848
1945 389 257
1945 260 495
1945 284 527
1945 214 629
1950 460 247
1950 257 573
1950 290 532
1950 263 499
1950 282 524
1950 303 680
1955 453 217
1955 290 529
1955 262 502
1955 281 524
1955 436 911
1960 345 208
1960 256 553
1960 43 269
1960 289 531
1960 368 194
1960 264 503
1960 281 526
1960 118 384
1960 210 632
1965 70 509
1965 256 524
1965 295 533
1965 238 535
1965 263 504
1965 282 526
1965 326 186
1965 214 629
1970 85 346
1970 62 481
1970 258 505
1970 297 535
1970 240 537
1970 261 501
1970 281 524
1975 287 1205
1975 84 340
1975 259 508
1975 294 547
1975 238 535
1975 264 503
1975 280 523
1980 258 511
1980 293 531
1980 238 535
1980 263 503
1980 280 522
1980 208 636
1985 44 279
1985 296 534
1985 242 537
1985 268 502
1985 54 770
1985 280 525
1990 44 278
1990 296 537
1990 236 534
1990 263 503
1990 280 516
1990 210 629
1990 223 1189
1995 206 1204
1995 63 477
1995 260 523
1995 300 561
1995 235 538
1995 391 824
1995 261 499
1995 279 514
1995 220 1209
