1800 422 812
1800 280 527
1800 249 538
1800 236 531
1800 258 501
1800 390 813
1800 299 564
1800 388 803
1800 216 634
1805 280 528
1805 251 547
1805 236 536
1805 268 1163
1805 257 503
1805 299 567
1805 427 611
1805 28 866
1805 214 625
1810 281 530
1810 471 530
1810 248 539
1810 236 535
1810 260 1233
1810 258 501
1810 300 569
1810 215 629
1815 240 1227
1815 280 528
1815 249 543
1815 235 532
1815 258 501
1815 298 568
1815 213 622
1820 222 1258
1820 421 836
1820 281 528
1820 251 542
1820 405 639
1820 235 533
1820 421 388
1820 258 501
1820 299 570
1820 36 888
1820 214 624
1825 218 1308
1825 278 526
1825 250 542
1825 237 535
1825 402 513
1825 257 502
1825 299 567
1825 214 625
1830 277 522
1830 250 545
1830 237 533
1830 256 502
1830 309 670
1830 292 572
1830 38 889
1830 215 629
1835 278 526
1835 248 545
1835 240 534
1835 258 502
1835 354 630
1835 298 566
1835 215 624
1840 282 528
1840 244 533
1840 238 536
1840 257 503
1840 359 606
1840 395 856
1840 297 559
1840 214 630
1845 281 530
1845 258 558
1845 237 535
1845 258 502
1845 361 602
1845 300 565
1845 385 651
1845 214 632
1850 338 237
1850 283 527
1850 255 548
1850 237 531
1850 257 504
1850 405 823
1850 298 552
1850 367 584
1850 382 665
1850 215 633
1855 283 528
1855 250 542
1855 235 535
1855 257 503
1855 390 858
1855 296 546
1855 49 922
1855 371 565
1855 375 677
1855 214 627
1860 373 559
1860 284 528
1860 248 544
1860 237 532
1860 257 502
1860 398 836
1860 299 559
1860 391 855
1860 373 557
1860 366 689
1860 215 630
1865 284 525
1865 251 549
1865 239 534
1865 256 511
1865 394 841
1865 343 513
1865 298 558
1865 389 857
1865 349 704
1865 48 922
1865 374 550
1865 379 717
1865 215 627
1870 374 529
1870 275 493
1870 253 554
1870 270 498
1870 365 730
1870 391 863
1870 336 713
1870 303 555
1870 386 863
1870 373 528
1870 214 627
1875 251 551
1875 273 496
1875 347 743
1875 299 565
1875 377 520
1875 215 628
1880 337 747
1880 275 493
1880 466 440
1880 252 554
1880 241 532
1880 267 494
1880 392 832
1880 297 561
1880 216 633
1885 285 524
1885 250 542
1885 238 531
1885 257 497
1885 299 560
1885 292 734
1885 54 835
1885 215 626
1890 282 534
1890 452 424
1890 250 535
1890 236 535
1890 405 502
1890 253 504
1890 391 833
1890 298 554
1890 215 634
1895 440 447
1895 249 539
1895 239 533
1895 256 501
1895 294 546
1895 255 723
1895 215 631
1900 284 527
1900 441 389
1900 246 534
1900 239 527
1900 257 499
1900 285 530
1900 214 634
1905 432 380
1905 276 516
1905 249 542
1905 239 531
1905 429 380
1905 357 481
1905 457 737
1905 263 504
1905 393 836
1905 295 557
1905 387 859
1910 273 507
1910 254 545
1910 240 527
1910 420 368
1910 263 506
1910 46 702
1910 288 547
1910 438 855
1910 355 479
1910 206 644
1910 399 423
1915 423 375
1915 421 874
1915 278 527
1915 252 557
1915 237 529
1915 415 359
1915 262 502
1915 33 717
1915 390 857
1915 406 358
1915 424 744
1915 288 532
1915 443 900
1915 319 447
1915 214 626
1915 398 392
1920 393 543
1920 395 361
1920 419 907
1920 272 509
1920 258 555
1920 235 531
1920 411 347
1920 456 711
1920 261 507
1920 29 732
1920 396 858
1920 329 478
1920 401 340
1920 296 556
1920 298 442
1920 390 739
1920 76 682
1920 214 630
1920 397 366
1925 411 557
1925 276 508
1925 250 541
1925 236 533
1925 260 505
1925 290 530
1925 379 862
1925 312 460
1925 214 622
1925 396 340
1930 271 503
1930 248 540
1930 236 537
1930 259 519
1930 393 835
1930 334 741
1930 297 542
1930 135 588
1930 213 622
1930 399 325
1935 468 311
1935 276 473
1935 250 540
1935 238 529
1935 253 513
1935 402 819
1935 300 567
1935 127 546
1935 213 625
1940 420 328
1940 385 267
1940 462 292
1940 274 496
1940 252 546
1940 149 502
1940 235 531
1940 254 505
1940 395 270
1940 354 738
1940 304 674
1940 299 562
1940 214 629
1945 379 250
1945 45 258
1945 460 274
1945 282 527
1945 248 552
1945 248 474
1945 295 544
1945 263 749
1945 215 629
1950 380 231
1950 457 243
1950 281 528
1950 244 550
1950 258 488
1950 346 252
1950 300 566
1950 214 631
1955 281 526
1955 250 551
1955 261 500
1955 298 563
1955 335 1046
1955 213 635
1960 379 211
1960 45 260
1960 283 528
1960 425 944
1960 243 546
1960 368 188
1960 263 503
1960 348 211
1960 300 563
1960 120 383
1960 208 621
1965 329 192
1965 43 284
1965 414 553
1965 283 526
1965 426 960
1965 248 540
1965 239 530
1965 408 554
1965 369 173
1965 133 445
1965 261 504
1965 396 822
1965 385 179
1965 300 561
1965 352 820
1965 356 165
1965 442 145
1970 404 521
1970 278 518
1970 425 995
1970 250 549
1970 239 532
1970 404 516
1970 137 444
1970 262 504
1970 397 817
1970 299 557
1970 393 830
1970 214 633
1970 285 1123
1975 87 323
1975 275 514
1975 249 543
1975 241 529
1975 279 1159
1975 262 503
1975 395 819
1975 297 560
1975 384 843
1980 280 524
1980 251 549
1980 238 533
1980 270 1160
1980 262 505
1980 395 823
1980 297 558
1980 449 881
1980 386 845
1985 243 1190
1985 281 527
1985 250 543
1985 239 532
1985 263 503
1985 395 822
1985 291 541
1985 385 844
1985 300 112
1990 227 1186
1990 279 524
1990 255 559
1990 238 530
1990 262 503
1990 393 818
1990 302 563
1990 461 944
1990 337 1073
1990 389 827
1990 212 632
1995 217 1215
1995 269 505
1995 247 557
1995 402 954
1995 260 513
1995 393 822
1995 302 565
1995 326 1106
1995 83 166
1995 384 848
1995 325 1102
1995 305 86
