1800 79 486
1800 261 543
1800 278 533
1800 236 534
1800 403 825
1800 259 502
1800 446 602
1800 427 828
1800 297 572
1800 294 1114
1800 247 72
1805 276 1146
1805 254 542
1805 278 535
1805 236 542
1805 260 501
1805 214 622
1805 428 839
1805 296 573
1805 245 74
1805 267 1144
1810 259 1225
1810 263 553
1810 278 538
1810 237 539
1810 422 845
1810 260 500
1810 428 844
1810 297 573
1810 251 1178
1815 244 1233
1815 252 536
1815 453 532
1815 279 539
1815 235 531
1815 261 500
1815 214 619
1815 410 626
1815 429 849
1815 246 1249
1815 297 575
1820 255 539
1820 277 535
1820 234 534
1820 261 500
1820 215 628
1820 230 1296
1820 297 572
1825 263 549
1825 406 516
1825 279 535
1825 237 540
1825 260 500
1825 215 635
1825 296 573
1830 264 539
1830 279 532
1830 238 541
1830 259 501
1830 217 631
1830 296 575
1835 258 543
1835 278 530
1835 239 540
1835 301 673
1835 278 538
1835 297 573
1840 391 662
1840 78 458
1840 257 553
1840 279 534
1840 238 542
1840 259 500
1840 214 624
1840 297 572
1840 357 603
1845 388 657
1845 78 456
1845 255 540
1845 280 532
1845 362 600
1845 235 539
1845 260 502
1845 213 631
1845 297 571
1845 360 601
1850 334 236
1850 77 459
1850 259 538
1850 281 532
1850 236 537
1850 402 819
1850 259 505
1850 297 570
1850 347 497
1855 77 460
1855 261 557
1855 281 535
1855 234 534
1855 403 840
1855 258 504
1855 296 572
1860 385 699
1860 76 457
1860 253 523
1860 281 530
1860 236 535
1860 403 830
1860 259 506
1860 305 186
1860 326 199
1860 297 566
1865 76 459
1865 263 561
1865 278 529
1865 237 538
1865 401 838
1865 262 524
1865 297 569
1865 340 514
1870 258 565
1870 277 505
1870 396 857
1870 240 538
1870 405 843
1870 266 510
1870 215 637
1870 296 566
1875 262 564
1875 278 500
1875 247 541
1875 264 562
1875 296 570
1880 263 564
1880 279 532
1880 239 534
1880 405 826
1880 269 497
1880 297 572
1880 310 728
1885 274 671
1885 471 438
1885 262 562
1885 278 528
1885 234 534
1885 405 822
1885 261 507
1885 297 571
1885 56 842
1890 263 566
1890 277 748
1890 407 502
1890 279 534
1890 238 538
1890 405 831
1890 257 501
1890 217 631
1890 297 569
1895 256 555
1895 439 465
1895 281 525
1895 239 544
1895 405 831
1895 260 507
1895 215 639
1895 298 573
1900 463 831
1900 260 556
1900 233 720
1900 436 457
1900 282 525
1900 382 858
1900 468 822
1900 237 539
1900 228 723
1900 405 828
1900 263 505
1900 243 702
1900 299 538
1905 265 557
1905 277 535
1905 388 858
1905 238 540
1905 407 838
1905 261 504
1905 64 721
1905 216 681
1905 461 877
1905 298 567
1905 207 704
1910 260 541
1910 272 507
1910 377 861
1910 238 533
1910 405 828
1910 261 507
1910 63 720
1910 295 568
1915 268 560
1915 277 536
1915 379 859
1915 237 537
1915 407 361
1915 262 508
1915 73 711
1915 218 639
1915 296 541
1920 263 564
1920 106 689
1920 279 531
1920 235 541
1920 405 363
1920 92 698
1920 260 506
1920 218 630
1920 407 887
1920 298 554
1925 268 560
1925 149 627
1925 277 518
1925 376 861
1925 237 536
1925 406 348
1925 261 508
1925 299 573
1930 466 352
1930 258 532
1930 278 523
1930 238 540
1930 83 643
1930 384 337
1930 261 518
1930 404 945
1930 298 572
1935 266 564
1935 277 535
1935 372 317
1935 238 542
1935 256 513
1935 298 577
1940 457 292
1940 264 562
1940 279 530
1940 469 873
1940 234 538
1940 259 517
1940 215 635
1940 296 572
1940 349 844
1945 461 890
1945 468 263
1945 259 560
1945 418 289
1945 279 532
1945 382 259
1945 234 540
1945 264 500
1945 339 1004
1945 356 1012
1945 214 632
1945 454 891
1945 297 574
1950 188 438
1950 263 567
1950 455 275
1950 281 536
1950 375 233
1950 262 504
1950 335 1039
1950 299 680
1950 128 433
1950 298 573
1950 296 696
1955 175 439
1955 450 568
1955 181 437
1955 257 518
1955 280 531
1955 359 202
1955 264 505
1955 354 842
1955 287 682
1955 214 637
1955 448 569
1955 126 411
1955 297 575
1960 324 200
1960 265 565
1960 331 201
1960 281 534
1960 379 827
1960 410 994
1960 369 180
1960 262 503
1960 410 975
1960 40 569
1960 118 382
1960 299 576
1965 203 484
1965 261 558
1965 331 196
1965 279 532
1965 239 538
1965 414 989
1965 358 166
1965 380 187
1965 260 505
1965 404 989
1965 116 353
1965 319 183
1965 299 574
1970 196 475
1970 263 551
1970 406 526
1970 279 534
1970 240 541
1970 404 831
1970 261 506
1970 402 1018
1970 112 326
1970 299 567
1975 85 337
1975 70 447
1975 186 476
1975 261 559
1975 270 1129
1975 278 528
1975 382 853
1975 238 534
1975 403 825
1975 261 504
1975 297 572
1975 187 478
1975 253 1135
1980 70 426
1980 173 487
1980 264 566
1980 278 532
1980 384 856
1980 361 1034
1980 238 541
1980 406 1044
1980 403 830
1980 260 505
1980 359 1029
1980 458 890
1980 296 569
1980 255 1145
1985 80 396
1985 70 405
1985 257 555
1985 278 532
1985 363 1088
1985 239 542
1985 261 505
1985 60 769
1985 297 569
1985 257 1180
1990 71 381
1990 78 473
1990 170 485
1990 261 518
1990 278 528
1990 390 835
1990 237 531
1990 363 1098
1990 403 830
1990 261 505
1990 357 839
1990 164 489
1990 229 1202
1990 298 572
1995 263 526
1995 276 520
1995 231 536
1995 260 506
1995 404 953
1995 231 1223
1995 297 572
