1800 263 557
1800 240 533
1800 295 572
1800 288 540
1800 285 663
1800 287 539
1805 427 831
1805 262 558
1805 243 537
1805 285 538
1805 285 536
1805 217 620
1810 262 559
1810 241 535
1810 293 545
1810 261 573
1810 287 536
1810 242 538
1815 260 559
1815 238 533
1815 297 560
1815 290 547
1815 238 534
1820 261 559
1820 241 534
1820 286 536
1820 283 530
1825 261 552
1825 243 532
1825 289 540
1825 287 537
1830 265 559
1830 379 854
1830 241 535
1830 290 545
1830 289 540
1830 237 600
1830 220 631
1835 261 562
1835 380 824
1835 245 537
1835 288 536
1835 287 535
1835 247 606
1835 219 628
1840 262 563
1840 415 650
1840 373 825
1840 241 533
1840 290 539
1840 289 541
1840 218 628
1845 264 559
1845 241 532
1845 299 648
1845 289 532
1845 290 533
1845 217 630
1850 77 459
1850 264 556
1850 409 665
1850 241 532
1850 287 530
1850 286 529
1850 219 634
1855 395 843
1855 263 557
1855 369 826
1855 237 535
1855 402 833
1855 289 536
1855 288 534
1855 389 676
1860 262 559
1860 238 533
1860 299 554
1860 287 532
1860 217 626
1865 262 557
1865 348 703
1865 344 509
1865 240 535
1865 306 570
1865 265 584
1865 292 534
1865 239 597
1870 261 566
1870 350 514
1870 365 729
1870 367 720
1870 354 513
1870 343 512
1870 243 534
1870 330 723
1870 306 658
1870 294 536
1870 289 528
1870 256 552
1875 401 848
1875 298 659
1875 261 563
1875 349 744
1875 341 733
1875 296 551
1875 291 537
1875 240 548
1880 263 560
1880 240 532
1880 292 534
1880 271 581
1880 291 539
1880 335 746
1880 245 541
1880 70 532
1880 221 630
1885 262 560
1885 474 463
1885 238 532
1885 295 544
1885 63 862
1885 293 538
1885 247 551
1890 263 561
1890 451 460
1890 349 520
1890 240 532
1890 289 538
1890 289 537
1890 353 519
1895 445 448
1895 305 665
1895 247 705
1895 261 563
1895 442 455
1895 349 497
1895 238 534
1895 259 729
1895 287 538
1895 288 536
1895 351 496
1900 447 437
1900 305 664
1900 240 705
1900 262 555
1900 347 510
1900 356 838
1900 354 489
1900 437 455
1900 347 502
1900 360 836
1900 239 530
1900 346 513
1900 233 724
1900 227 725
1900 357 497
1900 287 531
1900 287 532
1900 459 830
1900 294 670
1900 351 492
1900 238 618
1900 220 634
1905 418 436
1905 292 648
1905 262 560
1905 346 470
1905 358 511
1905 418 433
1905 240 533
1905 218 708
1905 365 494
1905 288 529
1905 263 587
1905 216 675
1905 288 532
1905 210 699
1905 96 739
1905 351 474
1905 218 633
1910 410 417
1910 266 560
1910 243 532
1910 405 822
1910 222 656
1910 291 537
1910 264 576
1910 196 667
1910 291 538
1910 198 671
1910 248 535
1910 223 625
1915 407 387
1915 427 891
1915 205 636
1915 264 563
1915 29 234
1915 418 398
1915 328 468
1915 376 859
1915 464 466
1915 240 535
1915 297 565
1915 274 601
1915 287 530
1915 199 652
1915 220 631
1920 406 357
1920 256 551
1920 268 555
1920 418 382
1920 369 853
1920 241 535
1920 407 350
1920 295 592
1920 269 586
1920 288 534
1920 252 552
1920 218 626
1925 266 504
1925 303 455
1925 399 352
1925 265 558
1925 383 868
1925 242 534
1925 409 825
1925 290 530
1925 269 584
1925 291 533
1925 257 576
1930 391 329
1930 267 561
1930 243 539
1930 335 748
1930 288 530
1930 254 573
1935 255 464
1935 390 316
1935 262 563
1935 44 266
1935 241 534
1935 289 535
1935 256 564
1935 217 625
1940 289 577
1940 261 562
1940 124 523
1940 238 530
1940 288 534
1940 236 607
1940 217 624
1945 256 566
1945 125 502
1945 287 530
1945 244 553
1945 220 625
1950 259 570
1950 111 465
1950 128 449
1950 288 535
1950 111 467
1950 286 530
1950 268 573
1950 238 601
1955 300 668
1955 260 554
1955 365 862
1955 293 676
1955 292 542
1955 287 533
1955 225 629
1960 90 405
1960 300 671
1960 260 566
1960 287 532
1960 286 530
1960 68 523
1965 261 557
1965 41 296
1965 246 528
1965 288 534
1965 285 530
1970 296 666
1970 261 559
1970 43 275
1970 243 533
1970 299 563
1970 287 530
1970 385 1017
1970 217 623
1970 220 631
1975 88 326
1975 297 664
1975 261 560
1975 386 844
1975 119 457
1975 241 534
1975 290 545
1975 287 537
1975 90 321
1980 264 557
1980 386 852
1980 240 535
1980 289 533
1980 261 577
1980 287 531
1985 295 604
1985 262 558
1985 242 533
1985 287 532
1985 286 530
1990 83 372
1990 292 666
1990 264 559
1990 40 269
1990 238 534
1990 288 532
1990 286 531
1995 295 666
1995 264 555
1995 392 835
1995 242 541
1995 287 530
1995 288 533
1995 238 542
