1800 77 497
1800 319 824
1800 297 546
1800 255 550
1800 223 656
1800 279 539
1800 273 673
1800 397 819
1800 472 663
1800 297 1119
1800 239 71
1805 418 832
1805 363 753
1805 429 847
1805 265 1141
1805 299 566
1805 261 563
1805 223 641
1805 476 921
1805 279 550
1805 277 677
1805 393 831
1805 475 648
1805 64 493
1805 241 75
1810 359 733
1810 296 684
1810 264 1242
1810 304 577
1810 269 590
1810 263 573
1810 222 642
1810 424 866
1810 295 672
1810 280 544
1810 397 849
1810 473 657
1810 19 376
1810 458 515
1815 428 854
1815 306 666
1815 301 581
1815 260 593
1815 257 539
1815 225 638
1815 297 664
1815 280 548
1815 389 830
1815 470 650
1815 439 522
1820 307 669
1820 307 586
1820 436 527
1820 266 568
1820 224 643
1820 352 694
1820 297 665
1820 280 547
1820 388 833
1825 300 696
1825 229 1316
1825 260 582
1825 267 553
1825 224 636
1825 296 673
1825 282 557
1825 17 369
1825 209 1284
1825 418 664
1830 302 676
1830 389 513
1830 403 365
1830 260 537
1830 224 640
1830 296 670
1830 280 549
1830 207 1328
1835 372 517
1835 307 575
1835 261 589
1835 223 638
1835 295 681
1835 282 538
1835 16 375
1835 207 1341
1840 420 656
1840 310 872
1840 301 572
1840 263 603
1840 256 543
1840 223 642
1840 358 608
1840 434 662
1840 278 543
1840 59 477
1840 423 659
1845 301 684
1845 302 575
1845 256 561
1845 226 650
1845 358 283
1845 398 689
1845 433 695
1845 293 669
1845 278 539
1850 298 684
1850 345 248
1850 304 576
1850 259 590
1850 301 580
1850 255 538
1850 226 647
1850 379 851
1850 297 672
1850 280 540
1850 61 510
1855 402 685
1855 304 667
1855 304 563
1855 262 580
1855 253 536
1855 222 657
1855 383 856
1855 294 663
1855 279 541
1855 386 854
1855 67 471
1860 304 668
1860 302 573
1860 257 589
1860 255 544
1860 221 641
1860 337 509
1860 296 668
1860 280 542
1860 397 841
1860 382 566
1860 64 477
1860 373 565
1865 77 487
1865 296 689
1865 297 539
1865 342 856
1865 255 589
1865 249 545
1865 219 639
1865 369 723
1865 296 678
1865 278 543
1865 394 833
1865 61 478
1865 377 564
1870 359 743
1870 81 507
1870 298 685
1870 303 558
1870 347 860
1870 304 569
1870 255 571
1870 224 639
1870 364 740
1870 295 675
1870 275 536
1870 381 854
1870 61 512
1870 380 565
1875 374 533
1875 77 524
1875 387 528
1875 299 676
1875 382 538
1875 303 585
1875 362 869
1875 262 584
1875 224 639
1875 336 526
1875 344 760
1875 297 673
1875 274 509
1875 477 740
1875 379 540
1875 343 756
1880 80 546
1880 294 681
1880 381 527
1880 304 581
1880 441 524
1880 335 753
1880 259 576
1880 228 635
1880 337 526
1880 382 860
1880 297 674
1880 278 537
1880 376 517
1880 339 775
1885 457 433
1885 303 673
1885 372 511
1885 431 509
1885 303 735
1885 259 586
1885 255 546
1885 227 636
1885 297 664
1885 282 553
1885 388 861
1885 376 510
1890 281 774
1890 459 470
1890 303 672
1890 371 495
1890 301 577
1890 264 524
1890 226 644
1890 341 521
1890 381 852
1890 297 663
1890 282 545
1890 394 830
1890 280 743
1895 449 404
1895 307 570
1895 255 524
1895 226 641
1895 339 510
1895 473 836
1895 283 604
1895 389 854
1895 282 723
1895 344 505
1895 453 455
1895 337 526
1900 61 657
1900 432 406
1900 446 391
1900 392 497
1900 303 668
1900 305 554
1900 264 573
1900 255 569
1900 228 638
1900 340 526
1900 285 543
1900 342 480
1900 391 497
1900 475 770
1905 449 427
1905 300 657
1905 376 508
1905 359 854
1905 269 600
1905 257 576
1905 231 639
1905 336 483
1905 237 696
1905 278 548
1905 104 762
1905 337 470
1905 469 753
1905 267 591
1905 425 456
1905 221 695
1910 306 666
1910 39 291
1910 306 572
1910 259 562
1910 223 654
1910 281 542
1910 104 742
1910 340 478
1910 264 585
1915 320 446
1915 390 540
1915 300 662
1915 190 671
1915 265 599
1915 94 710
1915 264 565
1915 224 638
1915 283 538
1915 105 714
1915 442 897
1915 265 599
1915 399 389
1920 296 448
1920 306 579
1920 405 341
1920 395 555
1920 95 699
1920 329 482
1920 261 577
1920 224 646
1920 417 933
1920 280 537
1920 385 823
1920 432 914
1920 178 621
1920 397 545
1920 403 367
1925 360 741
1925 452 415
1925 302 676
1925 46 287
1925 422 568
1925 268 581
1925 227 636
1925 295 668
1925 277 489
1925 391 858
1925 177 609
1925 401 330
1930 418 721
1930 454 424
1930 50 286
1930 306 541
1930 388 321
1930 418 577
1930 264 568
1930 227 637
1930 380 959
1930 432 775
1930 296 682
1930 281 505
1930 104 667
1930 394 825
1930 87 684
1935 64 635
1935 383 301
1935 454 351
1935 299 693
1935 253 445
1935 251 445
1935 47 288
1935 304 592
1935 391 288
1935 378 750
1935 263 576
1935 229 630
1935 354 314
1935 283 501
1935 382 738
1935 280 484
1935 290 473
1935 104 638
1935 396 817
1935 468 878
1935 458 433
1935 97 646
1940 62 612
1940 378 293
1940 359 741
1940 462 280
1940 47 301
1940 306 577
1940 307 682
1940 272 555
1940 229 637
1940 362 742
1940 467 899
1940 289 518
1940 477 920
1940 421 307
1940 128 532
1945 380 264
1945 457 256
1945 82 600
1945 49 298
1945 398 282
1945 266 609
1945 252 518
1945 229 634
1945 470 920
1945 282 541
1945 91 587
1945 395 849
1945 148 481
1950 380 244
1950 57 299
1950 305 585
1950 399 250
1950 304 741
1950 261 600
1950 356 1030
1950 250 524
1950 238 634
1950 379 226
1950 250 754
1950 282 542
1950 245 479
1955 374 198
1955 53 285
1955 360 195
1955 301 578
1955 364 885
1955 441 581
1955 304 676
1955 264 582
1955 256 521
1955 240 637
1955 355 233
1955 229 755
1955 298 675
1955 280 538
1955 388 834
1955 25 391
1955 431 234
1960 383 185
1960 96 428
1960 83 552
1960 299 677
1960 55 330
1960 299 570
1960 352 212
1960 265 613
1960 253 555
1960 226 639
1960 381 183
1960 297 676
1960 278 535
1960 52 524
1965 392 239
1965 95 389
1965 303 684
1965 348 189
1965 301 574
1965 408 193
1965 351 188
1965 417 560
1965 264 581
1965 261 557
1965 228 658
1965 390 178
1965 297 674
1965 279 540
1965 60 528
1965 322 182
1970 408 185
1970 127 756
1970 392 550
1970 300 683
1970 393 553
1970 84 386
1970 300 567
1970 420 535
1970 399 554
1970 261 584
1970 251 547
1970 225 635
1970 382 975
1970 474 886
1970 297 675
1970 281 540
1970 395 851
1970 475 895
1970 57 489
1970 27 389
1970 400 1019
1970 297 1129
1975 410 185
1975 376 511
1975 267 1129
1975 85 379
1975 345 127
1975 302 582
1975 398 529
1975 258 581
1975 255 563
1975 222 637
1975 475 903
1975 295 676
1975 277 550
1975 104 304
1975 59 481
1975 322 145
1975 294 1153
1980 298 672
1980 377 501
1980 55 340
1980 310 576
1980 359 864
1980 171 508
1980 259 595
1980 357 1068
1980 255 545
1980 226 637
1980 474 976
1980 297 670
1980 279 536
1980 110 265
1980 392 854
1980 471 972
1980 21 351
1980 398 1048
1985 88 414
1985 366 471
1985 76 420
1985 170 493
1985 256 582
1985 356 1087
1985 249 546
1985 223 639
1985 299 679
1985 282 536
1985 110 260
1985 106 253
1985 344 469
1985 473 950
1985 57 466
1985 29 398
1985 108 252
1990 340 447
1990 96 395
1990 339 448
1990 322 449
1990 76 486
1990 326 446
1990 75 342
1990 295 532
1990 361 859
1990 171 497
1990 258 582
1990 252 560
1990 221 639
1990 110 283
1990 281 539
1990 350 435
1990 384 839
1990 453 981
1990 61 479
1995 344 427
1995 311 419
1995 304 671
1995 297 538
1995 365 870
1995 174 494
1995 257 592
1995 254 573
1995 226 639
1995 410 971
1995 335 402
1995 298 667
1995 279 540
1995 341 404
1995 386 843
1995 459 981
1995 60 493
1995 411 957
1995 100 198
