1800 79 487
1800 266 566
1800 293 536
1800 247 528
1800 216 616
1800 275 662
1800 263 501
1800 440 823
1800 289 533
1800 301 1181
1800 236 73
1805 279 674
1805 430 833
1805 267 558
1805 293 548
1805 244 535
1805 218 619
1805 273 667
1805 281 1166
1805 310 671
1805 418 826
1805 262 502
1805 439 831
1805 370 749
1805 307 824
1805 290 541
1805 261 1145
1810 251 1173
1810 75 439
1810 461 523
1810 265 562
1810 294 552
1810 474 528
1810 245 532
1810 224 622
1810 311 670
1810 263 501
1810 420 839
1810 288 539
1815 81 421
1815 265 562
1815 292 539
1815 245 530
1815 216 618
1815 278 682
1815 262 500
1815 420 837
1815 289 541
1815 44 888
1820 225 1226
1820 264 560
1820 289 538
1820 245 536
1820 220 616
1820 272 676
1820 418 836
1820 262 500
1820 351 836
1820 421 839
1820 285 537
1820 45 885
1820 274 853
1825 408 358
1825 220 1299
1825 280 685
1825 266 551
1825 349 663
1825 289 540
1825 245 530
1825 220 620
1825 308 668
1825 262 501
1825 209 1268
1825 418 828
1825 288 539
1825 42 889
1830 281 681
1830 266 557
1830 351 638
1830 294 551
1830 244 531
1830 221 626
1830 279 674
1830 318 676
1830 261 500
1830 353 833
1830 420 833
1830 291 546
1830 46 898
1835 280 676
1835 267 556
1835 290 537
1835 182 1312
1835 361 619
1835 247 537
1835 223 624
1835 377 311
1835 277 670
1835 319 678
1835 268 503
1835 354 825
1835 290 539
1835 361 619
1835 400 652
1840 362 287
1840 360 286
1840 390 658
1840 82 458
1840 280 670
1840 266 556
1840 297 544
1840 362 611
1840 245 530
1840 224 624
1840 263 501
1840 288 530
1840 363 613
1840 398 670
1845 348 258
1845 387 649
1845 83 458
1845 266 556
1845 294 535
1845 357 493
1845 244 533
1845 225 626
1845 263 502
1845 291 657
1845 290 535
1845 387 648
1845 399 653
1850 384 664
1850 81 455
1850 266 557
1850 295 533
1850 354 499
1850 367 579
1850 244 534
1850 226 629
1850 312 673
1850 262 501
1850 289 534
1850 365 580
1850 331 858
1855 319 216
1855 385 681
1855 81 455
1855 268 552
1855 297 545
1855 243 521
1855 223 625
1855 409 833
1855 259 505
1855 350 826
1855 289 535
1855 377 672
1855 397 679
1860 311 180
1860 383 700
1860 79 457
1860 266 551
1860 293 539
1860 246 524
1860 222 622
1860 408 829
1860 260 505
1860 357 821
1860 370 686
1860 290 535
1860 391 689
1865 77 461
1865 464 516
1865 265 560
1865 295 533
1865 245 536
1865 347 708
1865 218 617
1865 311 674
1865 407 830
1865 269 515
1865 350 823
1865 322 159
1865 291 531
1870 280 674
1870 76 490
1870 264 567
1870 298 536
1870 246 533
1870 225 625
1870 319 684
1870 410 830
1870 270 496
1870 353 819
1870 370 724
1870 290 521
1875 358 820
1875 277 680
1875 439 506
1875 263 568
1875 296 525
1875 66 507
1875 248 540
1875 355 749
1875 217 615
1875 278 499
1875 278 682
1875 321 700
1875 273 494
1875 312 673
1875 350 830
1875 290 523
1880 306 685
1880 275 673
1880 439 513
1880 265 568
1880 437 510
1880 295 534
1880 66 528
1880 246 532
1880 224 625
1880 315 674
1880 409 825
1880 273 496
1880 354 827
1880 309 735
1880 290 528
1880 49 859
1885 462 415
1885 462 424
1885 264 563
1885 61 836
1885 294 535
1885 71 562
1885 242 529
1885 218 620
1885 278 674
1885 270 500
1885 291 530
1885 57 831
1890 356 821
1890 281 678
1890 451 408
1890 461 437
1890 276 740
1890 267 564
1890 277 744
1890 295 536
1890 67 595
1890 276 742
1890 244 533
1890 221 627
1890 275 739
1890 317 691
1890 413 835
1890 277 744
1890 258 502
1890 353 823
1890 280 754
1890 291 537
1890 53 813
1895 357 821
1895 275 681
1895 452 407
1895 453 434
1895 266 566
1895 261 719
1895 294 534
1895 260 718
1895 260 724
1895 242 543
1895 68 632
1895 222 625
1895 276 677
1895 245 741
1895 310 674
1895 409 826
1895 258 504
1895 289 536
1895 60 787
1900 356 822
1900 454 396
1900 456 408
1900 280 679
1900 266 549
1900 293 531
1900 356 472
1900 244 538
1900 70 662
1900 223 626
1900 277 663
1900 235 706
1900 309 671
1900 407 821
1900 268 506
1900 352 830
1900 65 780
1900 240 692
1900 289 526
1900 59 786
1905 277 674
1905 333 465
1905 454 394
1905 221 669
1905 265 559
1905 297 541
1905 212 690
1905 458 735
1905 245 533
1905 205 704
1905 68 689
1905 220 626
1905 275 666
1905 408 822
1905 443 849
1905 267 505
1905 288 680
1905 348 845
1905 215 621
1905 221 686
1905 71 677
1905 216 686
1905 291 535
1905 210 701
1910 422 363
1910 280 657
1910 450 737
1910 333 460
1910 218 627
1910 198 688
1910 207 666
1910 265 556
1910 294 535
1910 204 671
1910 454 740
1910 244 528
1910 202 677
1910 221 627
1910 312 671
1910 412 835
1910 442 855
1910 267 503
1910 353 835
1910 195 648
1910 216 613
1910 71 728
1910 200 680
1910 326 452
1910 189 658
1910 292 532
1910 198 674
1910 207 661
1915 415 362
1915 426 742
1915 203 668
1915 468 458
1915 263 564
1915 101 22
1915 32 243
1915 295 535
1915 244 540
1915 81 701
1915 224 623
1915 278 660
1915 268 507
1915 289 679
1915 306 446
1915 193 640
1915 82 702
1915 109 692
1915 189 631
1915 422 871
1915 292 536
1920 415 357
1920 451 418
1920 264 558
1920 157 639
1920 44 289
1920 294 536
1920 453 701
1920 243 535
1920 79 695
1920 221 616
1920 283 669
1920 268 507
1920 356 836
1920 297 440
1920 220 611
1920 106 685
1920 420 897
1920 296 439
1920 293 535
1925 266 562
1925 402 855
1925 46 270
1925 414 557
1925 297 466
1925 245 533
1925 82 660
1925 217 616
1925 396 331
1925 276 658
1925 269 504
1925 354 845
1925 289 441
1925 105 650
1925 368 736
1925 291 528
1930 463 408
1930 267 551
1930 400 934
1930 41 264
1930 417 567
1930 293 469
1930 162 539
1930 245 535
1930 79 638
1930 408 955
1930 217 618
1930 386 322
1930 275 671
1930 266 504
1930 350 848
1930 162 542
1930 107 636
1930 291 469
1930 291 528
1930 263 446
1935 414 355
1935 377 312
1935 391 277
1935 46 259
1935 280 676
1935 263 568
1935 130 541
1935 50 265
1935 415 569
1935 293 537
1935 245 529
1935 77 614
1935 218 617
1935 280 474
1935 276 660
1935 129 546
1935 310 674
1935 408 818
1935 271 475
1935 154 521
1935 290 535
1940 414 299
1940 390 264
1940 458 290
1940 264 564
1940 47 268
1940 421 570
1940 296 546
1940 67 595
1940 231 429
1940 243 533
1940 71 596
1940 222 620
1940 383 285
1940 130 515
1940 312 671
1940 268 495
1940 102 599
1940 353 819
1940 158 507
1940 129 517
1940 351 993
1940 233 429
1940 290 532
1945 413 278
1945 361 262
1945 361 269
1945 270 689
1945 280 679
1945 265 570
1945 420 280
1945 47 270
1945 424 564
1945 291 534
1945 67 571
1945 260 744
1945 243 524
1945 415 289
1945 276 672
1945 225 618
1945 385 249
1945 274 664
1945 306 703
1945 446 874
1945 268 502
1945 98 568
1945 354 838
1945 125 500
1945 351 1017
1945 289 533
1945 92 566
1950 422 278
1950 300 670
1950 359 247
1950 392 236
1950 45 262
1950 283 676
1950 187 437
1950 266 568
1950 420 269
1950 47 264
1950 131 438
1950 418 569
1950 294 534
1950 71 553
1950 360 247
1950 413 274
1950 225 615
1950 277 669
1950 308 679
1950 435 902
1950 265 506
1950 94 547
1950 353 837
1950 350 1023
1950 291 535
1950 321 1040
1955 415 243
1955 356 229
1955 284 712
1955 450 562
1955 182 435
1955 266 550
1955 425 245
1955 47 260
1955 421 574
1955 294 535
1955 69 542
1955 365 226
1955 265 502
1955 414 266
1955 227 625
1955 275 678
1955 410 812
1955 275 736
1955 435 896
1955 267 509
1955 353 839
1955 107 429
1955 292 536
1955 318 1044
1955 431 236
1960 357 210
1960 47 260
1960 266 568
1960 430 207
1960 48 260
1960 254 732
1960 420 555
1960 359 194
1960 294 533
1960 253 730
1960 58 518
1960 365 199
1960 245 531
1960 410 951
1960 227 633
1960 276 685
1960 373 178
1960 395 208
1960 436 943
1960 267 506
1960 296 1072
1960 430 548
1960 290 536
1960 319 1074
1960 435 154
1965 357 820
1965 83 510
1965 267 559
1965 400 945
1965 47 257
1965 417 545
1965 359 164
1965 293 534
1965 360 165
1965 246 533
1965 409 985
1965 228 611
1965 280 675
1965 206 484
1965 369 170
1965 393 182
1965 267 505
1965 291 1084
1965 92 375
1965 328 179
1965 291 534
1965 314 1089
1965 425 188
1970 86 342
1970 190 725
1970 266 564
1970 48 269
1970 417 531
1970 293 534
1970 355 145
1970 246 531
1970 409 1017
1970 225 628
1970 276 670
1970 391 165
1970 267 507
1970 295 1120
1970 112 309
1970 36 498
1970 323 161
1970 292 536
1970 191 725
1970 423 206
1975 261 1131
1975 87 332
1975 70 461
1975 266 560
1975 47 262
1975 294 545
1975 246 530
1975 412 1020
1975 279 665
1975 290 1153
1975 308 674
1975 407 826
1975 267 507
1975 356 838
1975 354 1014
1975 112 307
1975 329 142
1975 291 538
1975 266 1123
1980 261 1154
1980 278 660
1980 69 425
1980 266 562
1980 48 261
1980 294 534
1980 358 492
1980 244 534
1980 408 1046
1980 219 616
1980 312 674
1980 267 504
1980 356 828
1980 352 1032
1980 110 280
1980 92 417
1980 320 122
1980 292 535
1985 254 1188
1985 281 673
1985 74 399
1985 265 561
1985 47 260
1985 295 535
1985 398 1061
1985 245 529
1985 224 625
1985 406 822
1985 268 506
1985 293 666
1985 355 827
1985 64 764
1985 80 238
1985 93 389
1985 292 534
1985 176 483
1985 265 1168
1990 252 1195
1990 231 1185
1990 95 365
1990 330 448
1990 82 473
1990 267 558
1990 401 838
1990 48 260
1990 294 534
1990 245 531
1990 225 628
1990 350 1087
1990 279 660
1990 363 1092
1990 406 822
1990 267 507
1990 354 835
1990 78 239
1990 99 373
1990 292 535
1995 227 1216
1995 77 346
1995 334 432
1995 68 480
1995 265 550
1995 401 936
1995 48 265
1995 308 83
1995 293 535
1995 244 545
1995 412 958
1995 225 622
1995 347 1126
1995 274 663
1995 339 385
1995 269 501
1995 353 839
1995 76 735
1995 215 1204
1995 100 351
1995 290 533
1995 318 411
1995 306 1127
