1800 262 499
1800 273 540
1800 243 527
1800 391 814
1800 301 573
1800 287 532
1800 221 634
1805 262 499
1805 265 540
1805 240 532
1805 393 829
1805 310 665
1805 284 531
1805 217 619
1810 266 553
1810 242 529
1810 392 827
1810 308 668
1810 284 531
1810 33 889
1810 219 627
1815 263 500
1815 259 552
1815 241 528
1815 306 661
1815 300 573
1815 284 529
1815 217 622
1820 262 499
1820 260 552
1820 243 527
1820 421 836
1820 306 665
1820 298 571
1820 283 528
1820 218 621
1825 262 499
1825 263 549
1825 242 527
1825 419 832
1825 305 655
1825 283 532
1825 219 627
1830 262 500
1830 272 545
1830 242 526
1830 417 837
1830 309 666
1830 283 530
1830 220 630
1835 377 502
1835 279 522
1835 262 557
1835 258 531
1835 357 631
1835 316 678
1835 301 574
1835 283 533
1835 220 627
1840 262 500
1840 263 549
1840 242 527
1840 305 667
1840 301 568
1840 288 530
1840 219 629
1845 262 500
1845 264 545
1845 242 528
1845 406 830
1845 305 662
1845 288 529
1845 220 629
1850 262 501
1850 265 551
1850 246 525
1850 346 494
1850 405 822
1850 307 665
1850 289 527
1850 288 530
1850 219 632
1855 260 504
1855 264 555
1855 238 530
1855 381 671
1855 401 840
1855 306 573
1855 290 531
1855 218 628
1860 263 552
1860 242 527
1860 309 662
1860 304 564
1860 287 525
1860 386 696
1860 220 630
1865 262 559
1865 244 533
1865 309 662
1865 307 575
1865 290 528
1865 220 629
1870 261 559
1870 244 532
1870 349 513
1870 401 840
1870 309 665
1870 302 566
1870 291 525
1870 218 626
1875 68 510
1875 255 554
1875 341 728
1875 401 834
1875 348 513
1875 310 670
1875 301 579
1875 218 626
1880 379 509
1880 262 556
1880 242 528
1880 401 834
1880 348 516
1880 404 825
1880 310 661
1880 290 524
1880 221 632
1885 262 552
1885 241 528
1885 311 667
1885 287 524
1885 67 829
1885 58 832
1885 219 626
1890 262 557
1890 346 515
1890 241 528
1890 398 836
1890 345 521
1890 402 825
1890 313 676
1890 287 664
1890 283 533
1890 309 668
1890 219 634
1895 259 501
1895 451 404
1895 258 558
1895 345 506
1895 240 529
1895 345 506
1895 309 668
1895 282 536
1895 56 782
1895 219 632
1900 435 448
1900 277 521
1900 259 551
1900 436 386
1900 243 530
1900 63 650
1900 398 832
1900 348 510
1900 307 666
1900 286 535
1900 288 527
1900 465 833
1900 220 633
1905 419 423
1905 275 544
1905 458 736
1905 243 531
1905 224 678
1905 62 671
1905 304 653
1905 213 678
1905 286 529
1905 284 527
1905 218 630
1910 417 405
1910 268 502
1910 258 537
1910 244 525
1910 47 699
1910 305 659
1910 288 531
1910 277 513
1910 202 666
1910 220 623
1915 422 876
1915 267 502
1915 268 537
1915 240 530
1915 304 550
1915 285 525
1915 221 624
1920 402 363
1920 416 903
1920 268 499
1920 268 531
1920 243 530
1920 386 842
1920 401 341
1920 317 644
1920 304 564
1920 284 526
1920 220 627
1925 271 495
1925 275 535
1925 306 464
1925 83 663
1925 241 528
1925 22 641
1925 408 832
1925 298 660
1925 268 501
1925 305 465
1925 218 618
1930 44 260
1930 267 499
1930 279 536
1930 79 643
1930 246 532
1930 398 839
1930 390 326
1930 406 826
1930 274 504
1930 79 643
1930 217 618
1935 374 313
1935 273 492
1935 264 536
1935 243 529
1935 394 838
1935 390 292
1935 404 819
1935 289 484
1935 218 623
1940 374 289
1940 273 473
1940 257 546
1940 126 521
1940 239 528
1940 392 821
1940 394 281
1940 309 673
1940 288 531
1940 367 985
1940 218 625
1945 45 261
1945 266 497
1945 251 537
1945 240 529
1945 400 833
1945 288 530
1945 71 569
1945 221 626
1950 385 236
1950 460 247
1950 240 528
1950 113 450
1950 396 257
1950 393 846
1950 303 573
1950 288 530
1950 225 623
1955 266 502
1955 71 534
1955 256 556
1955 364 202
1955 389 841
1955 301 571
1955 286 525
1955 71 535
1960 47 261
1960 419 958
1960 243 527
1960 257 554
1960 364 200
1960 406 229
1960 390 837
1960 384 213
1960 406 824
1960 286 530
1960 427 939
1960 216 624
1965 264 503
1965 260 546
1965 364 170
1965 244 529
1965 397 186
1965 286 530
1965 367 821
1965 223 627
1970 88 361
1970 266 502
1970 263 540
1970 122 460
1970 245 529
1970 398 819
1970 399 823
1970 301 570
1970 285 528
1970 221 630
1975 88 329
1975 267 502
1975 266 538
1975 244 526
1975 395 822
1975 399 826
1975 301 570
1975 287 528
1980 49 270
1980 267 502
1980 269 539
1980 242 531
1980 398 828
1980 399 827
1980 301 643
1980 286 526
1980 353 835
1985 258 1174
1985 267 501
1985 259 542
1985 243 530
1985 398 825
1985 399 825
1985 284 528
1985 283 524
1985 74 402
1985 354 836
1985 82 237
1985 341 111
1985 217 631
1990 228 1184
1990 92 371
1990 266 502
1990 275 527
1990 242 529
1990 398 819
1990 400 831
1990 290 534
1990 281 517
1990 85 474
1990 98 383
1990 223 628
1995 222 1206
1995 266 502
1995 269 534
1995 239 535
1995 397 825
1995 401 828
1995 301 573
1995 282 524
1995 333 1116
1995 343 396
1995 99 343
1995 219 619
