1800 295 1191
1800 286 533
1800 263 560
1800 244 530
1800 261 499
1800 369 770
1800 397 823
1800 306 656
1800 299 563
1800 217 630
1805 281 1217
1805 426 829
1805 285 531
1805 463 625
1805 263 557
1805 242 532
1805 260 499
1805 367 748
1805 399 834
1805 306 669
1805 298 567
1805 423 819
1805 30 913
1805 215 622
1810 285 534
1810 465 629
1810 263 562
1810 243 531
1810 251 1175
1810 298 839
1810 261 498
1810 396 832
1810 306 665
1810 300 567
1810 367 828
1810 215 628
1815 425 840
1815 284 530
1815 453 526
1815 264 560
1815 241 530
1815 261 501
1815 302 654
1815 299 567
1815 362 830
1815 216 622
1820 407 641
1820 421 838
1820 285 530
1820 262 563
1820 242 531
1820 420 394
1820 260 499
1820 418 832
1820 298 565
1820 376 845
1820 422 834
1820 33 894
1820 214 620
1825 406 640
1825 214 1304
1825 283 533
1825 264 562
1825 208 1292
1825 242 531
1825 414 374
1825 261 497
1825 417 825
1825 348 662
1825 299 668
1825 298 565
1825 36 912
1825 215 622
1830 403 647
1830 203 1329
1830 283 531
1830 264 557
1830 241 531
1830 260 498
1830 411 848
1830 306 668
1830 299 569
1830 401 651
1830 216 625
1835 401 653
1835 376 507
1835 283 530
1835 263 562
1835 247 536
1835 261 496
1835 309 869
1835 405 857
1835 314 684
1835 299 564
1835 413 834
1835 401 653
1835 216 623
1840 398 655
1840 285 530
1840 262 560
1840 244 533
1840 260 499
1840 402 847
1840 298 561
1840 376 853
1840 391 657
1840 216 627
1845 286 529
1845 262 561
1845 243 530
1845 260 501
1845 401 822
1845 302 662
1845 299 566
1845 216 627
1850 406 663
1850 345 496
1850 287 532
1850 263 562
1850 245 529
1850 346 848
1850 261 501
1850 402 821
1850 344 497
1850 304 658
1850 341 853
1850 300 559
1850 407 824
1850 291 541
1850 382 672
1850 216 628
1855 344 500
1855 286 531
1855 262 559
1855 242 531
1855 345 851
1855 258 501
1855 398 843
1855 342 493
1855 297 547
1855 404 831
1855 369 568
1855 215 623
1860 320 192
1860 287 530
1860 262 560
1860 244 529
1860 345 850
1860 260 499
1860 399 840
1860 343 506
1860 304 662
1860 300 568
1860 404 828
1860 294 590
1860 217 627
1865 374 552
1865 290 527
1865 465 519
1865 262 559
1865 246 536
1865 345 850
1865 267 518
1865 398 838
1865 345 513
1865 300 565
1865 401 828
1865 374 550
1870 343 714
1870 290 525
1870 262 563
1870 247 537
1870 347 851
1870 271 495
1870 364 727
1870 396 850
1870 347 514
1870 303 556
1870 45 907
1870 373 536
1870 215 621
1875 348 741
1875 377 521
1875 287 518
1875 440 508
1875 261 562
1875 342 856
1875 276 497
1875 399 839
1875 348 519
1875 307 677
1875 299 572
1875 405 827
1875 215 622
1880 379 512
1880 289 526
1880 66 534
1880 468 452
1880 262 569
1880 244 534
1880 468 451
1880 352 853
1880 270 494
1880 399 832
1880 345 518
1880 306 671
1880 298 560
1880 47 873
1880 377 853
1880 407 828
1880 217 627
1885 372 499
1885 289 527
1885 67 563
1885 262 563
1885 245 535
1885 463 429
1885 343 520
1885 358 851
1885 267 502
1885 401 825
1885 344 519
1885 305 668
1885 301 565
1885 58 830
1885 297 733
1885 297 738
1885 217 625
1890 374 494
1890 283 534
1890 263 560
1890 243 527
1890 454 419
1890 456 417
1890 344 518
1890 260 502
1890 399 844
1890 345 519
1890 308 664
1890 298 552
1890 289 759
1890 408 824
1890 215 626
1895 284 538
1895 215 623
1895 261 560
1895 244 530
1895 447 401
1895 343 515
1895 260 497
1895 217 625
1895 394 833
1895 301 662
1895 252 712
1895 250 711
1895 296 550
1895 232 670
1895 405 824
1895 216 629
1900 218 629
1900 264 557
1900 435 390
1900 433 392
1900 231 698
1900 344 518
1900 260 498
1900 399 837
1900 345 518
1900 303 666
1900 359 839
1900 301 560
1900 218 631
1905 368 489
1905 341 467
1905 281 524
1905 217 627
1905 263 554
1905 208 705
1905 244 534
1905 431 383
1905 431 383
1905 351 500
1905 265 505
1905 398 833
1905 343 466
1905 310 658
1905 361 492
1905 286 531
1905 217 674
1905 92 744
1905 362 500
1905 214 630
1910 362 515
1910 335 465
1910 283 525
1910 264 553
1910 243 533
1910 424 378
1910 351 847
1910 266 504
1910 50 703
1910 401 827
1910 313 682
1910 295 557
1910 195 674
1910 407 821
1910 217 622
1915 331 472
1915 283 523
1915 263 559
1915 241 535
1915 418 366
1915 266 501
1915 399 840
1915 424 743
1915 296 574
1915 470 1066
1915 446 904
1915 406 820
1915 217 624
1915 406 360
1920 403 347
1920 281 523
1920 265 549
1920 246 537
1920 412 349
1920 352 852
1920 381 371
1920 268 503
1920 310 663
1920 300 442
1920 395 739
1920 217 629
1920 402 350
1925 282 505
1925 408 915
1925 265 549
1925 246 542
1925 264 502
1925 401 822
1925 425 718
1925 277 655
1925 302 570
1925 279 436
1925 77 656
1925 215 618
1925 399 336
1930 457 388
1930 281 531
1930 264 559
1930 245 535
1930 261 510
1930 400 831
1930 301 567
1930 406 823
1930 74 642
1930 216 621
1930 398 337
1935 425 342
1935 283 520
1935 262 560
1935 242 530
1935 420 353
1935 416 358
1935 354 849
1935 476 863
1935 261 514
1935 400 817
1935 299 565
1935 129 553
1935 403 818
1935 214 618
1940 424 318
1940 350 738
1940 388 268
1940 351 286
1940 473 292
1940 284 534
1940 262 559
1940 245 534
1940 426 321
1940 349 842
1940 368 986
1940 464 871
1940 258 508
1940 399 822
1940 373 290
1940 299 567
1940 126 524
1940 368 992
1940 150 506
1940 215 623
1945 422 301
1945 386 255
1945 462 254
1945 286 530
1945 65 581
1945 259 573
1945 242 537
1945 463 272
1945 353 1023
1945 347 848
1945 469 870
1945 398 827
1945 410 295
1945 383 257
1945 302 672
1945 258 744
1945 299 568
1945 364 1016
1945 259 748
1945 93 570
1945 217 627
1950 382 236
1950 461 247
1950 285 531
1950 218 625
1950 259 573
1950 347 842
1950 109 465
1950 263 502
1950 402 266
1950 399 841
1950 400 266
1950 379 241
1950 298 677
1950 300 569
1950 92 559
1950 20 371
1950 219 629
1955 378 220
1955 284 527
1955 68 542
1955 445 568
1955 223 630
1955 262 567
1955 232 471
1955 346 838
1955 101 440
1955 263 504
1955 404 235
1955 395 829
1955 297 566
1955 277 728
1955 316 1050
1955 26 396
1955 74 520
1955 336 1061
1955 219 633
1960 375 207
1960 285 530
1960 441 559
1960 260 568
1960 241 535
1960 347 854
1960 265 504
1960 299 569
1960 312 1091
1960 122 387
1960 371 181
1960 70 501
1960 216 626
1965 90 386
1965 285 528
1965 410 991
1965 217 627
1965 262 560
1965 244 533
1965 263 504
1965 398 819
1965 398 186
1965 354 849
1965 300 565
1965 360 170
1965 139 447
1965 440 154
1965 216 630
1970 283 525
1970 220 627
1970 262 559
1970 243 535
1970 99 477
1970 479 846
1970 264 505
1970 397 820
1970 299 566
1970 282 1114
1970 117 334
1970 276 1116
1970 138 447
1970 218 630
1975 283 526
1975 262 558
1975 242 531
1975 272 1140
1975 348 842
1975 467 873
1975 265 504
1975 397 825
1975 299 568
1975 260 1136
1975 331 146
1975 400 824
1975 219 634
1980 275 1165
1980 365 493
1980 285 528
1980 263 561
1980 242 533
1980 259 1159
1980 351 825
1980 95 423
1980 473 915
1980 265 504
1980 398 828
1980 361 493
1980 377 108
1980 299 564
1980 259 1160
1980 365 1036
1980 216 622
1985 282 523
1985 262 560
1985 179 485
1985 247 535
1985 258 1179
1985 350 827
1985 90 396
1985 265 503
1985 397 823
1985 300 568
1985 180 487
1985 217 630
1990 221 1189
1990 333 449
1990 283 523
1990 264 543
1990 234 1185
1990 171 486
1990 243 533
1990 350 826
1990 264 503
1990 397 825
1990 351 416
1990 295 555
1990 365 1093
1990 456 936
1990 96 367
1990 399 821
1990 340 1074
1990 218 628
1995 212 1215
1995 282 526
1995 405 963
1995 264 542
1995 214 1200
1995 173 484
1995 247 546
1995 263 502
1995 397 829
1995 351 415
1995 299 568
1995 346 392
1995 445 979
1995 319 417
1995 400 828
1995 212 612
