1800 79 486
1800 265 561
1800 390 821
1800 285 532
1800 241 536
1800 261 502
1800 274 662
1800 396 822
1800 449 834
1800 288 535
1800 218 622
1800 290 1169
1800 234 71
1805 81 457
1805 258 550
1805 386 844
1805 283 534
1805 472 635
1805 238 541
1805 260 501
1805 397 822
1805 437 834
1805 290 545
1805 309 826
1805 213 620
1805 268 1176
1810 74 437
1810 472 448
1810 259 552
1810 386 835
1810 283 535
1810 472 601
1810 241 541
1810 261 498
1810 241 536
1810 298 563
1810 295 840
1810 252 1180
1815 446 417
1815 261 556
1815 385 842
1815 282 534
1815 238 537
1815 262 499
1815 353 700
1815 240 1221
1815 425 637
1815 300 571
1815 279 865
1820 259 548
1820 415 514
1820 282 532
1820 238 535
1820 262 498
1820 353 839
1820 238 536
1820 302 566
1820 277 851
1820 217 619
1825 253 540
1825 347 668
1825 283 534
1825 242 539
1825 261 499
1825 295 552
1825 31 906
1825 217 620
1830 403 355
1830 389 340
1830 265 554
1830 381 845
1830 282 532
1830 244 542
1830 259 503
1830 304 672
1830 290 541
1830 220 630
1835 82 448
1835 263 552
1835 350 627
1835 384 848
1835 282 528
1835 245 545
1835 262 501
1835 302 678
1835 299 566
1835 54 908
1835 217 618
1840 80 455
1840 262 551
1840 355 613
1840 284 530
1840 243 539
1840 261 500
1840 424 651
1840 299 568
1840 56 914
1840 217 625
1845 363 605
1845 79 457
1845 261 544
1845 285 531
1845 240 537
1845 261 501
1845 420 656
1845 299 571
1845 368 605
1845 55 917
1845 217 630
1850 365 587
1850 81 459
1850 262 553
1850 287 531
1850 239 539
1850 261 501
1850 401 816
1850 332 861
1850 298 558
1850 367 585
1850 55 915
1850 220 636
1855 371 559
1855 80 457
1855 263 548
1855 390 848
1855 286 531
1855 372 557
1855 236 530
1855 259 503
1855 304 666
1855 396 822
1855 300 559
1855 372 675
1855 216 621
1860 375 558
1860 76 457
1860 262 550
1860 393 840
1860 286 528
1860 479 537
1860 238 534
1860 260 500
1860 399 818
1860 300 571
1860 218 632
1865 75 460
1865 261 550
1865 393 844
1865 288 527
1865 245 544
1865 260 507
1865 397 818
1865 56 922
1870 78 487
1870 462 518
1870 263 561
1870 389 848
1870 287 527
1870 246 539
1870 343 713
1870 271 496
1870 304 666
1870 398 828
1870 297 558
1875 70 507
1875 451 520
1875 262 560
1875 388 854
1875 287 525
1875 244 537
1875 348 746
1875 274 496
1875 306 669
1875 349 849
1875 298 572
1875 216 620
1880 466 455
1880 263 562
1880 389 846
1880 282 525
1880 242 533
1880 272 497
1880 396 822
1880 348 856
1880 301 708
1880 296 572
1880 219 628
1885 463 441
1885 262 558
1885 396 832
1885 413 503
1885 289 536
1885 238 533
1885 274 500
1885 298 567
1885 217 623
1890 452 463
1890 261 560
1890 407 498
1890 285 534
1890 238 537
1890 66 591
1890 257 501
1890 398 825
1890 299 558
1890 217 626
1895 444 461
1895 261 557
1895 284 533
1895 253 739
1895 265 725
1895 240 543
1895 64 612
1895 258 500
1895 273 676
1895 260 748
1895 396 817
1895 55 800
1895 350 855
1895 299 551
1895 217 625
1900 445 457
1900 232 711
1900 259 549
1900 389 846
1900 285 531
1900 246 547
1900 65 642
1900 263 498
1900 238 697
1900 230 732
1900 397 819
1900 53 795
1900 349 840
1900 242 700
1900 297 544
1900 221 634
1905 221 695
1905 262 556
1905 393 836
1905 282 529
1905 461 738
1905 241 534
1905 207 706
1905 62 675
1905 264 501
1905 214 712
1905 398 817
1905 448 852
1905 62 679
1905 98 726
1905 300 562
1905 99 735
1905 215 626
1910 422 376
1910 261 546
1910 393 847
1910 196 639
1910 281 517
1910 394 849
1910 241 533
1910 204 655
1910 264 501
1910 398 817
1910 446 865
1910 352 848
1910 104 721
1910 189 646
1910 431 856
1910 241 532
1910 437 733
1910 292 536
1910 214 629
1915 263 548
1915 282 524
1915 365 853
1915 239 541
1915 271 684
1915 263 502
1915 311 444
1915 186 651
1915 355 829
1915 102 698
1915 189 631
1915 430 892
1915 182 646
1915 218 621
1920 405 345
1920 384 369
1920 262 548
1920 281 523
1920 364 858
1920 455 705
1920 242 542
1920 403 340
1920 265 501
1920 399 826
1920 353 859
1920 244 544
1920 290 533
1920 394 747
1920 217 626
1925 402 333
1925 387 358
1925 263 549
1925 387 848
1925 279 512
1925 372 873
1925 242 537
1925 83 664
1925 268 500
1925 399 827
1925 279 431
1925 257 560
1925 435 719
1925 300 556
1925 174 587
1925 171 579
1930 400 327
1930 378 334
1930 404 718
1930 466 358
1930 264 539
1930 275 511
1930 360 855
1930 244 541
1930 343 745
1930 77 640
1930 263 501
1930 386 329
1930 398 819
1930 289 469
1930 289 526
1930 158 538
1930 159 541
1935 395 288
1935 379 318
1935 449 358
1935 263 553
1935 45 263
1935 280 524
1935 371 845
1935 242 540
1935 73 612
1935 266 461
1935 384 312
1935 398 815
1935 131 541
1935 283 468
1935 290 536
1940 388 289
1940 353 286
1940 460 294
1940 262 560
1940 361 732
1940 45 264
1940 283 533
1940 392 853
1940 235 528
1940 69 596
1940 265 477
1940 375 285
1940 397 817
1940 127 522
1940 347 826
1940 357 734
1940 300 569
1940 218 633
1945 447 326
1945 253 566
1945 416 293
1945 45 275
1945 284 532
1945 369 856
1945 263 499
1945 381 265
1945 275 667
1945 467 889
1945 123 490
1945 345 1009
1945 261 747
1945 349 840
1945 447 881
1945 297 570
1945 218 631
1950 445 299
1950 186 435
1950 258 564
1950 412 273
1950 45 265
1950 131 436
1950 287 534
1950 386 234
1950 476 568
1950 262 501
1950 386 244
1950 275 666
1950 227 747
1950 277 678
1950 113 460
1950 345 1023
1950 350 839
1950 430 891
1950 293 675
1950 301 569
1950 217 631
1950 204 440
1955 337 217
1955 328 215
1955 180 434
1955 259 551
1955 227 473
1955 386 834
1955 285 528
1955 365 846
1955 309 1058
1955 229 473
1955 264 505
1955 272 722
1955 349 840
1955 233 477
1955 433 898
1955 302 570
1955 217 630
1960 329 199
1960 263 564
1960 377 835
1960 414 230
1960 46 263
1960 286 532
1960 373 206
1960 384 848
1960 307 1074
1960 238 527
1960 265 504
1960 251 734
1960 393 220
1960 349 861
1960 433 941
1960 251 731
1960 303 568
1960 215 629
1965 318 177
1965 259 559
1965 46 260
1965 139 450
1965 285 529
1965 312 1093
1965 241 541
1965 405 979
1965 264 503
1965 398 818
1965 117 342
1965 348 189
1965 295 550
1965 217 634
1970 325 160
1970 283 1113
1970 87 353
1970 65 467
1970 261 555
1970 397 830
1970 46 272
1970 139 445
1970 284 531
1970 382 851
1970 242 537
1970 397 1011
1970 264 503
1970 399 818
1970 129 749
1970 296 546
1970 214 621
1975 87 327
1975 66 451
1975 261 553
1975 396 826
1975 46 267
1975 285 530
1975 398 821
1975 241 538
1975 264 504
1975 398 817
1975 352 837
1975 330 149
1975 299 569
1975 219 633
1975 276 1163
1975 273 1154
1980 100 415
1980 262 548
1980 394 827
1980 44 263
1980 283 527
1980 239 540
1980 264 505
1980 112 253
1980 398 817
1980 353 837
1980 310 120
1980 301 563
1980 380 1055
1980 215 624
1980 266 1165
1985 239 1173
1985 89 392
1985 71 408
1985 262 547
1985 396 825
1985 47 265
1985 283 526
1985 243 539
1985 265 505
1985 103 228
1985 398 819
1985 55 782
1985 352 835
1985 436 903
1985 295 536
1985 214 626
1990 223 1210
1990 81 374
1990 80 474
1990 264 537
1990 391 830
1990 46 268
1990 280 517
1990 402 821
1990 240 535
1990 264 504
1990 399 819
1990 36 774
1990 353 836
1990 108 728
1990 429 925
1990 291 535
1990 216 629
1995 215 1226
1995 213 1211
1995 67 474
1995 262 541
1995 391 834
1995 47 266
1995 279 517
1995 400 831
1995 244 549
1995 271 674
1995 265 501
1995 398 821
1995 356 836
1995 442 973
1995 246 544
1995 287 531
1995 89 736
1995 209 620
