1800 416 826
1800 35 913
1800 441 834
1800 287 1116
1800 260 566
1800 309 658
1800 386 802
1800 234 57
1800 218 632
1800 401 825
1800 283 531
1800 284 1123
1800 314 814
1800 444 603
1800 260 500
1800 306 656
1800 433 607
1800 239 530
1800 301 569
1805 375 808
1805 436 837
1805 256 570
1805 292 660
1805 367 823
1805 365 804
1805 231 55
1805 216 624
1805 397 827
1805 282 530
1805 273 1173
1805 264 1142
1805 458 634
1805 259 500
1805 308 664
1805 428 609
1805 238 536
1805 300 569
1810 361 840
1810 259 566
1810 300 669
1810 361 843
1810 258 27
1810 217 630
1810 406 858
1810 281 529
1810 263 1232
1810 252 1177
1810 464 631
1810 259 499
1810 304 665
1810 458 635
1810 295 828
1810 240 530
1810 299 571
1815 392 854
1815 259 566
1815 304 665
1815 358 834
1815 218 627
1815 396 855
1815 281 530
1815 236 1201
1815 461 622
1815 259 499
1815 299 669
1815 460 620
1815 240 532
1815 300 569
1820 408 639
1820 419 840
1820 260 569
1820 309 664
1820 372 843
1820 217 626
1820 418 836
1820 284 528
1820 220 1249
1820 461 666
1820 260 499
1820 304 658
1820 451 647
1820 239 534
1820 300 568
1820 421 385
1825 409 642
1825 352 837
1825 261 569
1825 283 671
1825 213 1308
1825 378 853
1825 217 626
1825 420 836
1825 284 530
1825 279 603
1825 215 1316
1825 447 643
1825 259 500
1825 303 667
1825 404 510
1825 274 860
1825 239 533
1825 300 568
1825 408 362
1830 436 637
1830 261 569
1830 308 666
1830 213 1352
1830 369 846
1830 217 628
1830 401 841
1830 38 909
1830 281 531
1830 442 645
1830 260 501
1830 310 666
1830 388 508
1830 288 876
1830 240 530
1830 299 571
1830 393 344
1835 402 656
1835 262 574
1835 277 663
1835 380 849
1835 218 626
1835 400 851
1835 279 521
1835 430 657
1835 261 500
1835 311 680
1835 378 501
1835 298 855
1835 241 536
1835 300 568
1835 26 403
1835 386 323
1840 392 655
1840 321 865
1840 258 566
1840 277 672
1840 375 851
1840 217 627
1840 411 831
1840 283 526
1840 375 857
1840 422 652
1840 260 502
1840 307 669
1840 316 863
1840 240 534
1840 299 568
1840 370 298
1845 385 650
1845 332 862
1845 264 566
1845 285 654
1845 356 886
1845 217 626
1845 379 857
1845 361 607
1845 285 527
1845 355 497
1845 259 501
1845 305 654
1845 240 534
1845 300 568
1845 352 265
1850 382 652
1850 352 827
1850 405 825
1850 264 568
1850 306 665
1850 382 861
1850 383 852
1850 217 626
1850 405 817
1850 363 594
1850 287 528
1850 283 604
1850 345 491
1850 259 501
1850 299 671
1850 240 531
1850 301 567
1850 338 236
1855 390 680
1855 328 207
1855 339 859
1855 260 558
1855 307 667
1855 386 857
1855 381 858
1855 218 628
1855 389 852
1855 369 556
1855 286 527
1855 341 492
1855 259 503
1855 303 673
1855 237 532
1855 297 570
1855 326 208
1860 378 700
1860 353 830
1860 263 568
1860 309 669
1860 386 862
1860 218 630
1860 388 857
1860 373 560
1860 286 527
1860 279 656
1860 343 497
1860 258 503
1860 305 670
1860 241 532
1860 300 571
1860 313 182
1865 380 715
1865 310 149
1865 344 841
1865 263 562
1865 307 667
1865 386 859
1865 218 627
1865 385 862
1865 348 518
1865 286 526
1865 345 507
1865 469 517
1865 274 501
1865 303 667
1865 373 551
1865 240 535
1865 302 567
1870 350 818
1870 261 567
1870 299 655
1870 383 861
1870 345 740
1870 215 623
1870 394 830
1870 374 531
1870 284 521
1870 351 512
1870 477 463
1870 271 496
1870 303 658
1870 374 532
1870 242 531
1870 301 560
1875 354 803
1875 264 572
1875 301 661
1875 373 859
1875 346 747
1875 217 624
1875 383 856
1875 377 520
1875 281 507
1875 350 512
1875 475 457
1875 275 496
1875 300 664
1875 378 518
1875 241 532
1875 298 565
1875 472 429
1880 329 751
1880 259 565
1880 303 661
1880 369 836
1880 332 747
1880 218 624
1880 389 837
1880 376 516
1880 286 526
1880 466 436
1880 314 722
1880 347 513
1880 471 440
1880 266 493
1880 301 672
1880 311 672
1880 377 511
1880 238 531
1880 301 566
1880 431 502
1885 351 856
1885 260 564
1885 294 608
1885 366 825
1885 217 624
1885 386 855
1885 377 503
1885 286 527
1885 345 510
1885 258 498
1885 287 727
1885 311 665
1885 370 495
1885 239 532
1885 301 567
1885 464 415
1890 344 840
1890 262 560
1890 296 658
1890 351 830
1890 218 630
1890 379 854
1890 370 494
1890 286 527
1890 347 517
1890 256 495
1890 273 752
1890 312 659
1890 273 739
1890 395 521
1890 239 533
1890 299 568
1890 463 414
1895 349 857
1895 257 567
1895 291 674
1895 380 854
1895 218 627
1895 383 855
1895 73 778
1895 390 502
1895 279 528
1895 364 478
1895 257 498
1895 307 667
1895 253 722
1895 391 499
1895 238 534
1895 298 563
1895 23 363
1895 446 397
1900 355 830
1900 260 562
1900 297 666
1900 353 834
1900 360 832
1900 228 699
1900 216 633
1900 390 833
1900 84 748
1900 288 527
1900 348 498
1900 461 823
1900 263 501
1900 313 660
1900 376 496
1900 241 533
1900 300 567
1900 427 448
1905 347 835
1905 447 847
1905 267 579
1905 306 660
1905 391 868
1905 211 636
1905 398 830
1905 91 741
1905 455 1046
1905 354 519
1905 287 529
1905 213 705
1905 342 465
1905 457 747
1905 264 502
1905 306 667
1905 366 494
1905 241 530
1905 300 571
1905 427 376
1905 427 375
1910 355 836
1910 444 744
1910 197 672
1910 259 571
1910 298 651
1910 377 859
1910 381 857
1910 217 626
1910 404 829
1910 65 722
1910 340 472
1910 280 524
1910 333 461
1910 25 709
1910 331 454
1910 447 744
1910 265 503
1910 306 671
1910 342 505
1910 241 530
1910 295 576
1910 421 374
1910 419 370
1915 420 736
1915 377 852
1915 396 863
1915 259 574
1915 301 658
1915 185 650
1915 417 372
1915 381 862
1915 375 857
1915 215 633
1915 419 782
1915 80 707
1915 398 392
1915 279 524
1915 321 446
1915 272 1263
1915 276 578
1915 16 603
1915 343 477
1915 458 739
1915 262 503
1915 302 661
1915 375 553
1915 239 532
1915 294 581
1915 188 637
1915 399 393
1920 383 728
1920 390 753
1920 408 903
1920 264 558
1920 301 659
1920 373 863
1920 350 815
1920 217 630
1920 409 777
1920 78 681
1920 280 524
1920 312 461
1920 156 638
1920 408 908
1920 12 519
1920 393 539
1920 456 709
1920 262 501
1920 301 588
1920 393 543
1920 238 530
1920 303 572
1920 297 439
1920 180 611
1920 382 369
1925 367 807
1925 399 894
1925 170 567
1925 264 555
1925 300 665
1925 374 861
1925 361 734
1925 217 625
1925 407 832
1925 79 658
1925 284 523
1925 14 492
1925 429 717
1925 263 501
1925 303 665
1925 407 554
1925 241 532
1925 301 571
1925 32 280
1925 289 439
1925 173 576
1925 385 348
1930 138 581
1930 393 824
1930 368 855
1930 387 940
1930 161 543
1930 266 440
1930 261 564
1930 285 671
1930 395 310
1930 375 864
1930 339 750
1930 216 621
1930 392 845
1930 275 535
1930 136 577
1930 14 466
1930 259 509
1930 303 674
1930 413 562
1930 240 533
1930 300 568
1930 289 463
1930 164 545
1930 392 305
1935 130 547
1935 373 742
1935 354 846
1935 381 976
1935 157 520
1935 249 437
1935 266 567
1935 295 662
1935 443 347
1935 366 831
1935 217 628
1935 397 822
1935 283 522
1935 313 727
1935 130 547
1935 354 886
1935 261 497
1935 312 693
1935 307 672
1935 423 569
1935 241 531
1935 301 567
1935 287 466
1935 395 297
1940 390 269
1940 126 517
1940 395 837
1940 350 815
1940 256 474
1940 263 565
1940 282 673
1940 428 326
1940 384 874
1940 355 731
1940 216 623
1940 394 853
1940 458 876
1940 285 525
1940 469 288
1940 358 861
1940 18 727
1940 470 881
1940 253 502
1940 307 670
1940 423 570
1940 239 531
1940 356 985
1940 300 568
1940 438 333
1940 385 265
1945 119 495
1945 390 252
1945 348 836
1945 266 572
1945 296 683
1945 419 284
1945 367 863
1945 353 828
1945 217 623
1945 396 830
1945 286 527
1945 222 434
1945 354 998
1945 26 404
1945 253 476
1945 307 705
1945 305 676
1945 257 745
1945 237 534
1945 361 1012
1945 302 563
1945 459 278
1945 391 253
1945 414 282
1945 117 495
1950 114 469
1950 201 436
1950 395 831
1950 380 226
1950 348 839
1950 426 905
1950 254 571
1950 295 675
1950 404 247
1950 378 867
1950 343 857
1950 229 722
1950 216 628
1950 392 864
1950 442 921
1950 286 528
1950 455 230
1950 244 752
1950 344 1025
1950 37 577
1950 261 501
1950 282 719
1950 304 676
1950 238 752
1950 420 572
1950 242 520
1950 326 1032
1950 301 565
1950 41 274
1950 359 252
1950 451 240
1950 120 436
1955 375 212
1955 57 883
1955 393 850
1955 175 444
1955 254 566
1955 302 675
1955 430 231
1955 356 844
1955 350 834
1955 202 741
1955 208 649
1955 380 856
1955 285 527
1955 454 194
1955 28 632
1955 263 501
1955 319 616
1955 443 563
1955 232 474
1955 301 569
1955 29 390
1955 369 205
1955 449 198
1960 336 207
1960 341 851
1960 425 963
1960 305 1073
1960 117 390
1960 194 739
1960 254 578
1960 304 670
1960 414 223
1960 376 864
1960 352 845
1960 213 631
1960 384 856
1960 287 528
1960 41 526
1960 265 501
1960 300 680
1960 425 550
1960 222 472
1960 301 567
1960 92 410
1960 416 220
1960 369 203
1965 385 215
1965 208 481
1965 362 170
1965 344 878
1965 411 998
1965 293 1094
1965 117 346
1965 265 549
1965 302 668
1965 376 834
1965 214 629
1965 215 631
1965 390 847
1965 426 970
1965 286 528
1965 293 1086
1965 264 501
1965 306 665
1965 414 552
1965 243 531
1965 150 746
1965 301 566
1965 92 377
1965 396 199
1965 360 183
1965 124 391
1970 377 120
1970 88 455
1970 397 825
1970 354 145
1970 372 992
1970 113 316
1970 260 566
1970 303 669
1970 388 854
1970 213 630
1970 395 825
1970 419 998
1970 286 528
1970 291 1122
1970 276 1109
1970 26 395
1970 263 502
1970 305 663
1970 386 541
1970 241 536
1970 135 740
1970 370 1005
1970 301 563
1970 88 361
1975 112 451
1975 329 145
1975 352 840
1975 389 863
1975 260 568
1975 304 664
1975 388 855
1975 351 817
1975 216 627
1975 394 816
1975 406 1013
1975 286 528
1975 282 1143
1975 283 1141
1975 358 1006
1975 27 400
1975 264 501
1975 340 642
1975 390 497
1975 239 529
1975 300 569
1975 94 317
1980 351 837
1980 395 841
1980 384 1035
1980 263 566
1980 294 659
1980 387 857
1980 350 822
1980 217 623
1980 394 827
1980 79 755
1980 443 1014
1980 285 528
1980 267 1173
1980 245 1151
1980 239 1251
1980 363 1021
1980 83 283
1980 368 482
1980 264 504
1980 324 627
1980 369 483
1980 237 534
1980 300 565
1980 86 320
1980 317 121
1985 78 394
1985 299 107
1985 352 836
1985 435 906
1985 338 1106
1985 263 565
1985 287 667
1985 387 860
1985 351 824
1985 211 632
1985 395 831
1985 64 752
1985 284 527
1985 235 1168
1985 383 1110
1985 74 301
1985 358 465
1985 361 438
1985 264 502
1985 310 596
1985 242 533
1985 303 568
1985 73 394
1985 110 248
1990 359 62
1990 352 832
1990 414 939
1990 336 1079
1990 263 566
1990 304 669
1990 388 857
1990 348 823
1990 209 620
1990 394 826
1990 100 727
1990 441 1129
1990 276 519
1990 359 431
1990 221 1192
1990 360 1105
1990 56 271
1990 357 427
1990 263 502
1990 302 619
1990 241 531
1990 368 1095
1990 301 571
1990 90 380
1990 172 482
1995 354 832
1995 404 962
1995 256 571
1995 305 663
1995 343 388
1995 207 1216
1995 387 856
1995 351 822
1995 212 619
1995 393 828
1995 82 729
1995 442 972
1995 274 527
1995 315 415
1995 268 582
1995 221 1218
1995 53 267
1995 342 387
1995 263 498
1995 305 664
1995 237 539
1995 300 568
1995 94 356
