1800 370 763
1800 440 830
1800 290 1110
1800 260 569
1800 309 661
1800 394 820
1800 235 72
1800 217 633
1800 417 804
1800 284 532
1800 283 1123
1800 316 811
1800 445 610
1800 260 502
1800 307 660
1800 443 605
1800 240 532
1800 300 571
1820 419 833
1820 260 568
1820 309 666
1820 379 846
1820 217 627
1820 417 832
1820 283 529
1820 219 1259
1820 259 500
1820 303 664
1820 453 644
1820 280 849
1820 239 533
1820 300 570
1820 430 397
1840 325 865
1840 259 564
1840 284 669
1840 381 843
1840 217 629
1840 407 826
1840 360 610
1840 283 529
1840 384 848
1840 363 497
1840 422 649
1840 260 503
1840 306 666
1840 241 535
1840 299 570
1860 379 708
1860 352 827
1860 263 569
1860 309 670
1860 391 857
1860 381 854
1860 218 631
1860 395 846
1860 373 558
1860 286 528
1860 346 491
1860 259 503
1860 306 669
1860 242 532
1860 299 571
1860 315 183
1880 330 756
1880 257 566
1880 305 670
1880 374 858
1880 332 752
1880 218 627
1880 387 839
1880 282 527
1880 320 722
1880 349 511
1880 268 495
1880 306 669
1880 305 671
1880 378 511
1880 239 532
1880 301 570
1900 398 837
1900 463 815
1900 262 561
1900 305 664
1900 372 848
1900 358 831
1900 232 716
1900 216 632
1900 399 829
1900 89 751
1900 288 528
1900 351 476
1900 462 820
1900 266 506
1900 304 662
1900 373 494
1900 241 533
1900 302 566
1900 439 403
1920 390 745
1920 356 829
1920 416 902
1920 263 562
1920 302 661
1920 379 860
1920 358 803
1920 218 633
1920 408 822
1920 79 686
1920 283 526
1920 157 639
1920 410 921
1920 14 611
1920 456 708
1920 263 503
1920 291 614
1920 394 542
1920 241 531
1920 303 572
1920 298 439
1920 182 607
1920 380 369
1940 126 514
1940 343 844
1940 263 565
1940 289 672
1940 390 860
1940 350 734
1940 216 626
1940 399 833
1940 285 527
1940 376 933
1940 256 505
1940 302 704
1940 303 665
1940 421 570
1940 240 532
1940 299 570
1940 386 264
1960 396 835
1960 338 207
1960 428 947
1960 120 388
1960 261 566
1960 304 671
1960 384 850
1960 215 630
1960 388 846
1960 453 1095
1960 287 529
1960 42 522
1960 264 503
1960 301 674
1960 425 551
1960 236 527
1960 328 1056
1960 300 570
1960 93 409
1960 339 209
1980 362 89
1980 350 837
1980 391 852
1980 380 1077
1980 263 566
1980 298 660
1980 387 855
1980 351 825
1980 216 625
1980 394 818
1980 91 760
1980 444 1005
1980 285 529
1980 262 1178
1980 248 1158
1980 373 1007
1980 82 281
1980 363 480
1980 264 507
1980 301 573
1980 368 481
1980 240 532
1980 164 714
1980 299 569
1980 85 303
