1800 380 796
1800 447 839
1800 286 1113
1800 260 570
1800 309 657
1800 234 69
1800 218 634
1800 422 817
1800 283 532
1800 284 1106
1800 315 815
1800 448 611
1800 260 502
1800 305 659
1800 443 604
1800 240 532
1800 300 570
1820 258 570
1820 308 664
1820 378 842
1820 217 628
1820 419 835
1820 284 530
1820 220 1230
1820 469 671
1820 260 500
1820 303 653
1820 454 642
1820 278 849
1820 239 534
1820 299 569
1840 429 642
1840 325 868
1840 259 569
1840 280 672
1840 380 315
1840 380 849
1840 218 629
1840 412 832
1840 361 617
1840 283 530
1840 363 501
1840 425 655
1840 260 503
1840 305 675
1840 240 535
1840 299 571
1860 380 703
1860 263 568
1860 308 671
1860 387 862
1860 217 628
1860 392 851
1860 373 557
1860 286 529
1860 342 493
1860 260 504
1860 309 672
1860 241 535
1860 298 572
1860 315 183
1880 260 573
1880 307 670
1880 380 868
1880 332 755
1880 218 626
1880 395 831
1880 372 525
1880 285 529
1880 466 433
1880 312 738
1880 349 513
1880 267 495
1880 315 665
1880 378 511
1880 237 532
1880 300 570
1900 399 840
1900 262 561
1900 310 665
1900 362 845
1900 227 707
1900 216 635
1900 397 838
1900 87 754
1900 288 528
1900 350 479
1900 464 821
1900 266 506
1900 315 661
1900 381 499
1900 241 535
1900 301 575
1900 446 392
1920 393 747
1920 413 908
1920 264 561
1920 301 661
1920 161 643
1920 380 863
1920 218 635
1920 423 796
1920 78 682
1920 281 525
1920 311 465
1920 159 640
1920 418 913
1920 17 509
1920 394 539
1920 455 709
1920 264 504
1920 299 595
1920 394 542
1920 237 532
1920 304 574
1920 297 441
1920 183 610
1920 386 367
1940 125 516
1940 348 844
1940 265 468
1940 262 572
1940 303 661
1940 403 318
1940 388 868
1940 348 742
1940 217 626
1940 399 839
1940 285 529
1940 469 289
1940 372 950
1940 444 338
1940 257 506
1940 305 671
1940 241 531
1940 299 571
1940 387 264
1960 216 471
1960 398 830
1960 341 209
1960 430 952
1960 319 1071
1960 122 382
1960 196 746
1960 258 588
1960 304 670
1960 384 861
1960 212 635
1960 387 861
1960 286 531
1960 464 102
1960 256 728
1960 43 512
1960 264 503
1960 299 688
1960 428 552
1960 240 530
1960 300 572
1960 92 409
1960 430 188
1960 372 206
1960 159 436
1980 376 1003
1980 62 272
1980 260 573
1980 301 660
1980 389 850
1980 351 822
1980 213 626
1980 394 827
1980 83 755
1980 446 1021
1980 285 530
1980 274 1179
1980 245 1150
1980 277 1272
1980 364 1017
1980 83 286
1980 365 481
1980 265 507
1980 323 632
1980 372 483
1980 237 535
1980 165 712
1980 300 568
1980 96 312
1980 372 112
