1800 416 826
1800 35 913
1800 441 834
1800 287 1116
1800 260 566
1800 309 658
1800 386 802
1800 234 57
1800 218 632
1800 401 825
1800 283 531
1800 284 1123
1800 314 814
1800 444 603
1800 260 500
1800 306 656
1800 433 607
1800 239 530
1800 301 569
1820 408 639
1820 419 840
1820 260 569
1820 309 664
1820 372 843
1820 217 626
1820 418 836
1820 284 528
1820 220 1249
1820 461 666
1820 260 499
1820 304 658
1820 451 647
1820 239 534
1820 300 568
1820 421 385
1840 392 655
1840 321 865
1840 258 566
1840 277 672
1840 375 851
1840 217 627
1840 411 831
1840 283 526
1840 375 857
1840 422 652
1840 260 502
1840 307 669
1840 316 863
1840 240 534
1840 299 568
1840 370 298
1860 378 700
1860 353 830
1860 263 568
1860 309 669
1860 386 862
1860 218 630
1860 388 857
1860 373 560
1860 286 527
1860 279 656
1860 343 497
1860 258 503
1860 305 670
1860 241 532
1860 300 571
1860 313 182
1880 329 751
1880 259 565
1880 303 661
1880 369 836
1880 332 747
1880 218 624
1880 389 837
1880 376 516
1880 286 526
1880 466 436
1880 314 722
1880 347 513
1880 471 440
1880 266 493
1880 301 672
1880 311 672
1880 377 511
1880 238 531
1880 301 566
1880 431 502
1900 355 830
1900 260 562
1900 297 666
1900 353 834
1900 360 832
1900 228 699
1900 216 633
1900 390 833
1900 84 748
1900 288 527
1900 348 498
1900 461 823
1900 263 501
1900 313 660
1900 376 496
1900 241 533
1900 300 567
1900 427 448
1920 383 728
1920 390 753
1920 408 903
1920 264 558
1920 301 659
1920 373 863
1920 350 815
1920 217 630
1920 409 777
1920 78 681
1920 280 524
1920 312 461
1920 156 638
1920 408 908
1920 12 519
1920 393 539
1920 456 709
1920 262 501
1920 301 588
1920 393 543
1920 238 530
1920 303 572
1920 297 439
1920 180 611
1920 382 369
1940 390 269
1940 126 517
1940 395 837
1940 350 815
1940 256 474
1940 263 565
1940 282 673
1940 428 326
1940 384 874
1940 355 731
1940 216 623
1940 394 853
1940 458 876
1940 285 525
1940 469 288
1940 358 861
1940 18 727
1940 470 881
1940 253 502
1940 307 670
1940 423 570
1940 239 531
1940 356 985
1940 300 568
1940 438 333
1940 385 265
1960 336 207
1960 341 851
1960 425 963
1960 305 1073
1960 117 390
1960 194 739
1960 254 578
1960 304 670
1960 414 223
1960 376 864
1960 352 845
1960 213 631
1960 384 856
1960 287 528
1960 41 526
1960 265 501
1960 300 680
1960 425 550
1960 222 472
1960 301 567
1960 92 410
1960 416 220
1960 369 203
1980 351 837
1980 395 841
1980 384 1035
1980 263 566
1980 294 659
1980 387 857
1980 350 822
1980 217 623
1980 394 827
1980 79 755
1980 443 1014
1980 285 528
1980 267 1173
1980 245 1151
1980 239 1251
1980 363 1021
1980 83 283
1980 368 482
1980 264 504
1980 324 627
1980 369 483
1980 237 534
1980 300 565
1980 86 320
1980 317 121
