1800 387 793
1800 440 827
1800 284 1117
1800 259 569
1800 308 660
1800 390 812
1800 392 815
1800 238 68
1800 218 630
1800 416 817
1800 282 531
1800 284 1137
1800 313 817
1800 447 615
1800 259 501
1800 308 659
1800 444 602
1800 239 534
1800 300 570
1820 404 830
1820 420 840
1820 260 568
1820 305 666
1820 375 848
1820 217 628
1820 420 833
1820 282 529
1820 224 1257
1820 458 659
1820 259 500
1820 304 662
1820 279 848
1820 239 533
1820 299 570
1820 422 386
1840 422 653
1840 326 865
1840 259 564
1840 283 675
1840 378 852
1840 218 628
1840 394 838
1840 367 498
1840 282 529
1840 422 650
1840 260 503
1840 307 667
1840 322 872
1840 240 536
1840 298 572
1840 366 294
1860 384 706
1860 314 181
1860 352 828
1860 263 568
1860 306 667
1860 386 859
1860 388 867
1860 217 627
1860 393 845
1860 375 556
1860 284 530
1860 286 601
1860 344 492
1860 259 503
1860 306 666
1860 240 534
1860 299 571
1860 315 182
1880 409 853
1880 351 831
1880 257 566
1880 305 668
1880 374 870
1880 334 760
1880 217 624
1880 394 840
1880 378 507
1880 282 529
1880 312 744
1880 20 728
1880 347 510
1880 464 532
1880 266 496
1880 306 668
1880 377 510
1880 238 533
1880 302 569
1900 404 834
1900 465 853
1900 267 563
1900 305 664
1900 382 860
1900 231 719
1900 216 631
1900 399 841
1900 78 758
1900 383 497
1900 287 528
1900 352 477
1900 460 822
1900 264 506
1900 301 659
1900 236 698
1900 378 498
1900 240 534
1900 302 566
1900 436 435
1920 389 744
1920 394 754
1920 410 899
1920 261 566
1920 299 665
1920 379 860
1920 351 805
1920 217 628
1920 413 838
1920 78 682
1920 397 394
1920 281 528
1920 406 396
1920 157 643
1920 406 904
1920 20 597
1920 392 377
1920 457 710
1920 262 503
1920 294 645
1920 395 541
1920 238 532
1920 302 573
1920 299 438
1920 182 608
1920 396 350
1940 125 512
1940 459 872
1940 420 307
1940 347 820
1940 452 1115
1940 263 575
1940 283 676
1940 384 862
1940 350 728
1940 216 624
1940 395 834
1940 462 320
1940 284 527
1940 233 429
1940 377 940
1940 255 510
1940 297 714
1940 304 669
1940 240 532
1940 300 569
1940 385 264
1960 396 843
1960 337 207
1960 346 839
1960 428 948
1960 321 1068
1960 118 387
1960 194 744
1960 258 571
1960 302 671
1960 383 862
1960 349 847
1960 243 710
1960 214 625
1960 388 854
1960 286 530
1960 50 447
1960 475 670
1960 264 503
1960 299 677
1960 248 720
1960 426 554
1960 236 530
1960 330 1065
1960 300 571
1960 91 405
1960 340 215
1980 381 100
1980 349 847
1980 377 1015
1980 374 1045
1980 80 272
1980 261 571
1980 297 666
1980 384 854
1980 351 823
1980 218 626
1980 393 837
1980 80 763
1980 443 1017
1980 365 481
1980 285 529
1980 271 1171
1980 267 1195
1980 250 1179
1980 360 1024
1980 83 291
1980 368 473
1980 264 505
1980 317 606
1980 367 478
1980 237 535
1980 162 716
1980 299 570
1980 85 303
1980 317 127
