1800 388 794
1800 442 828
1800 289 1115
1800 261 569
1800 302 647
1800 391 812
1800 380 796
1800 236 72
1800 218 634
1800 440 825
1800 284 531
1800 282 1140
1800 312 820
1800 446 615
1800 259 503
1800 307 659
1800 445 602
1800 240 533
1800 301 570
1820 456 662
1820 417 836
1820 261 567
1820 303 668
1820 375 848
1820 218 630
1820 421 834
1820 282 530
1820 225 1259
1820 465 670
1820 259 501
1820 303 662
1820 278 852
1820 240 533
1820 300 569
1820 426 392
1840 426 651
1840 325 866
1840 261 565
1840 283 671
1840 378 853
1840 218 630
1840 397 835
1840 361 616
1840 282 530
1840 423 650
1840 261 504
1840 308 671
1840 323 868
1840 240 536
1840 299 570
1840 366 291
1860 382 711
1860 314 182
1860 352 831
1860 263 568
1860 302 661
1860 382 858
1860 406 835
1860 219 634
1860 393 849
1860 375 556
1860 285 530
1860 282 629
1860 345 494
1860 259 504
1860 307 670
1860 241 535
1860 298 571
1860 313 182
1880 329 752
1880 462 1097
1880 260 563
1880 310 670
1880 359 864
1880 335 758
1880 286 80
1880 218 626
1880 402 830
1880 378 508
1880 284 532
1880 310 743
1880 27 764
1880 348 512
1880 468 442
1880 265 497
1880 307 672
1880 378 509
1880 239 533
1880 303 567
1900 461 822
1900 270 559
1900 304 664
1900 382 858
1900 228 728
1900 217 633
1900 401 844
1900 93 768
1900 382 499
1900 287 527
1900 352 501
1900 463 822
1900 266 505
1900 302 664
1900 239 697
1900 378 503
1900 241 535
1900 304 565
1900 434 441
1920 392 746
1920 408 903
1920 308 1309
1920 262 564
1920 299 623
1920 160 651
1920 381 857
1920 365 832
1920 218 630
1920 418 821
1920 79 689
1920 404 389
1920 283 527
1920 314 459
1920 158 644
1920 397 897
1920 457 711
1920 263 504
1920 295 620
1920 394 542
1920 239 532
1920 303 573
1920 300 439
1920 183 611
1920 397 344
1940 127 518
1940 467 867
1940 424 326
1940 347 752
1940 127 521
1940 269 469
1940 264 571
1940 291 669
1940 386 855
1940 350 738
1940 217 627
1940 388 849
1940 453 328
1940 285 526
1940 232 433
1940 381 931
1940 258 509
1940 296 720
1940 307 669
1940 241 532
1940 300 569
1940 386 264
1960 399 832
1960 333 207
1960 348 844
1960 431 949
1960 324 1066
1960 119 392
1960 192 752
1960 260 571
1960 302 672
1960 383 858
1960 374 865
1960 243 705
1960 215 624
1960 390 857
1960 453 1115
1960 286 529
1960 48 458
1960 461 590
1960 264 504
1960 302 673
1960 428 553
1960 236 530
1960 334 1065
1960 300 569
1960 92 410
1960 352 218
1960 159 443
1980 386 110
1980 348 854
1980 378 887
1980 378 1045
1980 91 434
1980 263 571
1980 295 664
1980 385 850
1980 352 825
1980 217 631
1980 395 833
1980 82 766
1980 443 1017
1980 286 529
1980 271 1172
1980 256 1178
1980 242 1151
1980 361 1028
1980 86 300
1980 369 479
1980 466 879
1980 264 506
1980 307 585
1980 373 481
1980 237 536
1980 158 721
1980 300 569
1980 84 301
1980 343 129
