1800 416 821
1800 415 830
1800 256 549
1800 215 643
1800 406 832
1800 274 530
1800 443 636
1800 253 510
1800 300 641
1800 235 527
1800 300 569
1820 256 547
1820 216 631
1820 424 846
1820 282 528
1820 258 498
1820 315 677
1820 239 536
1820 300 575
1840 415 685
1840 262 585
1840 218 631
1840 283 531
1840 254 503
1840 290 658
1840 232 544
1840 299 569
1860 376 717
1860 253 558
1860 216 628
1860 403 849
1860 277 529
1860 252 506
1860 300 654
1860 237 544
1860 300 574
1880 255 573
1880 216 630
1880 400 851
1880 292 526
1880 12 739
1880 345 519
1880 259 506
1880 306 645
1880 404 948
1880 236 532
1880 303 576
1900 453 853
1900 255 552
1900 213 645
1900 404 841
1900 355 472
1900 290 530
1900 10 645
1900 334 502
1900 460 824
1900 251 511
1900 309 656
1900 239 519
1900 79 752
1900 303 578
1920 371 796
1920 370 862
1920 87 710
1920 397 864
1920 258 561
1920 211 648
1920 409 840
1920 291 534
1920 19 523
1920 311 475
1920 255 505
1920 304 667
1920 227 550
1920 148 666
1920 302 577
1940 255 558
1940 211 627
1940 291 526
1940 250 493
1940 318 674
1940 228 552
1940 301 584
1940 364 289
1940 135 497
1960 368 175
1960 385 1011
1960 261 583
1960 204 634
1960 288 532
1960 214 476
1960 27 562
1960 263 503
1960 305 669
1960 219 466
1960 300 572
1960 88 405
1980 381 858
1980 392 858
1980 269 1191
1980 250 564
1980 377 856
1980 214 613
1980 397 850
1980 285 529
1980 252 1156
1980 244 1157
1980 55 324
1980 257 513
1980 137 721
1980 297 574
