1800 370 763
1800 441 832
1800 285 1116
1800 260 568
1800 309 662
1800 390 812
1800 237 71
1800 218 634
1800 423 809
1800 284 530
1800 281 1137
1800 314 812
1800 445 607
1800 260 500
1800 307 659
1800 441 605
1800 240 532
1800 301 570
1820 415 634
1820 421 840
1820 259 568
1820 310 664
1820 381 847
1820 218 629
1820 421 835
1820 284 529
1820 219 1234
1820 260 499
1820 303 655
1820 454 641
1820 278 851
1820 239 533
1820 300 567
1820 421 385
1840 428 647
1840 326 863
1840 260 563
1840 280 671
1840 383 844
1840 218 630
1840 399 839
1840 283 528
1840 364 500
1840 429 647
1840 261 501
1840 307 666
1840 322 862
1840 241 533
1840 299 568
1860 382 701
1860 352 825
1860 34 918
1860 264 567
1860 309 668
1860 389 860
1860 218 629
1860 393 847
1860 375 557
1860 286 528
1860 281 652
1860 344 494
1860 260 501
1860 306 665
1860 241 532
1860 300 568
1860 315 182
1880 258 564
1880 309 665
1880 371 862
1880 329 759
1880 219 625
1880 388 839
1880 378 515
1880 285 527
1880 318 741
1880 348 513
1880 467 437
1880 267 495
1880 308 745
1880 306 667
1880 378 509
1880 238 532
1880 302 568
1900 403 827
1900 461 824
1900 262 566
1900 310 666
1900 364 846
1900 360 827
1900 226 700
1900 216 631
1900 398 835
1900 90 755
1900 288 526
1900 352 491
1900 462 821
1900 266 505
1900 306 660
1900 228 683
1900 378 498
1900 241 533
1900 302 562
1900 434 447
1920 390 747
1920 408 902
1920 264 562
1920 303 661
1920 179 611
1920 380 862
1920 219 634
1920 418 814
1920 79 685
1920 283 525
1920 159 639
1920 405 902
1920 25 660
1920 459 710
1920 263 501
1920 291 620
1920 395 542
1920 240 530
1920 303 569
1920 300 438
1920 185 608
1920 380 368
1940 126 516
1940 348 823
1940 264 568
1940 283 673
1940 387 864
1940 343 755
1940 217 626
1940 399 835
1940 286 526
1940 377 935
1940 260 493
1940 295 720
1940 295 669
1940 240 531
1940 299 569
1940 382 288
1940 127 515
1960 387 853
1960 340 207
1960 428 945
1960 121 381
1960 197 743
1960 260 573
1960 303 670
1960 384 857
1960 216 628
1960 387 856
1960 287 529
1960 57 516
1960 448 579
1960 265 501
1960 298 683
1960 427 552
1960 238 531
1960 325 1059
1960 300 569
1960 94 411
1960 357 216
1960 161 439
1980 355 96
1980 349 848
1980 390 850
1980 374 1076
1980 82 271
1980 264 567
1980 296 660
1980 388 853
1980 351 823
1980 218 625
1980 394 818
1980 88 759
1980 445 1016
1980 286 528
1980 259 1176
1980 250 1156
1980 242 1242
1980 359 1027
1980 85 292
1980 363 483
1980 471 916
1980 265 505
1980 311 592
1980 377 487
1980 239 533
1980 163 720
1980 299 567
1980 86 304
1980 179 491
