1800 373 764
1800 440 828
1800 282 1121
1800 262 569
1800 309 662
1800 398 824
1800 392 830
1800 253 69
1800 218 632
1800 440 827
1800 283 530
1800 283 1145
1800 313 817
1800 447 620
1800 259 501
1800 308 661
1800 441 606
1800 240 535
1800 301 570
1820 412 647
1820 418 842
1820 261 567
1820 305 666
1820 377 848
1820 217 629
1820 420 836
1820 283 529
1820 225 1262
1820 463 661
1820 259 501
1820 303 663
1820 279 853
1820 240 534
1820 300 569
1820 429 395
1840 424 650
1840 327 865
1840 261 563
1840 289 676
1840 377 853
1840 217 629
1840 396 836
1840 282 530
1840 420 650
1840 261 503
1840 306 673
1840 324 867
1840 241 535
1840 299 571
1860 382 711
1860 352 831
1860 40 957
1860 264 569
1860 306 669
1860 385 866
1860 389 871
1860 217 631
1860 390 852
1860 374 556
1860 284 530
1860 344 493
1860 259 504
1860 305 668
1860 471 518
1860 241 535
1860 299 572
1860 314 184
1880 260 568
1880 306 670
1880 377 870
1880 330 776
1880 217 626
1880 396 835
1880 378 508
1880 284 532
1880 327 758
1880 20 723
1880 349 514
1880 464 543
1880 266 497
1880 303 684
1880 305 673
1880 377 514
1880 239 533
1880 302 569
1900 462 824
1900 464 822
1900 265 563
1900 307 643
1900 382 866
1900 229 721
1900 216 632
1900 398 844
1900 88 765
1900 386 499
1900 287 528
1900 353 491
1900 461 820
1900 265 506
1900 300 665
1900 381 503
1900 241 535
1900 303 566
1900 442 401
1920 390 747
1920 407 903
1920 265 572
1920 298 665
1920 161 648
1920 380 859
1920 217 629
1920 415 840
1920 79 683
1920 406 378
1920 284 527
1920 398 368
1920 157 644
1920 409 917
1920 14 612
1920 391 377
1920 457 708
1920 263 504
1920 297 630
1920 395 543
1920 240 532
1920 302 575
1920 299 438
1920 183 609
1920 399 348
1940 126 514
1940 264 576
1940 283 675
1940 387 862
1940 348 742
1940 216 625
1940 386 861
1940 466 306
1940 285 527
1940 369 967
1940 259 506
1940 294 730
1940 303 670
1940 241 535
1940 299 570
1940 386 265
1940 126 520
1960 397 840
1960 338 209
1960 428 948
1960 118 389
1960 194 743
1960 261 575
1960 302 673
1960 387 859
1960 213 628
1960 387 854
1960 286 531
1960 62 448
1960 467 595
1960 264 505
1960 301 672
1960 424 561
1960 240 532
1960 328 1060
1960 300 570
1960 90 408
1960 344 219
1960 158 442
1980 344 854
1980 387 867
1980 385 1045
1980 263 574
1980 297 666
1980 384 858
1980 352 823
1980 217 627
1980 394 830
1980 87 757
1980 444 1017
1980 285 529
1980 270 1172
1980 252 1179
1980 242 1151
1980 361 1027
1980 83 289
1980 364 480
1980 462 875
1980 264 506
1980 315 596
1980 373 483
1980 239 537
1980 162 717
1980 299 571
1980 83 300
