1800 443 841
1800 290 1118
1800 369 766
1800 219 638
1800 409 827
1800 278 540
1800 446 606
1800 258 506
1800 309 672
1800 240 535
1800 301 573
1820 262 590
1820 309 674
1820 372 838
1820 218 631
1820 418 848
1820 284 532
1820 224 1262
1820 419 389
1820 458 656
1820 258 503
1820 241 542
1820 301 577
1840 327 868
1840 280 677
1840 218 632
1840 360 502
1840 284 531
1840 258 510
1840 286 670
1840 242 540
1840 299 572
1860 379 708
1860 264 593
1860 311 680
1860 352 831
1860 219 638
1860 399 847
1860 287 530
1860 341 506
1860 256 509
1860 302 667
1860 371 553
1860 242 539
1860 298 574
1860 321 191
1880 260 590
1880 300 630
1880 356 847
1880 320 761
1880 218 634
1880 394 839
1880 288 530
1880 346 520
1880 267 503
1880 301 673
1880 375 518
1880 238 536
1880 301 574
1900 257 573
1900 301 667
1900 362 845
1900 217 638
1900 395 835
1900 88 769
1900 289 531
1900 347 508
1900 458 825
1900 258 505
1900 388 496
1900 240 536
1900 298 572
1920 391 748
1920 415 924
1920 266 587
1920 295 669
1920 398 338
1920 365 857
1920 219 638
1920 80 695
1920 282 533
1920 158 656
1920 20 509
1920 329 479
1920 453 727
1920 264 513
1920 393 552
1920 237 539
1920 300 580
1920 39 266
1920 298 443
1920 376 375
1940 127 527
1940 345 862
1940 263 595
1940 290 674
1940 370 843
1940 352 819
1940 218 632
1940 393 839
1940 467 879
1940 439 328
1940 288 530
1940 391 321
1940 258 505
1940 306 681
1940 237 533
1940 299 573
1940 128 525
1940 136 502
1960 392 997
1960 297 1081
1960 259 596
1960 304 681
1960 374 852
1960 207 645
1960 287 532
1960 213 478
1960 262 507
1960 228 491
1960 300 573
1960 91 410
1980 362 851
1980 300 664
1980 391 853
1980 352 836
1980 208 640
1980 392 834
1980 80 766
1980 398 1036
1980 286 531
1980 253 1163
1980 53 290
1980 261 512
1980 298 580
1980 371 495
1980 235 546
1980 152 726
1980 299 573
1980 76 310
