1800 404 825
1800 258 570
1800 311 669
1800 390 805
1800 372 769
1800 235 79
1800 218 632
1800 420 814
1800 283 533
1800 284 1121
1800 448 613
1800 260 503
1800 307 659
1800 240 531
1800 302 570
1820 407 646
1820 422 851
1820 260 569
1820 310 668
1820 372 836
1820 218 629
1820 417 837
1820 284 531
1820 220 1251
1820 466 657
1820 260 501
1820 304 660
1820 279 849
1820 240 534
1820 300 569
1840 390 656
1840 327 868
1840 259 568
1840 279 672
1840 370 863
1840 218 628
1840 403 847
1840 284 530
1840 368 503
1840 261 502
1840 298 674
1840 323 863
1840 241 534
1840 299 570
1840 379 304
1860 383 704
1860 356 832
1860 262 570
1860 311 675
1860 395 848
1860 381 704
1860 219 631
1860 398 845
1860 372 558
1860 287 529
1860 341 494
1860 260 506
1860 321 679
1860 242 536
1860 300 573
1860 317 182
1880 344 846
1880 258 576
1880 306 668
1880 367 834
1880 329 750
1880 218 625
1880 391 833
1880 68 527
1880 376 515
1880 287 528
1880 348 515
1880 269 495
1880 305 668
1880 377 514
1880 239 532
1880 301 571
1880 465 430
1900 260 561
1900 311 669
1900 355 832
1900 233 693
1900 217 631
1900 398 825
1900 73 654
1900 288 528
1900 350 481
1900 469 816
1900 266 509
1900 300 673
1900 391 499
1900 242 535
1900 308 574
1900 439 389
1920 389 743
1920 415 918
1920 181 606
1920 266 562
1920 299 666
1920 377 862
1920 219 633
1920 416 802
1920 80 687
1920 283 527
1920 328 479
1920 454 706
1920 266 507
1920 292 595
1920 394 546
1920 241 531
1920 304 573
1920 46 254
1920 297 439
1920 184 612
1920 400 340
1940 127 523
1940 361 728
1940 342 810
1940 263 590
1940 288 673
1940 388 866
1940 338 753
1940 218 626
1940 402 835
1940 285 528
1940 357 853
1940 472 880
1940 251 521
1940 306 670
1940 239 531
1940 301 570
1940 384 274
1960 371 174
1960 344 211
1960 342 853
1960 428 957
1960 194 742
1960 266 577
1960 305 674
1960 381 842
1960 214 631
1960 394 867
1960 287 531
1960 218 475
1960 40 526
1960 265 503
1960 301 675
1960 239 530
1960 301 571
1960 93 410
1960 376 215
1980 76 412
1980 350 839
1980 260 580
1980 301 659
1980 391 849
1980 218 625
1980 394 829
1980 401 1034
1980 285 531
1980 260 1167
1980 234 1248
1980 360 1006
1980 82 297
1980 368 479
1980 264 509
1980 313 606
1980 368 484
1980 239 536
1980 160 714
1980 369 1042
1980 301 571
1980 85 300
