1800 389 797
1800 42 909
1800 261 569
1800 309 667
1800 218 635
1800 426 817
1800 282 535
1800 281 1122
1800 446 608
1800 260 504
1800 306 659
1800 240 535
1800 301 572
1820 411 636
1820 42 891
1820 261 571
1820 308 666
1820 376 846
1820 217 630
1820 418 838
1820 284 533
1820 219 1239
1820 464 666
1820 260 503
1820 302 657
1820 240 534
1820 301 574
1840 418 645
1840 327 863
1840 259 569
1840 278 678
1840 373 858
1840 218 631
1840 392 847
1840 283 532
1840 261 505
1840 296 673
1840 242 535
1840 299 572
1860 382 694
1860 350 831
1860 266 574
1860 309 670
1860 386 866
1860 218 634
1860 395 846
1860 286 531
1860 343 497
1860 260 510
1860 299 674
1860 243 537
1860 299 573
1860 317 185
1880 361 788
1880 259 579
1880 299 663
1880 366 844
1880 349 792
1880 218 629
1880 388 837
1880 287 531
1880 347 517
1880 270 499
1880 299 671
1880 376 517
1880 240 534
1880 301 571
1880 465 444
1900 391 834
1900 262 564
1900 305 665
1900 354 833
1900 216 635
1900 392 835
1900 92 763
1900 287 530
1900 347 510
1900 463 820
1900 267 509
1900 301 671
1900 390 500
1900 243 539
1900 299 569
1900 436 388
1920 390 744
1920 353 821
1920 409 909
1920 266 566
1920 298 665
1920 369 863
1920 363 815
1920 218 634
1920 409 776
1920 79 692
1920 282 528
1920 15 509
1920 455 712
1920 266 510
1920 292 592
1920 393 547
1920 243 535
1920 303 574
1920 298 442
1920 187 619
1920 380 371
1940 127 524
1940 346 845
1940 149 502
1940 267 591
1940 289 673
1940 387 870
1940 352 743
1940 217 628
1940 384 863
1940 284 531
1940 378 889
1940 469 866
1940 259 511
1940 303 676
1940 242 537
1940 299 572
1940 378 292
1960 383 838
1960 342 213
1960 343 839
1960 421 960
1960 118 391
1960 192 750
1960 264 584
1960 302 676
1960 380 859
1960 213 633
1960 383 859
1960 287 532
1960 23 607
1960 426 547
1960 265 506
1960 299 677
1960 242 532
1960 300 572
1960 93 415
1960 369 211
1980 350 834
1980 266 573
1980 294 665
1980 156 717
1980 387 858
1980 351 827
1980 212 631
1980 393 831
1980 82 761
1980 444 1010
1980 285 531
1980 262 1175
1980 358 1025
1980 52 291
1980 364 492
1980 265 510
1980 299 578
1980 373 491
1980 240 538
1980 161 721
1980 299 571
1980 83 303
1980 84 307
