1800 375 776
1800 40 912
1800 283 1118
1800 258 570
1800 297 618
1800 384 797
1800 236 79
1800 217 632
1800 416 809
1800 284 529
1800 279 1130
1800 315 811
1800 446 606
1800 260 500
1800 305 654
1800 447 607
1800 238 529
1800 301 569
1820 422 650
1820 258 569
1820 306 661
1820 367 843
1820 217 627
1820 416 834
1820 284 527
1820 215 1247
1820 464 664
1820 259 499
1820 304 654
1820 454 630
1820 278 851
1820 238 533
1820 299 569
1820 431 394
1840 419 653
1840 318 864
1840 258 562
1840 279 664
1840 375 850
1840 217 628
1840 404 830
1840 363 498
1840 282 526
1840 362 497
1840 428 647
1840 259 502
1840 309 661
1840 318 862
1840 240 532
1840 298 567
1840 29 416
1860 378 707
1860 35 932
1860 260 568
1860 308 662
1860 384 862
1860 388 853
1860 218 629
1860 387 856
1860 373 558
1860 285 528
1860 280 655
1860 343 493
1860 259 501
1860 305 668
1860 239 532
1860 299 569
1860 314 180
1880 254 565
1880 300 660
1880 355 848
1880 328 751
1880 218 625
1880 382 849
1880 376 512
1880 284 526
1880 315 729
1880 348 510
1880 469 434
1880 265 495
1880 299 674
1880 307 668
1880 377 510
1880 237 532
1880 300 566
1900 400 832
1900 469 815
1900 258 561
1900 289 643
1900 353 832
1900 361 831
1900 227 708
1900 216 631
1900 397 843
1900 89 763
1900 376 493
1900 287 526
1900 348 478
1900 463 819
1900 258 498
1900 307 666
1900 227 647
1900 374 493
1900 240 532
1900 304 565
1900 441 386
1920 390 743
1920 408 900
1920 262 561
1920 296 649
1920 374 860
1920 359 816
1920 216 631
1920 412 791
1920 79 685
1920 279 520
1920 158 641
1920 409 912
1920 458 711
1920 262 500
1920 292 578
1920 393 541
1920 235 530
1920 302 571
1920 298 438
1920 181 608
1920 381 365
1940 125 512
1940 259 572
1940 284 666
1940 416 307
1940 379 860
1940 348 745
1940 216 622
1940 396 833
1940 447 333
1940 282 518
1940 369 960
1940 474 882
1940 255 498
1940 300 700
1940 305 669
1940 239 529
1940 299 568
1940 384 262
1960 393 843
1960 336 206
1960 421 951
1960 303 1071
1960 120 386
1960 196 732
1960 253 576
1960 303 669
1960 379 842
1960 369 846
1960 210 632
1960 391 843
1960 286 527
1960 24 391
1960 264 501
1960 301 677
1960 428 550
1960 230 498
1960 300 569
1960 93 408
1960 369 202
1980 387 853
1980 373 1069
1980 260 571
1980 292 659
1980 384 855
1980 350 821
1980 214 618
1980 393 822
1980 80 764
1980 260 1168
1980 441 1005
1980 285 527
1980 260 1175
1980 255 1159
1980 275 1304
1980 357 1024
1980 81 276
1980 361 483
1980 470 905
1980 264 505
1980 315 588
1980 370 480
1980 238 532
1980 299 565
1980 83 312
