1800 378 779
1800 441 828
1800 284 1120
1800 261 569
1800 309 659
1800 394 819
1800 372 784
1800 236 76
1800 218 633
1800 441 825
1800 283 530
1800 286 1145
1800 313 819
1800 445 618
1800 258 502
1800 308 660
1800 438 611
1800 240 535
1800 300 570
1820 454 673
1820 421 841
1820 259 569
1820 304 668
1820 376 848
1820 217 629
1820 420 835
1820 282 530
1820 224 1259
1820 462 665
1820 258 501
1820 304 665
1820 278 854
1820 239 534
1820 300 570
1820 423 386
1840 423 652
1840 328 865
1840 259 567
1840 287 673
1840 380 851
1840 406 838
1840 218 630
1840 401 830
1840 365 502
1840 282 529
1840 363 498
1840 422 660
1840 260 503
1840 306 674
1840 324 865
1840 241 536
1840 299 571
1840 362 298
1860 383 712
1860 315 183
1860 352 833
1860 34 928
1860 263 571
1860 307 667
1860 386 863
1860 388 865
1860 217 631
1860 392 849
1860 375 557
1860 284 530
1860 281 625
1860 342 495
1860 259 505
1860 306 670
1860 241 536
1860 299 572
1860 314 183
1880 396 838
1880 329 755
1880 462 1064
1880 258 567
1880 306 672
1880 378 867
1880 328 789
1880 283 93
1880 217 626
1880 395 841
1880 378 512
1880 285 530
1880 325 757
1880 23 733
1880 348 513
1880 462 547
1880 266 497
1880 308 702
1880 307 673
1880 378 512
1880 240 533
1880 302 569
1900 404 835
1900 466 828
1900 264 563
1900 306 663
1900 383 862
1900 384 862
1900 228 724
1900 217 634
1900 400 846
1900 88 766
1900 385 498
1900 287 527
1900 351 489
1900 461 818
1900 265 506
1900 302 666
1900 236 701
1900 378 502
1900 240 535
1900 302 566
1900 432 444
1920 389 747
1920 357 814
1920 413 899
1920 263 572
1920 299 664
1920 160 650
1920 381 856
1920 359 816
1920 217 631
1920 413 805
1920 79 685
1920 394 396
1920 284 527
1920 408 385
1920 158 645
1920 398 903
1920 26 608
1920 384 379
1920 457 712
1920 262 504
1920 293 666
1920 395 543
1920 239 532
1920 303 575
1920 28 380
1920 299 439
1920 182 612
1920 380 374
1940 126 516
1940 460 876
1940 423 327
1940 334 794
1940 459 1160
1940 127 520
1940 263 576
1940 284 676
1940 388 859
1940 347 749
1940 216 625
1940 397 836
1940 462 305
1940 285 527
1940 368 969
1940 468 868
1940 257 511
1940 294 729
1940 298 675
1940 241 533
1940 300 569
1940 386 264
1960 387 833
1960 333 210
1960 347 843
1960 428 947
1960 320 1070
1960 119 392
1960 194 745
1960 259 574
1960 301 673
1960 386 854
1960 367 857
1960 242 713
1960 214 626
1960 387 855
1960 447 1117
1960 286 530
1960 51 506
1960 460 588
1960 264 504
1960 301 676
1960 252 720
1960 424 563
1960 238 533
1960 330 1064
1960 300 571
1960 92 409
1960 339 217
1960 158 444
1980 361 86
1980 350 853
1980 389 912
1980 370 1043
1980 107 466
1980 81 275
1980 263 573
1980 297 668
1980 389 850
1980 352 824
1980 217 630
1980 395 830
1980 87 758
1980 443 1017
1980 364 485
1980 285 529
1980 270 1173
1980 259 1179
1980 250 1164
1980 359 1025
1980 84 290
1980 363 482
1980 471 870
1980 264 506
1980 308 586
1980 372 480
1980 237 538
1980 161 719
1980 299 570
1980 86 308
1980 315 129
