1800 392 812
1800 35 901
1800 440 832
1800 286 1115
1800 261 570
1800 304 652
1800 394 815
1800 236 74
1800 219 633
1800 416 813
1800 283 533
1800 283 1129
1800 314 814
1800 282 661
1800 447 621
1800 260 503
1800 308 660
1800 442 605
1800 240 534
1800 301 570
1820 412 640
1820 419 846
1820 260 568
1820 308 667
1820 372 849
1820 218 629
1820 418 833
1820 283 530
1820 217 1246
1820 461 662
1820 259 502
1820 305 665
1820 280 848
1820 238 536
1820 300 569
1820 433 399
1840 413 655
1840 327 876
1840 259 569
1840 280 670
1840 378 850
1840 218 630
1840 393 850
1840 283 530
1840 364 500
1840 424 650
1840 261 504
1840 305 669
1840 241 536
1840 299 570
1860 382 702
1860 352 829
1860 33 917
1860 263 567
1860 308 669
1860 385 862
1860 402 841
1860 217 632
1860 390 850
1860 374 557
1860 287 529
1860 281 664
1860 341 497
1860 260 505
1860 306 670
1860 473 519
1860 241 537
1860 300 572
1860 315 182
1880 329 751
1880 259 566
1880 305 670
1880 353 857
1880 333 750
1880 219 629
1880 389 835
1880 377 515
1880 283 528
1880 317 743
1880 347 514
1880 464 470
1880 267 496
1880 311 698
1880 304 672
1880 377 512
1880 239 533
1880 302 571
1900 461 823
1900 466 822
1900 264 564
1900 297 622
1900 354 838
1900 231 704
1900 217 631
1900 395 840
1900 90 755
1900 288 528
1900 350 492
1900 460 821
1900 265 509
1900 301 665
1900 378 500
1900 241 536
1900 303 566
1900 435 436
1920 391 747
1920 389 743
1920 408 899
1920 263 561
1920 299 667
1920 373 860
1920 362 842
1920 218 633
1920 413 830
1920 79 687
1920 284 527
1920 158 647
1920 407 911
1920 394 359
1920 457 708
1920 264 506
1920 288 614
1920 394 545
1920 240 532
1920 304 573
1920 299 440
1920 182 610
1920 380 372
1940 127 519
1940 350 853
1940 264 576
1940 287 674
1940 384 859
1940 348 745
1940 217 626
1940 389 863
1940 446 329
1940 286 528
1940 362 968
1940 474 881
1940 259 509
1940 296 723
1940 299 679
1940 240 533
1940 299 570
1940 378 290
1960 337 207
1960 348 836
1960 428 947
1960 319 1075
1960 199 726
1960 258 578
1960 304 673
1960 381 850
1960 215 629
1960 387 853
1960 286 530
1960 66 529
1960 462 578
1960 265 504
1960 298 686
1960 425 557
1960 240 531
1960 331 1057
1960 300 570
1960 92 408
1960 346 216
1960 157 438
1980 372 100
1980 351 839
1980 82 767
1980 387 856
1980 375 1059
1980 265 569
1980 269 1178
1980 295 664
1980 388 855
1980 352 825
1980 219 626
1980 395 823
1980 85 758
1980 444 1014
1980 285 529
1980 268 1174
1980 256 1175
1980 239 1222
1980 361 1021
1980 84 293
1980 362 485
1980 472 901
1980 264 506
1980 309 590
1980 370 485
1980 238 537
1980 158 723
1980 299 570
1980 82 311
