1800 384 793
1800 35 904
1800 285 1118
1800 261 571
1800 309 661
1800 398 825
1800 217 634
1800 434 822
1800 284 531
1800 280 1134
1800 314 817
1800 446 617
1800 260 501
1800 308 659
1800 445 604
1800 240 532
1800 301 570
1820 449 664
1820 36 898
1820 420 848
1820 260 570
1820 308 665
1820 379 844
1820 217 628
1820 421 836
1820 284 530
1820 218 1245
1820 463 661
1820 259 500
1820 302 658
1820 458 655
1820 278 852
1820 239 534
1820 300 570
1820 429 396
1840 429 648
1840 325 867
1840 259 567
1840 282 678
1840 380 848
1840 217 630
1840 397 846
1840 364 501
1840 283 530
1840 426 654
1840 260 502
1840 306 667
1840 323 864
1840 241 535
1840 299 571
1860 382 706
1860 353 828
1860 34 919
1860 263 568
1860 308 669
1860 390 855
1860 392 850
1860 218 631
1860 394 848
1860 374 556
1860 287 528
1860 343 494
1860 260 504
1860 306 672
1860 241 532
1860 300 569
1860 314 181
1880 259 564
1880 308 667
1880 377 869
1880 332 753
1880 218 625
1880 377 514
1880 284 527
1880 325 752
1880 347 513
1880 267 495
1880 305 673
1880 377 513
1880 238 533
1880 301 568
1900 458 831
1900 472 830
1900 263 561
1900 298 666
1900 376 865
1900 229 725
1900 216 631
1900 398 839
1900 90 762
1900 389 496
1900 288 527
1900 349 494
1900 463 822
1900 266 506
1900 300 660
1900 381 502
1900 241 534
1900 301 564
1900 442 390
1920 387 746
1920 407 902
1920 264 562
1920 300 658
1920 170 628
1920 374 863
1920 353 791
1920 218 632
1920 417 812
1920 77 684
1920 283 526
1920 412 374
1920 157 641
1920 459 712
1920 263 504
1920 289 666
1920 394 544
1920 238 532
1920 304 572
1920 299 438
1920 182 607
1920 379 369
1940 126 519
1940 264 576
1940 285 677
1940 385 862
1940 349 744
1940 216 624
1940 389 862
1940 443 330
1940 287 526
1940 362 962
1940 472 886
1940 259 499
1940 295 665
1940 241 531
1940 299 570
1940 375 288
1960 341 209
1960 428 947
1960 193 746
1960 260 570
1960 304 673
1960 382 853
1960 215 628
1960 385 851
1960 428 975
1960 286 530
1960 43 515
1960 458 581
1960 264 503
1960 299 683
1960 426 555
1960 239 531
1960 331 1057
1960 300 570
1960 92 408
1960 341 209
1960 158 439
1980 352 841
1980 388 856
1980 390 1044
1980 80 301
1980 264 570
1980 294 662
1980 387 854
1980 350 823
1980 217 624
1980 395 828
1980 80 763
1980 445 1017
1980 285 529
1980 262 1186
1980 261 1177
1980 269 1229
1980 357 1025
1980 82 280
1980 360 484
1980 264 506
1980 314 681
1980 368 484
1980 237 536
1980 163 717
1980 299 569
1980 82 317
