1800 288 1131
1800 256 581
1800 309 661
1800 380 797
1800 216 634
1800 419 809
1800 280 535
1800 287 1135
1800 446 606
1800 259 502
1800 306 662
1800 311 818
1800 239 532
1800 300 571
1820 260 583
1820 308 665
1820 375 837
1820 217 629
1820 411 833
1820 283 531
1820 223 1286
1820 456 654
1820 260 499
1820 301 658
1820 278 851
1820 239 534
1820 301 568
1840 318 865
1840 256 579
1840 279 677
1840 217 629
1840 284 530
1840 430 647
1840 259 503
1840 295 677
1840 240 533
1840 298 572
1860 375 695
1860 259 575
1860 310 671
1860 363 677
1860 217 633
1860 397 848
1860 286 530
1860 340 503
1860 257 505
1860 306 672
1860 241 534
1860 298 575
1880 251 587
1880 299 661
1880 371 868
1880 325 742
1880 217 628
1880 401 843
1880 287 527
1880 346 515
1880 465 435
1880 265 496
1880 302 669
1880 376 512
1880 236 532
1880 299 572
1880 471 434
1900 253 559
1900 309 663
1900 370 849
1900 217 633
1900 395 842
1900 84 747
1900 287 528
1900 347 504
1900 465 834
1900 258 499
1900 301 670
1900 390 499
1900 240 534
1900 299 578
1900 442 389
1920 388 744
1920 411 918
1920 264 571
1920 296 660
1920 370 859
1920 217 633
1920 413 798
1920 78 688
1920 279 522
1920 454 743
1920 264 503
1920 292 604
1920 393 542
1920 238 532
1920 299 599
1920 39 268
1920 296 441
1920 182 612
1920 396 337
1940 126 521
1940 259 601
1940 286 674
1940 381 265
1940 386 868
1940 335 754
1940 216 628
1940 399 834
1940 285 527
1940 408 380
1940 470 874
1940 243 531
1940 306 687
1940 238 531
1940 299 571
1940 460 298
1960 332 207
1960 408 962
1960 310 1075
1960 234 606
1960 304 673
1960 380 854
1960 208 635
1960 396 863
1960 286 530
1960 264 503
1960 297 683
1960 228 510
1960 300 572
1960 91 410
1980 355 1020
1980 276 1158
1980 255 586
1980 291 657
1980 386 856
1980 210 632
1980 394 825
1980 82 751
1980 393 1038
1980 285 530
1980 266 1173
1980 234 1317
1980 358 1028
1980 82 280
1980 363 484
1980 264 505
1980 302 585
1980 369 488
1980 237 535
1980 153 712
1980 300 569
1980 80 326
