1800 401 824
1800 440 834
1800 285 1121
1800 260 571
1800 309 661
1800 394 820
1800 239 75
1800 218 634
1800 436 829
1800 283 531
1800 286 1145
1800 313 817
1800 448 643
1800 259 502
1800 308 660
1800 446 601
1800 240 532
1800 301 570
1820 413 640
1820 420 838
1820 260 571
1820 307 664
1820 377 843
1820 217 629
1820 422 835
1820 283 530
1820 225 1269
1820 456 663
1820 259 500
1820 274 852
1820 305 665
1820 277 853
1820 239 532
1820 300 569
1820 435 399
1840 420 648
1840 326 868
1840 260 568
1840 281 675
1840 380 851
1840 218 629
1840 413 828
1840 282 529
1840 364 500
1840 424 650
1840 260 502
1840 309 674
1840 323 872
1840 241 533
1840 299 569
1860 384 702
1860 352 828
1860 34 921
1860 263 570
1860 308 665
1860 388 860
1860 386 864
1860 217 632
1860 396 845
1860 374 557
1860 285 529
1860 343 495
1860 259 503
1860 306 670
1860 242 530
1860 299 572
1860 315 182
1880 349 845
1880 258 568
1880 306 666
1880 372 878
1880 335 754
1880 218 625
1880 400 836
1880 377 510
1880 283 528
1880 319 754
1880 348 514
1880 266 495
1880 307 683
1880 307 672
1880 378 509
1880 238 532
1880 301 569
1900 462 820
1900 464 825
1900 260 565
1900 306 664
1900 380 874
1900 228 709
1900 216 632
1900 399 842
1900 88 761
1900 385 500
1900 288 527
1900 351 497
1900 461 819
1900 266 506
1900 305 665
1900 240 702
1900 381 502
1900 240 534
1900 302 565
1900 442 440
1920 394 745
1920 411 900
1920 262 571
1920 298 667
1920 173 629
1920 381 859
1920 367 822
1920 218 633
1920 415 839
1920 78 684
1920 281 526
1920 313 459
1920 159 643
1920 408 905
1920 458 710
1920 262 503
1920 296 664
1920 395 543
1920 239 530
1920 303 572
1920 299 439
1920 182 610
1920 399 347
1940 127 519
1940 347 840
1940 262 578
1940 289 672
1940 388 861
1940 350 739
1940 217 625
1940 389 861
1940 463 305
1940 283 526
1940 70 592
1940 361 977
1940 257 508
1940 295 728
1940 307 670
1940 241 531
1940 299 569
1940 388 266
1940 147 497
1960 339 208
1960 429 945
1960 322 1069
1960 119 383
1960 195 735
1960 259 575
1960 302 671
1960 383 860
1960 377 866
1960 240 710
1960 214 630
1960 388 858
1960 286 530
1960 65 508
1960 264 502
1960 300 675
1960 427 550
1960 236 532
1960 334 1072
1960 300 569
1960 91 410
1960 346 218
1960 159 441
1980 343 858
1980 378 1017
1980 376 1072
1980 264 569
1980 294 663
1980 386 858
1980 351 823
1980 216 627
1980 395 830
1980 85 761
1980 444 1011
1980 285 528
1980 268 1175
1980 254 1179
1980 364 1029
1980 80 316
1980 362 484
1980 465 905
1980 264 504
1980 325 618
1980 371 482
1980 238 533
1980 159 722
1980 402 1044
1980 300 568
1980 90 313
1980 179 489
