1800 375 769
1800 440 831
1800 286 1114
1800 260 566
1800 310 663
1800 393 815
1800 258 74
1800 218 630
1800 423 820
1800 284 530
1800 286 1130
1800 314 815
1800 446 617
1800 259 501
1800 308 657
1800 444 603
1800 239 531
1800 300 567
1820 422 649
1820 420 838
1820 259 566
1820 308 664
1820 380 849
1820 217 627
1820 418 832
1820 283 528
1820 220 1229
1820 463 850
1820 258 499
1820 306 660
1820 278 852
1820 239 532
1820 299 567
1820 435 411
1840 423 650
1840 327 866
1840 260 559
1840 288 672
1840 382 848
1840 218 628
1840 403 832
1840 361 616
1840 282 528
1840 365 501
1840 427 652
1840 260 501
1840 311 673
1840 322 865
1840 241 532
1840 298 566
1840 368 302
1860 382 700
1860 353 827
1860 37 917
1860 262 566
1860 307 666
1860 390 859
1860 389 860
1860 217 628
1860 396 843
1860 374 556
1860 285 529
1860 296 664
1860 345 495
1860 259 502
1860 306 669
1860 242 530
1860 301 569
1860 315 181
1880 395 830
1880 259 561
1880 307 666
1880 383 864
1880 331 773
1880 218 622
1880 398 828
1880 433 504
1880 283 527
1880 467 431
1880 328 751
1880 348 513
1880 469 439
1880 266 494
1880 309 734
1880 306 671
1880 378 508
1880 238 531
1880 302 567
1900 402 830
1900 261 562
1900 304 663
1900 383 861
1900 227 699
1900 216 629
1900 400 832
1900 85 751
1900 428 452
1900 287 527
1900 352 474
1900 461 820
1900 261 500
1900 308 667
1900 236 679
1900 378 499
1900 240 532
1900 303 560
1900 434 446
1920 391 744
1920 409 896
1920 263 559
1920 299 666
1920 380 860
1920 352 817
1920 219 634
1920 413 795
1920 78 681
1920 280 525
1920 313 460
1920 158 638
1920 458 711
1920 261 500
1920 296 610
1920 394 544
1920 238 530
1920 303 570
1920 299 439
1920 183 606
1920 378 370
1940 126 515
1940 460 880
1940 409 308
1940 350 732
1940 263 566
1940 293 668
1940 390 861
1940 347 751
1940 216 622
1940 399 836
1940 284 526
1940 370 964
1940 260 489
1940 296 725
1940 308 666
1940 241 530
1940 299 568
1940 388 269
1960 396 845
1960 337 208
1960 350 834
1960 428 945
1960 323 1067
1960 119 383
1960 196 739
1960 261 565
1960 304 668
1960 388 860
1960 368 857
1960 245 706
1960 215 628
1960 389 857
1960 453 1123
1960 286 529
1960 51 508
1960 49 516
1960 458 596
1960 264 501
1960 301 675
1960 426 551
1960 236 527
1960 331 1052
1960 300 568
1960 92 405
1960 350 215
1960 158 438
1980 368 103
1980 349 837
1980 384 867
1980 371 1039
1980 106 459
1980 58 261
1980 265 562
1980 297 659
1980 389 847
1980 351 823
1980 218 625
1980 393 818
1980 87 756
1980 444 1015
1980 285 528
1980 273 1169
1980 263 1172
1980 358 1019
1980 87 330
1980 362 483
1980 461 901
1980 264 503
1980 323 616
1980 368 482
1980 238 532
1980 166 718
1980 404 1017
1980 300 565
1980 85 304
1980 318 127
