1800 391 808
1800 441 834
1800 289 1116
1800 259 570
1800 311 665
1800 390 812
1800 237 74
1800 218 632
1800 416 809
1800 285 530
1800 284 1139
1800 314 817
1800 446 608
1800 260 502
1800 308 660
1800 443 605
1800 240 533
1800 301 570
1820 413 632
1820 418 838
1820 259 569
1820 311 665
1820 376 847
1820 217 629
1820 417 834
1820 284 528
1820 216 1255
1820 260 500
1820 303 659
1820 454 637
1820 239 534
1820 300 568
1820 423 385
1840 414 654
1840 326 879
1840 259 561
1840 280 676
1840 379 849
1840 217 629
1840 400 843
1840 283 528
1840 363 499
1840 421 662
1840 260 504
1840 310 664
1840 324 868
1840 240 534
1840 299 570
1860 381 695
1860 353 829
1860 262 568
1860 311 668
1860 387 865
1860 217 628
1860 392 854
1860 374 557
1860 287 527
1860 343 494
1860 260 503
1860 304 674
1860 240 533
1860 301 570
1860 314 183
1880 345 842
1880 259 564
1880 307 662
1880 375 861
1880 332 744
1880 218 628
1880 385 836
1880 378 510
1880 286 528
1880 310 739
1880 361 518
1880 268 494
1880 299 700
1880 306 673
1880 377 510
1880 238 532
1880 303 568
1900 463 816
1900 260 561
1900 309 666
1900 357 843
1900 230 717
1900 216 632
1900 394 833
1900 87 752
1900 289 527
1900 352 476
1900 463 820
1900 266 505
1900 302 665
1900 374 495
1900 241 534
1900 305 564
1900 429 442
1920 391 743
1920 355 844
1920 412 904
1920 262 562
1920 302 662
1920 379 863
1920 218 633
1920 412 790
1920 78 682
1920 283 525
1920 159 643
1920 410 923
1920 457 712
1920 264 503
1920 291 604
1920 394 542
1920 239 530
1920 304 573
1920 299 441
1920 183 607
1920 381 368
1940 126 519
1940 346 856
1940 263 566
1940 291 669
1940 387 864
1940 352 732
1940 217 625
1940 385 862
1940 287 526
1940 359 863
1940 258 502
1940 295 722
1940 302 669
1940 422 566
1940 240 531
1940 301 569
1940 386 264
1960 339 207
1960 345 842
1960 428 946
1960 307 1079
1960 121 383
1960 195 748
1960 257 570
1960 304 669
1960 400 232
1960 383 861
1960 223 664
1960 214 632
1960 386 857
1960 288 528
1960 25 559
1960 265 503
1960 299 678
1960 425 551
1960 238 530
1960 301 569
1960 93 407
1960 430 208
1960 367 201
1980 349 854
1980 390 853
1980 380 1050
1980 262 567
1980 300 657
1980 388 856
1980 351 822
1980 217 625
1980 394 828
1980 81 760
1980 264 1171
1980 445 1017
1980 286 527
1980 262 1179
1980 261 1177
1980 270 1315
1980 368 1018
1980 83 297
1980 364 481
1980 264 505
1980 299 569
1980 370 477
1980 238 534
1980 163 721
1980 300 568
1980 84 311
