1800 380 788
1800 440 832
1800 283 1123
1800 261 570
1800 309 662
1800 394 825
1800 392 816
1800 237 77
1800 218 635
1800 427 824
1800 283 532
1800 283 1140
1800 313 820
1800 446 620
1800 259 503
1800 307 658
1800 444 605
1800 239 536
1800 300 570
1820 420 650
1820 354 688
1820 418 842
1820 260 568
1820 305 665
1820 376 849
1820 218 630
1820 421 836
1820 283 530
1820 222 1258
1820 259 501
1820 303 659
1820 278 851
1820 238 536
1820 300 570
1820 432 397
1840 421 651
1840 324 866
1840 260 566
1840 284 676
1840 379 855
1840 218 629
1840 395 845
1840 365 511
1840 282 529
1840 421 654
1840 260 503
1840 309 673
1840 241 537
1840 299 571
1860 381 712
1860 351 833
1860 33 915
1860 263 569
1860 307 669
1860 387 864
1860 393 845
1860 218 630
1860 389 854
1860 373 559
1860 285 530
1860 342 495
1860 259 504
1860 304 671
1860 473 515
1860 241 537
1860 299 573
1860 314 183
1880 326 770
1880 463 1066
1880 259 567
1880 306 674
1880 372 870
1880 333 755
1880 218 626
1880 396 831
1880 376 515
1880 284 529
1880 325 759
1880 24 770
1880 347 514
1880 267 495
1880 305 671
1880 376 514
1880 238 533
1880 301 571
1900 426 841
1900 463 841
1900 263 564
1900 298 629
1900 382 860
1900 231 717
1900 216 633
1900 397 843
1900 90 768
1900 383 501
1900 287 528
1900 349 502
1900 462 823
1900 265 507
1900 301 673
1900 376 503
1900 240 537
1900 302 566
1900 448 400
1920 392 747
1920 356 814
1920 412 900
1920 322 1309
1920 262 563
1920 294 641
1920 165 649
1920 379 860
1920 358 816
1920 218 634
1920 413 799
1920 79 686
1920 282 527
1920 406 390
1920 159 647
1920 400 897
1920 24 614
1920 461 728
1920 262 504
1920 293 615
1920 394 545
1920 238 533
1920 303 574
1920 299 441
1920 181 614
1920 382 376
1940 127 521
1940 460 876
1940 348 829
1940 451 1115
1940 264 578
1940 285 674
1940 387 864
1940 348 743
1940 217 626
1940 400 836
1940 460 325
1940 284 527
1940 361 976
1940 426 331
1940 255 515
1940 307 671
1940 240 534
1940 299 570
1940 40 396
1940 387 265
1960 393 854
1960 334 208
1960 346 844
1960 429 951
1960 315 1075
1960 195 741
1960 256 581
1960 302 673
1960 380 864
1960 213 630
1960 391 861
1960 452 1103
1960 285 531
1960 65 508
1960 452 588
1960 264 503
1960 300 675
1960 424 562
1960 235 533
1960 329 1066
1960 300 571
1960 92 409
1960 366 203
1980 349 854
1980 82 771
1980 386 881
1980 376 1045
1980 264 571
1980 297 665
1980 386 860
1980 351 828
1980 218 627
1980 393 828
1980 85 761
1980 444 1018
1980 285 529
1980 266 1176
1980 261 1178
1980 249 1161
1980 360 1033
1980 89 289
1980 365 481
1980 466 877
1980 263 506
1980 368 483
1980 237 539
1980 158 723
1980 401 1052
1980 300 570
1980 86 305
1980 322 128
