1800 387 798
1800 38 908
1800 442 838
1800 285 1113
1800 260 569
1800 310 663
1800 389 803
1800 368 762
1800 219 632
1800 424 817
1800 285 533
1800 281 1126
1800 445 610
1800 260 502
1800 307 657
1800 441 607
1800 240 533
1800 302 570
1820 408 636
1820 261 567
1820 309 667
1820 373 844
1820 218 629
1820 418 835
1820 284 531
1820 219 1248
1820 464 658
1820 260 500
1820 307 661
1820 451 645
1820 279 852
1820 239 534
1820 302 570
1820 437 404
1840 417 654
1840 326 867
1840 260 567
1840 281 673
1840 376 851
1840 219 630
1840 396 838
1840 359 611
1840 284 530
1840 374 855
1840 362 500
1840 424 655
1840 260 503
1840 311 671
1840 242 534
1840 300 571
1860 383 704
1860 352 828
1860 264 567
1860 310 669
1860 388 860
1860 383 857
1860 219 633
1860 387 857
1860 374 558
1860 287 528
1860 342 494
1860 259 503
1860 307 670
1860 242 535
1860 301 571
1860 315 182
1880 358 792
1880 261 568
1880 305 663
1880 372 852
1880 340 774
1880 218 629
1880 392 830
1880 376 518
1880 286 528
1880 314 737
1880 348 511
1880 467 439
1880 267 494
1880 305 722
1880 312 667
1880 377 515
1880 239 532
1880 303 570
1900 404 831
1900 263 562
1900 302 665
1900 353 834
1900 234 716
1900 217 633
1900 392 835
1900 86 751
1900 375 494
1900 289 527
1900 348 512
1900 464 829
1900 265 506
1900 314 653
1900 232 678
1900 380 500
1900 241 536
1900 308 572
1900 444 393
1920 390 742
1920 408 903
1920 263 561
1920 298 660
1920 379 860
1920 351 806
1920 219 632
1920 404 769
1920 79 684
1920 287 529
1920 157 641
1920 412 910
1920 15 506
1920 456 713
1920 263 501
1920 301 656
1920 394 543
1920 240 531
1920 305 573
1920 298 442
1920 184 613
1920 382 370
1940 126 518
1940 346 826
1940 264 573
1940 287 674
1940 418 332
1940 386 859
1940 347 750
1940 217 626
1940 393 845
1940 287 527
1940 465 290
1940 360 868
1940 470 883
1940 257 507
1940 301 709
1940 308 668
1940 284 664
1940 240 533
1940 302 569
1940 452 331
1940 386 265
1960 218 476
1960 343 208
1960 342 844
1960 428 948
1960 288 1078
1960 121 387
1960 191 746
1960 261 584
1960 304 672
1960 379 849
1960 244 744
1960 215 632
1960 379 843
1960 288 528
1960 42 512
1960 265 502
1960 300 678
1960 426 553
1960 240 530
1960 301 570
1960 93 410
1960 434 186
1960 374 210
1980 378 97
1980 349 840
1980 387 857
1980 364 1024
1980 264 572
1980 298 660
1980 387 853
1980 350 822
1980 217 627
1980 394 827
1980 78 764
1980 400 1013
1980 287 529
1980 265 1172
1980 244 1150
1980 262 1318
1980 360 1019
1980 83 306
1980 363 484
1980 265 505
1980 312 591
1980 370 483
1980 239 534
1980 162 715
1980 301 569
1980 86 303
