1800 384 794
1800 284 1120
1800 258 570
1800 309 662
1800 369 767
1800 218 633
1800 428 821
1800 283 534
1800 283 1123
1800 445 609
1800 260 503
1800 307 659
1800 240 532
1800 301 569
1820 370 713
1820 422 846
1820 259 567
1820 310 665
1820 371 839
1820 217 627
1820 418 835
1820 284 531
1820 219 1251
1820 462 656
1820 260 501
1820 305 658
1820 278 852
1820 240 532
1820 300 569
1840 412 655
1840 322 868
1840 257 570
1840 280 659
1840 367 860
1840 218 628
1840 283 530
1840 363 499
1840 260 504
1840 303 675
1840 241 534
1840 299 569
1860 378 701
1860 350 831
1860 261 568
1860 309 670
1860 383 859
1860 382 695
1860 219 634
1860 395 847
1860 286 529
1860 341 495
1860 259 507
1860 308 671
1860 241 533
1860 299 572
1860 315 180
1880 376 854
1880 335 811
1880 257 573
1880 303 637
1880 366 840
1880 328 734
1880 218 626
1880 394 826
1880 286 528
1880 347 513
1880 468 434
1880 269 494
1880 306 742
1880 310 668
1880 376 513
1880 239 532
1880 301 569
1900 293 612
1900 355 830
1900 217 632
1900 397 831
1900 87 754
1900 288 529
1900 347 500
1900 470 817
1900 264 506
1900 307 665
1900 389 498
1900 241 535
1900 300 565
1900 441 389
1920 389 744
1920 415 911
1920 263 560
1920 292 636
1920 370 860
1920 218 634
1920 410 782
1920 79 684
1920 283 525
1920 311 464
1920 25 526
1920 452 717
1920 265 508
1920 293 586
1920 394 544
1920 240 531
1920 302 569
1920 42 261
1920 296 440
1920 182 608
1920 401 341
1940 382 264
1940 128 524
1940 345 820
1940 261 571
1940 286 664
1940 353 841
1940 339 747
1940 217 627
1940 400 835
1940 285 528
1940 345 852
1940 477 881
1940 256 501
1940 307 671
1940 241 530
1940 299 569
1940 376 288
1960 370 207
1960 428 949
1960 192 748
1960 260 573
1960 304 672
1960 379 849
1960 214 630
1960 386 857
1960 57 552
1960 287 529
1960 25 363
1960 265 503
1960 302 676
1960 426 552
1960 228 473
1960 300 569
1960 92 411
1960 374 211
1980 349 833
1980 355 1011
1980 261 572
1980 288 630
1980 391 848
1980 212 622
1980 395 826
1980 80 761
1980 400 1035
1980 286 530
1980 260 1168
1980 243 1149
1980 256 1295
1980 359 1026
1980 83 306
1980 360 488
1980 264 507
1980 309 592
1980 367 483
1980 240 533
1980 155 715
1980 301 569
1980 83 311
