1800 384 791
1800 40 904
1800 442 833
1800 291 1110
1800 261 567
1800 307 652
1800 391 815
1800 235 71
1800 218 631
1800 420 813
1800 284 531
1800 284 1125
1800 314 818
1800 282 660
1800 447 618
1800 261 501
1800 307 660
1800 443 605
1800 240 533
1800 301 570
1820 456 657
1820 420 838
1820 260 566
1820 308 666
1820 380 847
1820 217 627
1820 420 835
1820 284 529
1820 221 1232
1820 466 882
1820 260 499
1820 304 665
1820 453 641
1820 279 850
1820 238 534
1820 300 568
1820 434 402
1840 428 646
1840 326 867
1840 260 564
1840 284 673
1840 381 844
1840 218 629
1840 411 831
1840 282 529
1840 277 666
1840 363 499
1840 427 647
1840 260 501
1840 308 676
1840 241 535
1840 299 569
1860 382 700
1860 354 831
1860 41 916
1860 264 567
1860 303 664
1860 389 859
1860 377 853
1860 218 629
1860 395 846
1860 374 558
1860 285 529
1860 280 657
1860 345 495
1860 260 502
1860 307 669
1860 240 534
1860 300 568
1860 314 183
1880 458 1074
1880 259 565
1880 304 663
1880 378 867
1880 334 754
1880 218 626
1880 396 826
1880 377 515
1880 283 526
1880 314 746
1880 349 513
1880 472 442
1880 268 492
1880 306 668
1880 306 671
1880 378 510
1880 238 533
1880 302 568
1900 399 830
1900 463 827
1900 263 561
1900 298 591
1900 381 864
1900 228 704
1900 216 632
1900 397 835
1900 86 750
1900 288 527
1900 351 476
1900 468 816
1900 266 506
1900 308 665
1900 226 676
1900 376 496
1900 241 535
1900 304 565
1900 433 446
1920 391 747
1920 412 898
1920 325 1273
1920 263 564
1920 293 636
1920 380 862
1920 353 802
1920 220 632
1920 416 803
1920 78 682
1920 283 526
1920 158 643
1920 408 910
1920 26 640
1920 394 538
1920 460 720
1920 263 503
1920 291 615
1920 394 543
1920 240 532
1920 304 572
1920 299 439
1920 183 609
1920 392 362
1940 127 516
1940 467 875
1940 264 567
1940 286 674
1940 385 867
1940 349 740
1940 217 626
1940 398 844
1940 455 333
1940 286 526
1940 69 586
1940 379 924
1940 474 889
1940 259 500
1940 301 698
1940 304 670
1940 422 571
1940 240 532
1940 299 570
1940 386 283
1940 145 491
1960 399 837
1960 337 206
1960 429 945
1960 324 1067
1960 118 389
1960 196 724
1960 259 569
1960 302 674
1960 384 863
1960 215 629
1960 393 863
1960 429 955
1960 287 528
1960 45 522
1960 264 502
1960 300 679
1960 426 552
1960 236 530
1960 301 569
1960 92 409
1960 341 215
1980 79 420
1980 453 889
1980 350 838
1980 389 853
1980 371 1092
1980 264 565
1980 296 660
1980 385 858
1980 351 828
1980 218 624
1980 394 820
1980 87 756
1980 443 1005
1980 285 528
1980 263 1175
1980 254 1159
1980 362 1009
1980 77 308
1980 368 478
1980 264 505
1980 370 480
1980 237 536
1980 166 721
1980 300 568
1980 86 312
1980 310 124
