1800 390 806
1800 440 830
1800 284 1122
1800 260 568
1800 308 659
1800 396 827
1800 387 810
1800 237 76
1800 217 635
1800 424 822
1800 284 531
1800 285 1153
1800 313 822
1800 448 624
1800 259 502
1800 308 660
1800 444 604
1800 240 533
1800 301 569
1820 378 843
1820 417 837
1820 260 568
1820 302 675
1820 377 842
1820 217 629
1820 420 833
1820 283 530
1820 227 1277
1820 462 664
1820 259 500
1820 305 664
1820 277 855
1820 239 533
1820 300 569
1820 426 387
1840 426 652
1840 334 906
1840 260 565
1840 284 675
1840 378 851
1840 217 630
1840 396 837
1840 366 501
1840 282 530
1840 421 653
1840 260 502
1840 308 670
1840 323 877
1840 240 536
1840 299 570
1860 384 709
1860 351 833
1860 263 568
1860 306 669
1860 386 860
1860 402 857
1860 217 631
1860 393 851
1860 375 558
1860 285 529
1860 280 665
1860 344 492
1860 260 503
1860 307 667
1860 470 533
1860 241 534
1860 300 572
1860 315 182
1880 352 832
1880 260 566
1880 306 667
1880 363 870
1880 334 764
1880 217 627
1880 397 831
1880 377 511
1880 286 530
1880 325 758
1880 348 511
1880 266 495
1880 311 754
1880 307 671
1880 377 511
1880 239 532
1880 302 569
1900 405 833
1900 263 562
1900 300 653
1900 382 857
1900 231 722
1900 216 633
1900 401 844
1900 88 769
1900 390 495
1900 288 528
1900 352 510
1900 467 809
1900 265 505
1900 302 662
1900 381 503
1900 240 534
1900 302 566
1900 446 403
1920 390 749
1920 408 905
1920 262 568
1920 300 665
1920 379 860
1920 362 825
1920 218 632
1920 414 809
1920 78 686
1920 411 380
1920 283 527
1920 405 392
1920 158 647
1920 457 708
1920 263 503
1920 296 664
1920 394 543
1920 240 532
1920 303 572
1920 299 439
1920 182 608
1920 381 373
1940 126 516
1940 350 836
1940 264 572
1940 284 675
1940 386 859
1940 347 749
1940 216 626
1940 401 833
1940 461 320
1940 286 527
1940 73 515
1940 366 961
1940 257 503
1940 294 732
1940 305 670
1940 241 532
1940 300 569
1940 386 265
1940 127 517
1960 396 828
1960 336 208
1960 351 837
1960 430 954
1960 119 389
1960 194 745
1960 261 570
1960 300 677
1960 384 858
1960 215 627
1960 389 853
1960 447 1111
1960 287 530
1960 52 522
1960 455 591
1960 264 503
1960 299 679
1960 254 719
1960 424 561
1960 239 532
1960 331 1063
1960 300 570
1960 90 411
1960 340 212
1980 353 851
1980 390 942
1980 371 1084
1980 84 281
1980 263 570
1980 297 664
1980 384 855
1980 352 822
1980 217 627
1980 394 835
1980 83 764
1980 443 1016
1980 286 529
1980 270 1172
1980 268 1200
1980 243 1150
1980 361 1034
1980 83 304
1980 365 481
1980 264 505
1980 323 615
1980 371 483
1980 238 535
1980 159 721
1980 300 570
1980 85 306
1980 324 130
