1800 414 823
1800 295 1120
1800 260 562
1800 382 790
1800 364 764
1800 219 634
1800 422 819
1800 283 532
1800 287 1114
1800 278 595
1800 448 611
1800 260 500
1800 306 660
1800 239 527
1800 301 569
1820 415 840
1820 260 563
1820 310 670
1820 376 836
1820 354 830
1820 218 627
1820 416 836
1820 284 530
1820 270 590
1820 224 1255
1820 461 658
1820 260 498
1820 306 658
1820 278 851
1820 240 532
1820 300 567
1840 425 655
1840 326 866
1840 258 564
1840 279 669
1840 371 865
1840 351 832
1840 218 627
1840 285 529
1840 275 662
1840 361 501
1840 260 503
1840 293 656
1840 241 531
1840 299 568
1860 381 692
1860 261 566
1860 353 830
1860 219 632
1860 401 843
1860 287 530
1860 278 653
1860 341 497
1860 259 503
1860 306 664
1860 242 531
1860 300 572
1860 319 185
1880 259 572
1880 298 611
1880 358 838
1880 342 810
1880 218 624
1880 410 846
1880 289 526
1880 348 515
1880 269 496
1880 304 665
1880 377 510
1880 237 529
1880 301 567
1900 403 839
1900 262 549
1900 310 668
1900 360 837
1900 355 828
1900 230 674
1900 217 631
1900 395 832
1900 86 749
1900 288 528
1900 351 475
1900 464 827
1900 258 498
1900 299 673
1900 390 497
1900 239 529
1900 300 565
1900 443 392
1920 391 744
1920 417 910
1920 262 548
1920 302 660
1920 395 343
1920 367 854
1920 351 804
1920 219 632
1920 412 887
1920 83 693
1920 284 528
1920 159 646
1920 284 611
1920 426 913
1920 17 512
1920 453 710
1920 264 501
1920 303 571
1920 394 543
1920 237 530
1920 301 571
1920 297 442
1920 180 610
1920 395 360
1940 126 521
1940 343 769
1940 261 563
1940 289 671
1940 385 265
1940 390 873
1940 350 764
1940 217 627
1940 402 827
1940 288 528
1940 364 865
1940 478 878
1940 254 480
1940 306 670
1940 238 531
1940 300 571
1940 466 307
1960 363 172
1960 344 210
1960 426 959
1960 300 1073
1960 191 746
1960 257 574
1960 304 674
1960 381 853
1960 342 833
1960 215 629
1960 288 530
1960 38 516
1960 264 502
1960 301 677
1960 230 483
1960 301 569
1960 92 407
1960 430 184
1980 395 828
1980 261 564
1980 291 634
1980 392 851
1980 349 824
1980 215 625
1980 393 824
1980 84 748
1980 441 1043
1980 286 530
1980 259 1163
1980 241 1154
1980 231 1280
1980 353 1014
1980 82 305
1980 361 489
1980 469 953
1980 264 505
1980 324 621
1980 371 491
1980 236 532
1980 300 566
1980 81 305
