1800 382 788
1800 439 830
1800 285 1118
1800 263 569
1800 299 637
1800 398 825
1800 393 813
1800 219 635
1800 423 818
1800 284 532
1800 283 1138
1800 314 815
1800 447 620
1800 259 503
1800 308 660
1800 436 609
1800 240 535
1800 301 570
1820 422 650
1820 420 837
1820 261 568
1820 306 665
1820 380 845
1820 219 630
1820 421 833
1820 284 530
1820 224 1263
1820 16 701
1820 463 664
1820 259 501
1820 304 667
1820 277 855
1820 240 533
1820 300 569
1820 426 391
1840 428 648
1840 327 865
1840 262 566
1840 288 676
1840 385 850
1840 218 630
1840 408 822
1840 283 530
1840 362 499
1840 425 659
1840 261 504
1840 310 679
1840 318 871
1840 241 535
1840 300 571
1860 384 706
1860 353 828
1860 265 570
1860 309 666
1860 389 857
1860 401 835
1860 219 633
1860 393 848
1860 375 558
1860 286 530
1860 346 494
1860 260 504
1860 306 676
1860 242 534
1860 302 573
1860 315 183
1880 332 753
1880 262 569
1880 310 669
1880 379 867
1880 335 757
1880 219 630
1880 403 829
1880 377 512
1880 287 530
1880 334 749
1880 22 729
1880 349 515
1880 268 495
1880 307 673
1880 377 514
1880 239 533
1880 302 571
1900 405 831
1900 464 824
1900 267 564
1900 306 663
1900 383 863
1900 231 719
1900 218 632
1900 400 839
1900 92 758
1900 382 497
1900 288 527
1900 352 488
1900 462 817
1900 267 507
1900 303 666
1900 238 698
1900 379 502
1900 241 535
1900 306 565
1900 444 408
1920 392 746
1920 409 901
1920 264 565
1920 299 633
1920 166 630
1920 383 853
1920 367 832
1920 220 636
1920 417 814
1920 80 688
1920 397 388
1920 285 529
1920 316 463
1920 162 643
1920 265 561
1920 394 885
1920 15 509
1920 457 710
1920 265 505
1920 298 664
1920 394 544
1920 242 531
1920 304 572
1920 300 440
1920 185 614
1920 398 346
1940 128 519
1940 462 875
1940 342 761
1940 450 1120
1940 266 577
1940 306 673
1940 390 862
1940 350 737
1940 218 627
1940 388 861
1940 287 527
1940 367 972
1940 261 510
1940 295 725
1940 309 674
1940 243 532
1940 300 569
1940 26 386
1940 389 267
1940 127 517
1960 394 846
1960 338 211
1960 353 831
1960 429 944
1960 120 384
1960 194 738
1960 264 573
1960 304 672
1960 387 860
1960 215 630
1960 390 858
1960 430 967
1960 287 530
1960 40 545
1960 450 580
1960 265 504
1960 300 680
1960 425 559
1960 241 532
1960 333 1065
1960 300 571
1960 93 409
1960 339 215
1960 159 440
1980 350 847
1980 386 868
1980 375 1064
1980 107 461
1980 265 570
1980 299 662
1980 386 856
1980 352 826
1980 218 630
1980 395 830
1980 85 764
1980 444 1014
1980 286 528
1980 268 1176
1980 265 1176
1980 240 1175
1980 361 1032
1980 80 294
1980 367 481
1980 265 505
1980 319 614
1980 375 485
1980 239 535
1980 162 720
1980 404 1019
1980 300 570
1980 89 306
