1800 411 821
1800 262 564
1800 297 625
1800 235 68
1800 218 633
1800 414 817
1800 286 529
1800 446 617
1800 261 501
1800 305 655
1800 239 529
1800 302 569
1820 407 636
1820 260 568
1820 309 666
1820 375 847
1820 217 629
1820 417 839
1820 286 528
1820 220 1230
1820 460 649
1820 260 499
1820 301 647
1820 421 517
1820 278 851
1820 239 531
1820 301 566
1820 436 400
1840 403 651
1840 326 867
1840 259 562
1840 279 666
1840 376 849
1840 218 628
1840 395 853
1840 285 527
1840 428 643
1840 261 502
1840 304 670
1840 241 531
1840 300 568
1860 383 692
1860 264 563
1860 310 669
1860 386 862
1860 218 629
1860 394 848
1860 288 527
1860 342 494
1860 261 503
1860 304 669
1860 242 532
1860 302 570
1860 315 181
1880 258 567
1880 308 666
1880 363 843
1880 329 744
1880 218 626
1880 388 839
1880 289 526
1880 347 511
1880 466 438
1880 269 492
1880 308 665
1880 377 511
1880 239 531
1880 302 569
1900 260 558
1900 304 665
1900 353 832
1900 217 631
1900 396 839
1900 87 752
1900 290 526
1900 347 505
1900 464 822
1900 267 505
1900 311 662
1900 380 501
1900 241 532
1900 308 566
1900 439 386
1920 389 743
1920 416 917
1920 265 557
1920 304 664
1920 376 864
1920 218 631
1920 407 828
1920 77 681
1920 287 529
1920 159 641
1920 15 507
1920 455 706
1920 265 503
1920 295 586
1920 393 544
1920 240 529
1920 304 573
1920 297 439
1920 379 368
1940 126 512
1940 344 855
1940 264 573
1940 291 664
1940 386 862
1940 348 735
1940 217 624
1940 398 839
1940 289 526
1940 362 974
1940 470 885
1940 261 474
1940 306 667
1940 277 663
1940 240 529
1940 303 568
1940 386 262
1960 342 207
1960 428 953
1960 123 381
1960 194 744
1960 263 574
1960 305 671
1960 379 858
1960 215 628
1960 381 859
1960 289 527
1960 45 509
1960 266 502
1960 298 687
1960 425 551
1960 238 527
1960 302 568
1960 93 406
1960 370 201
1980 264 564
1980 299 659
1980 388 857
1980 351 822
1980 218 621
1980 394 826
1980 86 751
1980 400 1023
1980 287 528
1980 267 1165
1980 241 1150
1980 359 1032
1980 80 325
1980 361 484
1980 265 505
1980 311 591
1980 381 491
1980 240 530
1980 302 567
1980 85 302
