1800 392 804
1800 440 825
1800 284 1116
1800 261 566
1800 310 660
1800 391 811
1800 393 812
1800 237 72
1800 218 628
1800 433 822
1800 283 530
1800 281 1129
1800 313 815
1800 445 610
1800 259 501
1800 308 657
1800 445 602
1800 239 534
1800 301 568
1820 455 664
1820 421 839
1820 260 565
1820 303 666
1820 379 847
1820 218 625
1820 418 835
1820 283 528
1820 221 1250
1820 464 661
1820 259 499
1820 304 661
1820 278 853
1820 240 533
1820 299 567
1820 427 388
1840 427 647
1840 326 863
1840 260 561
1840 280 667
1840 381 849
1840 218 627
1840 400 823
1840 282 527
1840 425 649
1840 260 502
1840 311 664
1840 321 869
1840 241 534
1840 299 569
1860 383 704
1860 314 181
1860 352 827
1860 263 567
1860 305 667
1860 387 857
1860 394 845
1860 217 626
1860 393 844
1860 375 555
1860 285 529
1860 283 661
1860 347 491
1860 259 502
1860 307 666
1860 241 533
1860 299 569
1860 314 182
1880 397 836
1880 363 803
1880 260 561
1880 304 664
1880 379 866
1880 336 756
1880 218 623
1880 396 833
1880 378 508
1880 284 528
1880 333 745
1880 23 728
1880 349 512
1880 266 495
1880 306 672
1880 377 509
1880 239 532
1880 302 567
1900 461 824
1900 465 818
1900 262 560
1900 307 663
1900 382 859
1900 228 713
1900 216 629
1900 399 841
1900 90 755
1900 388 496
1900 287 527
1900 351 486
1900 462 817
1900 264 502
1900 306 657
1900 236 693
1900 383 500
1900 240 533
1900 305 555
1900 436 439
1920 390 745
1920 410 902
1920 262 562
1920 300 661
1920 381 856
1920 387 772
1920 217 627
1920 415 810
1920 79 681
1920 408 383
1920 283 525
1920 158 643
1920 402 903
1920 457 706
1920 262 502
1920 294 616
1920 395 542
1920 238 531
1920 303 569
1920 300 438
1920 182 607
1920 396 358
1940 125 514
1940 350 812
1940 263 567
1940 282 672
1940 388 860
1940 350 726
1940 216 623
1940 398 834
1940 286 525
1940 234 430
1940 370 969
1940 256 501
1940 295 724
1940 308 666
1940 240 531
1940 300 568
1940 39 411
1940 386 264
1960 337 207
1960 347 838
1960 428 944
1960 319 1069
1960 118 389
1960 196 742
1960 261 566
1960 302 670
1960 386 857
1960 379 856
1960 242 713
1960 214 625
1960 388 854
1960 287 528
1960 455 580
1960 264 502
1960 301 674
1960 251 713
1960 426 554
1960 237 530
1960 328 1059
1960 300 569
1960 90 407
1960 350 217
1980 348 851
1980 382 862
1980 372 1058
1980 83 272
1980 264 567
1980 297 659
1980 384 855
1980 352 823
1980 218 625
1980 394 835
1980 84 760
1980 444 1011
1980 285 527
1980 270 1170
1980 254 1172
1980 244 1149
1980 360 1026
1980 81 311
1980 370 474
1980 264 504
1980 322 616
1980 375 479
1980 237 535
1980 162 715
1980 300 567
1980 86 299
1980 317 127
