1800 418 814
1800 445 845
1800 299 1114
1800 262 567
1800 220 632
1800 284 533
1800 288 1121
1800 260 503
1800 307 658
1800 242 529
1800 302 571
1820 404 639
1820 268 574
1820 372 840
1820 219 626
1820 419 841
1820 286 532
1820 230 1277
1820 421 384
1820 260 500
1820 308 662
1820 279 848
1820 245 531
1820 301 576
1840 388 654
1840 266 576
1840 219 631
1840 287 530
1840 260 504
1840 296 664
1840 244 533
1840 301 572
1860 381 694
1860 267 568
1860 220 632
1860 403 842
1860 288 530
1860 344 496
1860 259 504
1860 308 669
1860 372 554
1860 245 531
1860 301 575
1860 324 189
1880 269 584
1880 354 837
1880 219 625
1880 292 528
1880 351 511
1880 274 500
1880 307 666
1880 379 506
1880 242 533
1880 306 576
1900 269 563
1900 355 834
1900 219 635
1900 399 831
1900 90 753
1900 289 530
1900 347 471
1900 262 513
1900 308 664
1900 393 497
1900 244 533
1900 310 583
1920 391 741
1920 420 916
1920 272 561
1920 396 331
1920 376 856
1920 220 634
1920 81 686
1920 290 531
1920 160 641
1920 333 476
1920 265 506
1920 302 664
1920 396 541
1920 242 535
1920 315 605
1920 303 442
1920 400 337
1940 267 569
1940 217 624
1940 404 828
1940 291 528
1940 262 503
1940 309 673
1940 242 528
1940 305 577
1940 457 285
1960 414 948
1960 333 1078
1960 278 579
1960 381 845
1960 218 630
1960 289 531
1960 339 204
1960 265 504
1960 302 679
1960 233 517
1960 302 570
1960 93 407
1980 267 574
1980 298 645
1980 392 847
1980 220 628
1980 395 826
1980 444 1004
1980 288 531
1980 270 1171
1980 250 1180
1980 52 262
1980 364 483
1980 264 507
1980 307 666
1980 237 535
1980 301 572
