1800 409 805
1800 293 1109
1800 257 558
1800 290 575
1800 391 802
1800 365 762
1800 232 68
1800 219 631
1800 422 814
1800 283 531
1800 284 1120
1800 448 607
1800 260 499
1800 306 655
1800 238 524
1800 302 568
1820 261 563
1820 298 654
1820 374 836
1820 217 626
1820 413 829
1820 285 530
1820 221 1246
1820 459 637
1820 260 498
1820 304 650
1820 278 850
1820 240 531
1820 300 566
1840 413 643
1840 323 860
1840 253 563
1840 373 850
1840 355 826
1840 218 626
1840 285 528
1840 362 499
1840 260 499
1840 299 662
1840 240 529
1840 299 561
1860 381 687
1860 260 561
1860 291 600
1860 386 859
1860 357 824
1860 218 629
1860 397 826
1860 287 528
1860 274 588
1860 23 720
1860 342 500
1860 259 501
1860 306 666
1860 241 531
1860 301 570
1860 318 179
1880 254 564
1880 291 590
1880 366 835
1880 330 730
1880 218 624
1880 391 826
1880 289 524
1880 251 549
1880 348 514
1880 267 494
1880 293 603
1880 306 660
1880 237 528
1880 301 563
1880 468 435
1900 392 827
1900 256 531
1900 284 595
1900 354 830
1900 352 821
1900 228 668
1900 217 631
1900 393 820
1900 68 646
1900 289 526
1900 350 485
1900 464 818
1900 257 497
1900 304 662
1900 391 497
1900 240 529
1900 301 551
1900 437 386
1920 385 737
1920 418 906
1920 260 552
1920 382 860
1920 381 765
1920 218 630
1920 412 817
1920 78 681
1920 283 524
1920 279 540
1920 15 509
1920 329 492
1920 454 705
1920 265 499
1920 303 570
1920 393 539
1920 237 530
1920 301 568
1920 296 439
1920 398 335
1940 125 518
1940 259 558
1940 296 644
1940 385 263
1940 399 843
1940 348 735
1940 216 623
1940 394 826
1940 71 582
1940 287 527
1940 265 537
1940 356 831
1940 470 876
1940 248 480
1940 307 650
1940 237 529
1940 304 570
1940 435 329
1940 458 299
1960 372 208
1960 429 948
1960 290 1076
1960 255 566
1960 304 673
1960 385 845
1960 345 830
1960 365 174
1960 214 628
1960 388 854
1960 287 528
1960 214 473
1960 43 516
1960 425 546
1960 265 501
1960 300 675
1960 227 473
1960 301 567
1960 92 406
1960 366 174
1980 352 824
1980 262 562
1980 283 604
1980 395 832
1980 352 823
1980 217 617
1980 393 820
1980 399 1025
1980 286 528
1980 267 1168
1980 246 1150
1980 354 1010
1980 82 306
1980 359 486
1980 264 503
1980 301 575
1980 382 484
1980 237 530
1980 301 557
1980 84 306
