1800 375 764
1800 434 830
1800 289 1115
1800 262 564
1800 391 814
1800 369 764
1800 219 633
1800 415 813
1800 284 532
1800 289 1136
1800 447 610
1800 260 503
1800 307 661
1800 444 602
1800 313 817
1800 240 532
1800 302 571
1820 418 839
1820 263 567
1820 311 666
1820 375 848
1820 218 629
1820 416 837
1820 284 531
1820 263 576
1820 227 1272
1820 464 665
1820 260 501
1820 303 661
1820 415 516
1820 277 853
1820 240 534
1820 301 566
1840 427 653
1840 320 869
1840 260 555
1840 282 675
1840 371 867
1840 218 629
1840 399 842
1840 284 529
1840 260 504
1840 299 673
1840 322 872
1840 241 534
1840 298 571
1860 381 704
1860 264 567
1860 312 674
1860 379 857
1860 381 701
1860 219 633
1860 396 844
1860 374 559
1860 287 529
1860 275 633
1860 344 501
1860 259 507
1860 305 672
1860 242 536
1860 300 573
1860 318 182
1880 262 566
1880 306 669
1880 359 844
1880 331 747
1880 218 628
1880 397 837
1880 288 528
1880 255 575
1880 350 514
1880 270 496
1880 305 669
1880 392 521
1880 239 532
1880 301 571
1900 263 552
1900 307 664
1900 355 835
1900 218 632
1900 396 837
1900 88 750
1900 289 528
1900 351 500
1900 468 813
1900 265 508
1900 306 669
1900 391 498
1900 241 535
1900 308 577
1900 445 392
1920 394 742
1920 413 913
1920 263 556
1920 301 656
1920 372 863
1920 219 635
1920 416 798
1920 80 689
1920 285 529
1920 265 560
1920 14 505
1920 455 710
1920 264 507
1920 305 587
1920 394 541
1920 241 532
1920 304 582
1920 297 441
1920 398 343
1940 127 521
1940 147 497
1940 264 567
1940 302 662
1940 385 862
1940 346 738
1940 218 628
1940 396 838
1940 288 528
1940 268 579
1940 352 871
1940 473 883
1940 255 501
1940 307 673
1940 239 533
1940 301 570
1940 375 286
1960 394 835
1960 350 214
1960 420 969
1960 263 575
1960 304 678
1960 374 862
1960 214 632
1960 391 864
1960 287 530
1960 264 504
1960 300 682
1960 425 550
1960 233 523
1960 299 573
1960 93 408
1960 376 213
1980 264 564
1980 300 656
1980 387 859
1980 352 828
1980 216 627
1980 394 828
1980 88 757
1980 402 1032
1980 287 530
1980 264 1174
1980 264 575
1980 361 1029
1980 82 305
1980 374 484
1980 263 508
1980 305 586
1980 379 490
1980 238 534
1980 299 571
1980 95 315
