1800 371 765
1800 40 908
1800 442 837
1800 294 1111
1800 259 572
1800 311 666
1800 389 813
1800 218 633
1800 423 814
1800 284 533
1800 282 1133
1800 447 609
1800 260 503
1800 308 659
1800 443 605
1800 240 532
1800 301 571
1820 414 640
1820 419 837
1820 258 570
1820 310 666
1820 376 843
1820 217 629
1820 418 834
1820 283 531
1820 220 1232
1820 463 667
1820 259 501
1820 306 664
1820 453 643
1820 279 851
1820 239 533
1820 301 570
1820 430 395
1840 414 660
1840 258 570
1840 281 672
1840 381 846
1840 218 629
1840 407 836
1840 283 530
1840 363 501
1840 426 656
1840 260 503
1840 310 668
1840 324 866
1840 241 534
1840 299 571
1860 383 705
1860 353 829
1860 263 569
1860 311 671
1860 391 858
1860 388 862
1860 218 631
1860 396 844
1860 374 560
1860 285 530
1860 279 658
1860 343 495
1860 259 504
1860 308 671
1860 242 532
1860 300 572
1860 315 182
1880 352 850
1880 257 569
1880 306 668
1880 372 858
1880 333 749
1880 218 625
1880 393 831
1880 377 516
1880 283 528
1880 467 434
1880 319 741
1880 351 513
1880 469 436
1880 268 495
1880 307 673
1880 311 669
1880 377 513
1880 239 532
1880 301 571
1900 406 830
1900 461 821
1900 259 566
1900 308 668
1900 367 845
1900 231 712
1900 217 632
1900 399 836
1900 90 758
1900 453 1120
1900 288 528
1900 353 479
1900 463 821
1900 265 506
1900 313 671
1900 379 501
1900 240 534
1900 306 565
1900 444 393
1920 392 747
1920 366 856
1920 417 907
1920 262 563
1920 303 666
1920 380 860
1920 366 822
1920 219 632
1920 415 795
1920 79 682
1920 283 527
1920 158 640
1920 412 916
1920 457 709
1920 264 504
1920 295 601
1920 394 544
1920 240 531
1920 303 573
1920 298 440
1920 184 610
1920 383 369
1940 126 517
1940 420 323
1940 353 851
1940 263 569
1940 294 669
1940 385 866
1940 354 735
1940 217 623
1940 400 831
1940 453 329
1940 283 528
1940 466 293
1940 377 888
1940 469 871
1940 257 505
1940 301 703
1940 309 671
1940 240 532
1940 301 570
1940 42 424
1940 417 317
1940 383 289
1960 342 209
1960 350 838
1960 429 952
1960 304 1067
1960 120 388
1960 194 746
1960 256 580
1960 305 675
1960 385 856
1960 366 854
1960 215 629
1960 386 839
1960 287 529
1960 453 591
1960 264 503
1960 302 677
1960 426 554
1960 237 530
1960 331 1056
1960 301 570
1960 94 409
1960 432 189
1960 373 208
1980 357 845
1980 393 847
1980 367 1111
1980 259 577
1980 300 660
1980 390 854
1980 352 825
1980 218 624
1980 395 818
1980 84 755
1980 404 1015
1980 285 530
1980 268 1171
1980 248 1149
1980 360 1012
1980 84 295
1980 365 484
1980 464 902
1980 264 507
1980 316 595
1980 378 490
1980 239 534
1980 161 722
1980 300 569
1980 88 306
1980 312 133
