1800 391 807
1800 40 907
1800 443 839
1800 287 1111
1800 260 570
1800 298 629
1800 366 763
1800 217 634
1800 428 819
1800 284 531
1800 283 1117
1800 446 606
1800 260 501
1800 306 655
1800 433 608
1800 312 816
1800 240 532
1800 301 569
1820 418 847
1820 420 840
1820 259 568
1820 309 666
1820 376 839
1820 217 627
1820 418 834
1820 285 529
1820 219 1244
1820 459 648
1820 260 500
1820 303 657
1820 278 851
1820 238 535
1820 300 568
1840 422 651
1840 320 859
1840 260 566
1840 277 670
1840 381 850
1840 218 629
1840 284 528
1840 364 498
1840 423 648
1840 260 503
1840 307 674
1840 322 866
1840 240 534
1840 300 569
1860 383 693
1860 263 568
1860 306 668
1860 389 858
1860 218 632
1860 398 829
1860 374 557
1860 287 528
1860 258 505
1860 307 671
1860 241 534
1860 300 570
1860 313 181
1880 259 572
1880 295 662
1880 378 866
1880 346 769
1880 218 624
1880 395 827
1880 376 513
1880 288 529
1880 349 512
1880 266 494
1880 311 660
1880 378 511
1880 238 531
1880 301 569
1900 397 830
1900 306 663
1900 356 833
1900 216 633
1900 400 824
1900 87 752
1900 289 527
1900 349 473
1900 470 809
1900 265 507
1900 313 664
1900 382 497
1900 241 534
1900 302 565
1900 440 387
1920 392 738
1920 413 908
1920 263 559
1920 299 662
1920 380 863
1920 358 800
1920 217 631
1920 414 788
1920 79 684
1920 285 528
1920 158 639
1920 416 908
1920 22 519
1920 456 705
1920 264 503
1920 293 591
1920 394 542
1920 239 531
1920 303 573
1920 297 439
1920 395 341
1940 126 515
1940 349 823
1940 263 570
1940 284 671
1940 425 333
1940 387 869
1940 346 735
1940 217 626
1940 398 833
1940 286 528
1940 379 880
1940 473 882
1940 256 496
1940 307 665
1940 241 530
1940 301 569
1940 379 286
1960 359 214
1960 430 943
1960 122 382
1960 258 582
1960 304 672
1960 381 863
1960 214 630
1960 385 859
1960 288 529
1960 265 502
1960 300 685
1960 426 552
1960 236 527
1960 301 570
1960 92 408
1960 367 196
1980 352 840
1980 393 845
1980 265 568
1980 295 661
1980 388 855
1980 351 822
1980 215 626
1980 394 818
1980 82 752
1980 445 1017
1980 286 530
1980 251 1150
1980 373 1004
1980 83 293
1980 364 478
1980 264 506
1980 310 594
1980 373 484
1980 239 533
1980 301 568
1980 84 304
