1800 391 811
1800 289 1112
1800 259 567
1800 219 633
1800 425 820
1800 283 533
1800 290 1134
1800 449 613
1800 260 502
1800 306 659
1800 240 532
1800 301 570
1820 421 840
1820 263 571
1820 217 627
1820 415 834
1820 285 531
1820 221 1258
1820 462 641
1820 261 499
1820 308 660
1820 277 853
1820 241 540
1820 300 569
1840 322 866
1840 260 569
1840 280 672
1840 353 831
1840 218 628
1840 286 529
1840 370 503
1840 261 503
1840 302 672
1840 242 533
1840 299 570
1860 382 695
1860 263 570
1860 300 622
1860 353 828
1860 219 631
1860 402 828
1860 288 529
1860 343 496
1860 260 504
1860 309 672
1860 243 536
1860 300 574
1880 259 581
1880 304 626
1880 332 752
1880 218 626
1880 409 839
1880 290 527
1880 349 514
1880 272 498
1880 305 666
1880 377 512
1880 239 532
1880 301 570
1900 266 563
1900 311 663
1900 230 684
1900 217 632
1900 398 823
1900 89 760
1900 289 529
1900 354 491
1900 463 817
1900 260 499
1900 308 669
1900 392 498
1900 243 536
1900 306 583
1920 394 744
1920 415 910
1920 266 562
1920 378 839
1920 218 631
1920 415 840
1920 79 690
1920 286 530
1920 404 349
1920 160 650
1920 19 530
1920 392 541
1920 454 697
1920 265 504
1920 321 609
1920 396 544
1920 241 535
1920 303 599
1920 299 440
1920 399 338
1940 126 522
1940 386 265
1940 351 852
1940 262 579
1940 298 657
1940 386 267
1940 346 732
1940 217 624
1940 403 818
1940 448 333
1940 289 527
1940 475 878
1940 255 488
1940 309 672
1940 239 531
1940 299 571
1940 464 300
1960 402 838
1960 347 212
1960 426 955
1960 299 1070
1960 268 586
1960 304 672
1960 383 828
1960 340 867
1960 213 629
1960 398 829
1960 288 530
1960 425 545
1960 265 503
1960 301 679
1960 219 474
1960 300 571
1960 93 408
1980 259 578
1980 300 652
1980 395 822
1980 352 828
1980 216 625
1980 394 818
1980 84 759
1980 287 530
1980 262 1175
1980 379 1002
1980 85 306
1980 366 482
1980 264 507
1980 381 488
1980 235 537
1980 154 723
1980 300 569
1980 87 308
