1800 388 794
1800 43 909
1800 291 1112
1800 261 569
1800 299 626
1800 392 812
1800 270 64
1800 219 633
1800 424 811
1800 284 531
1800 282 1135
1800 314 815
1800 447 615
1800 260 501
1800 307 660
1800 445 603
1800 240 533
1800 301 570
1820 456 664
1820 260 569
1820 306 665
1820 380 847
1820 217 629
1820 417 833
1820 284 529
1820 220 1232
1820 259 499
1820 274 848
1820 303 656
1820 454 644
1820 278 852
1820 239 532
1820 300 568
1820 436 404
1840 428 647
1840 329 871
1840 259 569
1840 279 669
1840 383 848
1840 218 630
1840 412 822
1840 283 528
1840 428 647
1840 261 501
1840 308 668
1840 325 861
1840 240 534
1840 299 569
1860 383 701
1860 345 846
1860 265 570
1860 309 666
1860 391 857
1860 399 829
1860 218 629
1860 398 824
1860 374 555
1860 285 529
1860 285 665
1860 345 495
1860 260 502
1860 308 669
1860 473 517
1860 240 532
1860 301 570
1860 315 181
1880 349 832
1880 258 569
1880 307 662
1880 378 857
1880 334 751
1880 218 625
1880 398 823
1880 286 528
1880 348 514
1880 267 494
1880 309 736
1880 307 670
1880 378 511
1880 238 532
1880 303 568
1900 407 829
1900 263 565
1900 307 663
1900 381 856
1900 232 722
1900 216 632
1900 400 830
1900 87 750
1900 288 527
1900 351 499
1900 464 823
1900 265 505
1900 307 651
1900 381 501
1900 240 532
1900 306 565
1900 440 429
1920 388 745
1920 356 835
1920 410 900
1920 135 161
1920 265 570
1920 302 661
1920 379 861
1920 377 864
1920 219 635
1920 415 794
1920 79 682
1920 284 525
1920 408 363
1920 158 638
1920 27 624
1920 460 708
1920 263 501
1920 293 587
1920 395 544
1920 239 531
1920 304 572
1920 299 439
1920 183 607
1920 380 369
1940 127 518
1940 458 871
1940 351 852
1940 265 574
1940 283 676
1940 388 863
1940 354 729
1940 216 624
1940 400 834
1940 287 526
1940 367 967
1940 257 504
1940 298 720
1940 307 667
1940 241 531
1940 299 569
1940 26 406
1940 376 289
1940 143 492
1960 342 207
1960 346 837
1960 430 949
1960 120 387
1960 162 440
1960 196 745
1960 260 574
1960 304 671
1960 385 854
1960 217 626
1960 389 852
1960 287 529
1960 46 517
1960 459 580
1960 265 502
1960 299 686
1960 426 552
1960 241 530
1960 326 1049
1960 300 569
1960 92 407
1960 370 206
1960 160 436
1980 352 843
1980 391 850
1980 376 1071
1980 84 314
1980 265 571
1980 296 661
1980 389 852
1980 352 827
1980 218 626
1980 394 818
1980 86 763
1980 444 1013
1980 286 528
1980 264 1176
1980 261 1174
1980 238 1241
1980 359 1016
1980 83 317
1980 365 482
1980 264 505
1980 324 619
1980 369 483
1980 238 533
1980 162 719
1980 300 567
1980 86 303
1980 324 127
