1800 387 793
1800 440 826
1800 284 1115
1800 261 566
1800 302 642
1800 391 809
1800 374 770
1800 239 65
1800 218 633
1800 422 811
1800 284 530
1800 281 1126
1800 314 814
1800 450 618
1800 260 501
1800 308 659
1800 445 602
1800 240 531
1800 301 568
1820 414 640
1820 420 836
1820 261 565
1820 302 665
1820 375 846
1820 218 627
1820 417 832
1820 284 527
1820 221 1247
1820 20 689
1820 464 665
1820 259 499
1820 304 664
1820 277 854
1820 240 532
1820 300 569
1820 426 388
1840 421 648
1840 329 868
1840 260 560
1840 279 667
1840 381 851
1840 385 843
1840 218 628
1840 395 846
1840 364 497
1840 283 528
1840 422 659
1840 261 501
1840 307 670
1840 322 863
1840 241 533
1840 299 568
1860 383 700
1860 352 830
1860 263 566
1860 305 666
1860 387 858
1860 380 852
1860 218 629
1860 393 848
1860 376 555
1860 286 528
1860 272 591
1860 350 490
1860 260 502
1860 306 668
1860 242 532
1860 301 569
1860 315 181
1880 328 751
1880 459 1062
1880 259 557
1880 305 665
1880 360 859
1880 332 763
1880 218 624
1880 388 838
1880 379 507
1880 286 529
1880 467 431
1880 326 750
1880 22 723
1880 349 511
1880 466 451
1880 266 493
1880 287 662
1880 305 667
1880 378 508
1880 239 531
1880 303 567
1900 461 822
1900 462 816
1900 262 561
1900 299 642
1900 382 861
1900 367 829
1900 228 697
1900 217 631
1900 399 834
1900 87 759
1900 388 494
1900 288 526
1900 353 473
1900 461 819
1900 266 504
1900 302 664
1900 230 649
1900 381 500
1900 240 533
1900 303 564
1900 443 388
1920 390 745
1920 359 838
1920 409 895
1920 264 558
1920 293 621
1920 164 634
1920 381 854
1920 388 758
1920 217 629
1920 413 796
1920 78 678
1920 393 385
1920 281 524
1920 403 362
1920 159 639
1920 264 559
1920 392 878
1920 393 359
1920 457 707
1920 263 502
1920 289 609
1920 395 542
1920 238 531
1920 302 570
1920 300 438
1920 184 609
1920 398 335
1940 125 512
1940 461 874
1940 426 313
1940 350 850
1940 269 463
1940 263 566
1940 281 673
1940 386 860
1940 349 736
1940 216 625
1940 401 832
1940 462 302
1940 285 526
1940 350 984
1940 467 863
1940 259 500
1940 298 705
1940 305 671
1940 241 532
1940 300 569
1940 387 264
1940 146 490
1960 395 835
1960 338 207
1960 349 836
1960 427 946
1960 320 1069
1960 120 381
1960 197 745
1960 261 568
1960 304 670
1960 384 852
1960 358 836
1960 214 627
1960 389 853
1960 287 529
1960 52 507
1960 460 580
1960 264 502
1960 299 677
1960 222 625
1960 427 551
1960 232 498
1960 323 1041
1960 300 569
1960 91 404
1960 366 200
1960 158 437
1980 370 78
1980 350 840
1980 390 848
1980 370 1045
1980 264 565
1980 296 661
1980 388 848
1980 352 821
1980 218 626
1980 393 817
1980 87 757
1980 444 1013
1980 367 480
1980 286 527
1980 271 1171
1980 248 1151
1980 265 560
1980 244 1160
1980 360 1030
1980 82 271
1980 367 478
1980 457 880
1980 265 503
1980 320 614
1980 370 480
1980 239 533
1980 163 718
1980 383 1026
1980 300 568
1980 85 299
1980 316 125
1980 178 489
