1800 385 791
1800 440 831
1800 282 1122
1800 260 569
1800 299 636
1800 403 820
1800 393 816
1800 217 632
1800 421 821
1800 283 530
1800 283 1138
1800 313 814
1800 447 624
1800 259 501
1800 307 658
1800 445 603
1800 240 532
1800 301 569
1820 410 651
1820 36 893
1820 420 842
1820 260 568
1820 305 667
1820 376 845
1820 217 629
1820 421 834
1820 283 528
1820 224 1262
1820 461 665
1820 259 500
1820 303 663
1820 279 849
1820 239 533
1820 299 569
1820 431 397
1840 427 650
1840 326 866
1840 260 562
1840 280 672
1840 378 852
1840 217 628
1840 397 838
1840 365 633
1840 282 529
1840 422 654
1840 260 503
1840 308 672
1840 240 534
1840 299 569
1840 368 293
1860 383 708
1860 352 831
1860 35 920
1860 263 569
1860 306 665
1860 386 859
1860 398 845
1860 217 628
1860 392 854
1860 375 554
1860 285 529
1860 286 599
1860 345 491
1860 260 503
1860 306 671
1860 240 533
1860 300 571
1860 314 181
1880 258 564
1880 303 670
1880 363 869
1880 334 753
1880 217 623
1880 400 831
1880 378 508
1880 282 526
1880 333 747
1880 23 737
1880 348 512
1880 267 495
1880 308 671
1880 306 674
1880 378 510
1880 238 532
1880 302 569
1900 461 819
1900 461 822
1900 263 563
1900 299 663
1900 382 861
1900 229 714
1900 216 632
1900 400 839
1900 87 757
1900 418 517
1900 288 527
1900 351 486
1900 461 819
1900 266 505
1900 302 665
1900 232 693
1900 377 498
1900 240 533
1900 301 565
1900 435 437
1920 390 747
1920 407 903
1920 262 564
1920 294 634
1920 162 640
1920 381 852
1920 365 822
1920 217 629
1920 412 808
1920 78 682
1920 410 382
1920 282 525
1920 404 368
1920 159 639
1920 263 563
1920 397 885
1920 457 708
1920 263 502
1920 296 664
1920 394 543
1920 238 531
1920 303 572
1920 299 438
1920 182 612
1920 398 335
1940 127 517
1940 414 313
1940 338 780
1940 264 570
1940 281 674
1940 383 862
1940 351 736
1940 216 625
1940 401 831
1940 285 525
1940 67 561
1940 369 964
1940 447 334
1940 256 504
1940 295 717
1940 305 671
1940 241 531
1940 300 569
1940 34 380
1940 386 264
1960 387 858
1960 336 207
1960 348 834
1960 427 948
1960 321 1069
1960 118 382
1960 195 740
1960 258 571
1960 301 674
1960 382 858
1960 379 863
1960 211 630
1960 390 857
1960 452 1113
1960 286 530
1960 49 510
1960 452 584
1960 264 503
1960 299 676
1960 430 555
1960 235 530
1960 326 1055
1960 300 571
1960 90 403
1960 365 202
1960 158 438
1980 334 100
1980 349 847
1980 394 859
1980 372 1071
1980 80 269
1980 264 566
1980 269 1171
1980 294 665
1980 386 856
1980 352 823
1980 217 625
1980 392 828
1980 80 763
1980 443 1010
1980 285 528
1980 268 1174
1980 251 1163
1980 240 1175
1980 359 1026
1980 83 280
1980 367 476
1980 264 504
1980 322 606
1980 370 480
1980 238 535
1980 164 718
1980 403 1028
1980 300 568
1980 85 306
1980 311 123
