1800 392 808
1800 430 821
1800 287 1116
1800 262 565
1800 311 663
1800 391 812
1800 241 67
1800 218 633
1800 413 806
1800 285 531
1800 283 1133
1800 314 817
1800 448 613
1800 262 500
1800 308 659
1800 444 604
1800 240 532
1800 301 570
1820 411 632
1820 408 849
1820 260 567
1820 310 665
1820 379 845
1820 218 628
1820 417 833
1820 285 529
1820 219 1231
1820 261 498
1820 306 657
1820 453 637
1820 240 532
1820 300 568
1820 431 396
1840 413 656
1840 327 866
1840 260 560
1840 284 669
1840 378 851
1840 218 629
1840 399 847
1840 284 528
1840 365 499
1840 428 649
1840 261 501
1840 310 665
1840 324 865
1840 241 533
1840 299 568
1860 382 703
1860 352 827
1860 264 564
1860 308 667
1860 386 860
1860 381 855
1860 218 630
1860 395 843
1860 373 558
1860 287 528
1860 342 494
1860 261 501
1860 308 669
1860 243 529
1860 301 568
1860 315 181
1880 331 755
1880 261 561
1880 307 665
1880 367 864
1880 333 753
1880 218 625
1880 392 834
1880 287 528
1880 466 432
1880 316 739
1880 349 513
1880 469 437
1880 269 492
1880 312 670
1880 378 510
1880 239 531
1880 303 567
1900 262 560
1900 303 661
1900 357 839
1900 229 702
1900 216 631
1900 399 834
1900 88 752
1900 288 527
1900 349 500
1900 468 809
1900 267 504
1900 308 658
1900 375 494
1900 240 531
1900 304 563
1900 429 439
1920 389 743
1920 387 760
1920 412 898
1920 264 557
1920 300 660
1920 372 860
1920 353 811
1920 219 633
1920 418 803
1920 79 684
1920 284 526
1920 158 637
1920 403 900
1920 24 621
1920 394 537
1920 458 710
1920 264 502
1920 294 590
1920 395 541
1920 241 529
1920 303 570
1920 299 440
1920 186 606
1920 383 369
1940 127 516
1940 349 854
1940 264 563
1940 293 664
1940 385 862
1940 353 742
1940 217 625
1940 398 834
1940 287 526
1940 380 904
1940 472 878
1940 261 489
1940 307 667
1940 422 565
1940 242 529
1940 300 571
1940 386 264
1940 145 489
1960 341 207
1960 429 952
1960 123 385
1960 195 733
1960 260 565
1960 304 672
1960 382 847
1960 371 856
1960 217 625
1960 386 849
1960 453 1098
1960 288 528
1960 38 536
1960 265 502
1960 300 678
1960 425 550
1960 238 529
1960 326 1048
1960 300 569
1960 93 409
1960 373 218
1980 350 842
1980 388 855
1980 80 271
1980 264 563
1980 297 659
1980 385 853
1980 350 822
1980 219 625
1980 395 818
1980 83 760
1980 404 1008
1980 287 528
1980 260 1178
1980 265 1173
1980 359 1010
1980 83 281
1980 363 482
1980 265 505
1980 306 577
1980 371 478
1980 239 531
1980 160 718
1980 300 567
1980 84 304
