1800 390 802
1800 39 905
1800 440 827
1800 286 1117
1800 261 568
1800 309 661
1800 394 825
1800 381 793
1800 238 80
1800 219 634
1800 430 825
1800 284 531
1800 285 1134
1800 313 817
1800 444 624
1800 260 502
1800 309 661
1800 444 605
1800 240 533
1800 301 569
1820 384 765
1820 417 839
1820 260 567
1820 305 665
1820 376 848
1820 218 630
1820 420 834
1820 283 529
1820 222 1249
1820 458 660
1820 259 500
1820 305 662
1820 279 851
1820 239 534
1820 300 568
1820 426 388
1840 427 649
1840 334 907
1840 259 567
1840 283 675
1840 378 853
1840 218 630
1840 397 844
1840 361 616
1840 282 529
1840 426 656
1840 261 502
1840 306 663
1840 325 867
1840 241 535
1840 299 570
1860 384 710
1860 314 182
1860 353 830
1860 38 939
1860 263 568
1860 307 668
1860 387 859
1860 386 863
1860 218 629
1860 393 850
1860 374 556
1860 285 530
1860 284 625
1860 343 496
1860 260 502
1860 306 669
1860 241 536
1860 299 571
1860 314 183
1880 348 833
1880 460 1103
1880 258 565
1880 307 669
1880 375 870
1880 332 784
1880 218 627
1880 394 840
1880 376 512
1880 284 532
1880 327 757
1880 22 728
1880 349 512
1880 268 495
1880 305 667
1880 377 510
1880 239 533
1880 302 568
1900 461 831
1900 462 830
1900 261 563
1900 304 656
1900 382 862
1900 389 867
1900 229 719
1900 217 632
1900 398 844
1900 91 762
1900 383 501
1900 287 528
1900 351 507
1900 461 820
1900 267 505
1900 305 663
1900 377 506
1900 240 534
1900 304 565
1900 437 436
1920 391 747
1920 355 833
1920 408 903
1920 263 569
1920 299 664
1920 160 645
1920 380 859
1920 362 821
1920 218 633
1920 416 838
1920 80 686
1920 408 404
1920 285 528
1920 402 383
1920 159 644
1920 396 890
1920 457 710
1920 264 504
1920 295 637
1920 395 544
1920 240 532
1920 303 573
1920 23 378
1920 299 439
1920 182 614
1920 378 373
1940 127 518
1940 459 881
1940 349 838
1940 454 1131
1940 264 572
1940 285 677
1940 388 859
1940 350 737
1940 216 624
1940 397 836
1940 456 326
1940 284 528
1940 236 431
1940 374 906
1940 258 505
1940 294 733
1940 307 672
1940 241 533
1940 300 569
1940 386 264
1960 398 836
1960 333 207
1960 348 845
1960 428 950
1960 322 1066
1960 119 387
1960 195 746
1960 259 569
1960 303 672
1960 385 858
1960 364 853
1960 215 627
1960 389 857
1960 442 1104
1960 286 530
1960 63 502
1960 460 596
1960 265 503
1960 301 675
1960 425 559
1960 239 531
1960 332 1063
1960 300 569
1960 92 410
1960 340 216
1960 159 442
1980 350 850
1980 385 862
1980 374 1052
1980 84 276
1980 265 571
1980 267 1170
1980 295 665
1980 388 850
1980 352 822
1980 218 626
1980 396 832
1980 84 762
1980 444 1018
1980 286 529
1980 271 1171
1980 267 1186
1980 245 1149
1980 362 1023
1980 85 293
1980 366 480
1980 467 906
1980 265 504
1980 314 594
1980 371 482
1980 239 536
1980 160 719
1980 300 569
1980 83 298
