1800 392 812
1800 440 826
1800 283 1125
1800 261 567
1800 297 614
1800 419 824
1800 373 773
1800 217 633
1800 435 825
1800 283 531
1800 283 1138
1800 313 817
1800 446 617
1800 259 502
1800 307 658
1800 444 603
1800 239 533
1800 300 568
1820 410 649
1820 418 837
1820 260 566
1820 298 666
1820 374 844
1820 217 628
1820 418 833
1820 284 528
1820 224 1258
1820 462 872
1820 259 500
1820 303 658
1820 276 850
1820 239 533
1820 299 568
1820 433 398
1840 421 650
1840 326 863
1840 260 562
1840 278 665
1840 379 853
1840 217 629
1840 390 846
1840 363 497
1840 282 528
1840 423 650
1840 260 503
1840 307 666
1840 240 535
1840 298 570
1860 382 703
1860 352 828
1860 263 565
1860 301 666
1860 388 855
1860 395 834
1860 217 630
1860 389 851
1860 375 555
1860 285 529
1860 349 492
1860 259 503
1860 306 667
1860 240 534
1860 300 569
1860 314 182
1880 259 557
1880 292 658
1880 373 863
1880 332 755
1880 217 625
1880 397 825
1880 377 514
1880 284 528
1880 326 749
1880 349 513
1880 466 450
1880 266 496
1880 305 669
1880 378 510
1880 238 532
1880 302 567
1900 461 823
1900 464 819
1900 263 562
1900 298 662
1900 358 837
1900 226 704
1900 216 633
1900 399 834
1900 90 759
1900 388 493
1900 287 527
1900 353 476
1900 461 819
1900 265 506
1900 303 660
1900 231 661
1900 379 502
1900 239 532
1900 301 560
1900 436 434
1920 388 742
1920 410 898
1920 263 562
1920 291 619
1920 164 642
1920 382 850
1920 366 808
1920 217 632
1920 413 796
1920 78 681
1920 394 387
1920 281 524
1920 310 457
1920 159 643
1920 263 563
1920 401 904
1920 385 367
1920 457 709
1920 262 502
1920 293 608
1920 396 543
1920 237 531
1920 302 570
1920 300 438
1920 183 611
1920 397 349
1940 126 516
1940 420 313
1940 351 744
1940 265 565
1940 281 666
1940 387 858
1940 350 738
1940 216 625
1940 391 847
1940 456 318
1940 285 525
1940 370 877
1940 257 504
1940 297 711
1940 306 670
1940 241 530
1940 300 569
1940 387 266
1960 338 208
1960 429 948
1960 316 1071
1960 118 387
1960 194 743
1960 261 568
1960 303 670
1960 385 853
1960 373 856
1960 212 629
1960 388 855
1960 286 529
1960 54 506
1960 444 572
1960 264 502
1960 301 674
1960 425 555
1960 237 532
1960 317 1042
1960 300 569
1960 91 407
1960 353 218
1960 158 437
1980 386 110
1980 350 841
1980 99 766
1980 384 858
1980 373 1040
1980 264 569
1980 293 662
1980 385 852
1980 352 824
1980 216 625
1980 393 829
1980 82 762
1980 441 1011
1980 286 527
1980 268 1174
1980 260 1174
1980 245 1267
1980 357 1023
1980 81 304
1980 367 477
1980 264 505
1980 300 570
1980 372 480
1980 238 534
1980 300 567
1980 85 305
1980 314 124
