1800 371 763
1800 440 826
1800 281 1124
1800 261 568
1800 308 661
1800 394 815
1800 380 789
1800 236 70
1800 218 631
1800 433 827
1800 283 530
1800 279 1143
1800 314 817
1800 445 611
1800 259 502
1800 308 659
1800 441 606
1800 240 532
1800 301 569
1820 417 635
1820 423 839
1820 261 566
1820 302 675
1820 374 845
1820 217 628
1820 420 837
1820 283 528
1820 221 1251
1820 460 659
1820 259 501
1820 304 663
1820 278 850
1820 239 533
1820 300 568
1820 427 394
1840 423 649
1840 326 882
1840 260 565
1840 279 669
1840 378 853
1840 217 629
1840 398 835
1840 360 614
1840 282 528
1840 369 502
1840 424 649
1840 261 503
1840 310 673
1840 321 869
1840 240 535
1840 299 569
1860 383 710
1860 350 834
1860 263 568
1860 303 670
1860 385 864
1860 385 856
1860 217 631
1860 392 847
1860 374 556
1860 284 529
1860 286 618
1860 342 494
1860 260 504
1860 306 667
1860 241 533
1860 300 570
1860 314 182
1880 401 839
1880 340 815
1880 462 1074
1880 260 566
1880 302 676
1880 365 869
1880 335 779
1880 217 624
1880 397 834
1880 378 509
1880 284 530
1880 330 751
1880 22 729
1880 347 512
1880 461 596
1880 266 496
1880 306 669
1880 377 511
1880 239 533
1880 302 568
1900 461 823
1900 263 563
1900 308 653
1900 382 859
1900 227 716
1900 216 631
1900 401 839
1900 91 765
1900 387 494
1900 287 527
1900 353 494
1900 462 820
1900 266 507
1900 305 661
1900 380 500
1900 240 534
1900 303 565
1900 438 436
1920 390 747
1920 356 834
1920 412 900
1920 262 565
1920 298 663
1920 159 643
1920 380 860
1920 365 814
1920 217 628
1920 415 843
1920 79 686
1920 413 400
1920 284 527
1920 405 394
1920 158 647
1920 409 916
1920 458 709
1920 263 505
1920 296 622
1920 395 542
1920 239 531
1920 303 572
1920 299 439
1920 182 608
1920 396 356
1940 126 517
1940 427 330
1940 343 839
1940 264 571
1940 283 674
1940 383 861
1940 350 731
1940 216 626
1940 386 859
1940 455 339
1940 285 526
1940 383 924
1940 257 503
1940 296 716
1940 308 670
1940 241 532
1940 300 569
1940 386 264
1960 394 842
1960 338 207
1960 345 845
1960 430 943
1960 119 389
1960 194 746
1960 260 572
1960 300 678
1960 385 859
1960 229 656
1960 214 626
1960 389 854
1960 453 1116
1960 286 530
1960 59 507
1960 467 598
1960 264 504
1960 301 673
1960 264 705
1960 424 558
1960 240 533
1960 327 1060
1960 300 570
1960 92 409
1960 339 212
1960 160 442
1980 386 101
1980 350 845
1980 376 1006
1980 379 1041
1980 47 263
1980 263 572
1980 296 667
1980 384 857
1980 352 823
1980 218 626
1980 394 831
1980 88 757
1980 443 1017
1980 285 528
1980 271 1170
1980 258 1175
1980 245 1150
1980 360 1023
1980 85 290
1980 363 480
1980 467 879
1980 264 506
1980 318 606
1980 372 479
1980 238 535
1980 161 718
1980 300 569
1980 85 298
