1800 383 786
1800 40 912
1800 440 827
1800 285 1120
1800 262 569
1800 308 659
1800 398 825
1800 393 816
1800 237 71
1800 218 633
1800 416 821
1800 283 530
1800 284 1146
1800 314 817
1800 447 618
1800 260 501
1800 308 659
1800 437 611
1800 240 534
1800 301 569
1820 450 672
1820 419 842
1820 261 566
1820 301 679
1820 377 848
1820 218 630
1820 421 837
1820 283 529
1820 221 1258
1820 460 661
1820 259 500
1820 305 663
1820 457 653
1820 280 849
1820 240 534
1820 300 569
1820 425 387
1840 427 649
1840 327 864
1840 261 564
1840 281 670
1840 379 856
1840 218 629
1840 399 851
1840 362 615
1840 283 529
1840 369 500
1840 426 652
1840 261 502
1840 307 672
1840 324 868
1840 241 535
1840 299 570
1860 385 705
1860 351 834
1860 35 952
1860 263 568
1860 303 673
1860 386 857
1860 386 855
1860 218 630
1860 392 846
1860 375 557
1860 285 530
1860 287 623
1860 347 493
1860 260 503
1860 307 668
1860 243 533
1860 300 571
1860 314 182
1880 331 757
1880 464 1104
1880 261 566
1880 304 676
1880 378 871
1880 337 776
1880 218 625
1880 390 852
1880 378 509
1880 284 530
1880 466 445
1880 326 758
1880 22 741
1880 348 513
1880 462 529
1880 267 495
1880 308 671
1880 378 512
1880 240 533
1880 303 568
1900 458 840
1900 465 827
1900 283 540
1900 304 665
1900 382 861
1900 228 721
1900 217 632
1900 399 845
1900 92 764
1900 386 497
1900 287 528
1900 356 507
1900 461 818
1900 266 504
1900 307 665
1900 380 501
1900 240 534
1900 303 566
1900 435 441
1920 393 746
1920 407 901
1920 263 565
1920 294 659
1920 164 633
1920 381 860
1920 364 816
1920 217 628
1920 413 841
1920 79 684
1920 397 393
1920 285 527
1920 158 645
1920 409 927
1920 460 713
1920 264 504
1920 295 609
1920 396 544
1920 240 532
1920 303 573
1920 300 439
1920 182 610
1920 386 376
1940 126 515
1940 465 871
1940 424 318
1940 347 821
1940 265 570
1940 285 673
1940 388 861
1940 352 733
1940 216 625
1940 400 833
1940 452 337
1940 286 527
1940 362 975
1940 259 503
1940 296 722
1940 307 668
1940 241 533
1940 300 569
1940 386 264
1960 400 819
1960 338 208
1960 347 841
1960 429 951
1960 118 390
1960 194 743
1960 261 572
1960 301 677
1960 386 862
1960 214 628
1960 389 854
1960 452 1115
1960 286 530
1960 60 457
1960 461 588
1960 264 504
1960 301 674
1960 424 561
1960 241 533
1960 328 1059
1960 300 570
1960 91 406
1960 339 212
1960 159 441
1980 449 881
1980 345 95
1980 350 846
1980 379 1002
1980 371 1058
1980 81 277
1980 264 570
1980 296 666
1980 383 859
1980 352 824
1980 218 627
1980 395 836
1980 85 761
1980 445 1018
1980 286 528
1980 269 1171
1980 259 1176
1980 241 1177
1980 364 1019
1980 82 315
1980 364 481
1980 460 884
1980 265 505
1980 320 609
1980 376 487
1980 239 535
1980 163 720
1980 300 570
1980 85 301
1980 313 126
