1800 385 793
1800 44 914
1800 441 838
1800 287 1115
1800 261 568
1800 311 666
1800 400 826
1800 235 77
1800 219 634
1800 417 819
1800 284 532
1800 281 1138
1800 315 816
1800 446 623
1800 260 502
1800 307 658
1800 440 608
1800 241 535
1800 301 570
1820 411 642
1820 418 851
1820 261 567
1820 308 666
1820 378 842
1820 218 629
1820 418 835
1820 284 530
1820 221 1233
1820 463 888
1820 260 500
1820 305 663
1820 454 634
1820 279 851
1820 239 535
1820 301 568
1820 429 396
1840 428 646
1840 328 867
1840 260 567
1840 286 672
1840 382 846
1840 218 631
1840 407 830
1840 365 500
1840 283 529
1840 428 646
1840 261 503
1840 311 677
1840 319 866
1840 242 535
1840 299 571
1860 383 706
1860 350 834
1860 37 925
1860 263 565
1860 310 669
1860 389 859
1860 218 632
1860 395 844
1860 374 558
1860 286 529
1860 279 661
1860 342 494
1860 261 504
1860 308 674
1860 242 533
1860 299 573
1860 315 181
1880 261 564
1880 308 667
1880 379 860
1880 363 807
1880 218 628
1880 395 830
1880 378 519
1880 284 527
1880 463 431
1880 318 748
1880 23 743
1880 349 513
1880 469 447
1880 268 495
1880 308 673
1880 377 515
1880 239 533
1880 302 571
1900 460 819
1900 466 824
1900 263 561
1900 300 649
1900 366 852
1900 229 716
1900 217 632
1900 397 842
1900 90 759
1900 385 500
1900 288 528
1900 349 495
1900 463 822
1900 266 506
1900 306 665
1900 377 498
1900 241 535
1900 302 565
1900 441 440
1920 391 747
1920 408 902
1920 263 563
1920 300 664
1920 171 640
1920 377 862
1920 220 634
1920 418 813
1920 79 684
1920 286 528
1920 400 393
1920 159 643
1920 405 913
1920 394 538
1920 458 711
1920 265 502
1920 295 618
1920 395 545
1920 239 531
1920 305 573
1920 299 439
1920 184 606
1920 380 370
1940 126 518
1940 351 827
1940 264 573
1940 292 671
1940 386 863
1940 349 742
1940 217 626
1940 399 836
1940 455 333
1940 286 527
1940 371 960
1940 258 512
1940 308 669
1940 422 566
1940 241 532
1940 300 569
1940 386 265
1960 338 208
1960 430 946
1960 312 1065
1960 194 747
1960 263 570
1960 303 673
1960 385 850
1960 218 631
1960 388 855
1960 287 530
1960 46 517
1960 456 597
1960 265 503
1960 301 682
1960 425 561
1960 240 531
1960 330 1058
1960 300 570
1960 93 406
1960 368 203
1960 158 437
1980 353 843
1980 90 765
1980 383 873
1980 374 1040
1980 85 277
1980 264 566
1980 300 664
1980 389 856
1980 352 826
1980 219 628
1980 396 821
1980 85 761
1980 444 1011
1980 286 529
1980 270 1172
1980 264 1174
1980 237 1252
1980 362 1021
1980 76 321
1980 362 485
1980 466 892
1980 265 505
1980 323 616
1980 371 485
1980 239 535
1980 162 719
1980 300 569
1980 83 308
