1800 417 808
1800 275 585
1800 387 811
1800 319 814
1800 220 622
1800 287 526
1800 259 502
1800 311 666
1800 246 532
1800 306 575
1820 399 646
1820 419 834
1820 276 574
1820 376 848
1820 388 842
1820 218 624
1820 287 528
1820 260 499
1820 327 689
1820 279 858
1820 249 533
1820 307 575
1840 397 655
1840 276 599
1840 371 864
1840 353 834
1840 219 626
1840 289 528
1840 260 504
1840 304 675
1840 246 532
1840 312 601
1860 369 689
1860 275 584
1860 403 826
1860 219 631
1860 290 526
1860 259 502
1860 318 674
1860 245 534
1860 313 590
1880 281 594
1880 365 843
1880 325 765
1880 218 624
1880 298 526
1880 346 507
1880 272 498
1880 316 674
1880 244 536
1900 285 593
1900 365 860
1900 217 627
1900 340 474
1900 257 500
1900 320 669
1900 245 524
1920 368 746
1920 411 909
1920 282 564
1920 377 871
1920 394 842
1920 218 628
1920 332 473
1920 265 502
1920 323 662
1920 247 542
1920 166 625
1920 333 568
1940 278 578
1940 386 868
1940 217 624
1940 294 523
1940 253 489
1940 324 681
1940 244 527
1940 325 587
1960 286 581
1960 374 864
1960 219 634
1960 292 527
1960 266 503
1960 238 528
1960 306 574
1960 118 387
1980 277 580
1980 385 855
1980 398 839
1980 218 618
1980 291 527
1980 245 1151
1980 93 308
1980 265 506
1980 236 532
1980 309 591
1980 108 429
