1800 394 815
1800 441 834
1800 285 1118
1800 261 569
1800 309 667
1800 395 822
1800 218 634
1800 416 818
1800 283 532
1800 287 1144
1800 448 618
1800 260 503
1800 307 662
1800 240 534
1800 300 571
1820 410 653
1820 419 843
1820 260 570
1820 306 665
1820 376 843
1820 218 629
1820 419 834
1820 283 531
1820 223 1251
1820 259 501
1820 303 665
1820 277 854
1820 239 534
1820 300 570
1820 434 398
1840 426 652
1840 325 866
1840 260 570
1840 285 677
1840 382 850
1840 218 630
1840 397 855
1840 283 530
1840 361 495
1840 424 663
1840 261 503
1840 310 681
1840 325 869
1840 241 535
1840 299 572
1860 382 707
1860 353 829
1860 38 922
1860 264 569
1860 306 668
1860 386 863
1860 392 856
1860 218 630
1860 393 846
1860 374 557
1860 285 530
1860 279 664
1860 342 495
1860 260 504
1860 308 677
1860 241 535
1860 301 574
1860 315 182
1880 261 566
1880 305 672
1880 377 869
1880 332 767
1880 219 626
1880 388 840
1880 378 510
1880 286 529
1880 347 514
1880 468 448
1880 268 496
1880 307 680
1880 307 674
1880 377 512
1880 239 533
1880 302 570
1900 461 822
1900 464 828
1900 268 562
1900 312 667
1900 383 860
1900 232 721
1900 217 632
1900 397 843
1900 92 765
1900 392 495
1900 288 528
1900 352 478
1900 462 821
1900 265 508
1900 311 669
1900 380 503
1900 241 536
1900 308 564
1900 444 392
1920 391 747
1920 408 902
1920 263 563
1920 301 664
1920 183 612
1920 378 860
1920 356 825
1920 219 633
1920 414 836
1920 80 688
1920 283 527
1920 313 458
1920 159 646
1920 458 713
1920 263 504
1920 294 591
1920 394 545
1920 240 532
1920 304 576
1920 300 440
1920 184 614
1920 397 350
1940 127 523
1940 352 832
1940 264 569
1940 289 680
1940 384 864
1940 350 743
1940 217 624
1940 394 853
1940 457 330
1940 286 528
1940 372 950
1940 468 864
1940 258 513
1940 300 737
1940 308 673
1940 241 533
1940 299 570
1940 386 269
1960 339 208
1960 429 949
1960 193 741
1960 259 578
1960 301 673
1960 383 855
1960 216 629
1960 393 862
1960 451 1113
1960 286 531
1960 35 598
1960 265 503
1960 300 682
1960 427 553
1960 239 532
1960 329 1057
1960 300 571
1960 92 411
1960 337 209
1980 353 843
1980 388 864
1980 373 1043
1980 49 263
1980 265 569
1980 296 663
1980 386 856
1980 351 824
1980 218 626
1980 394 832
1980 84 763
1980 446 1020
1980 286 529
1980 264 1178
1980 267 1177
1980 364 1025
1980 77 325
1980 364 482
1980 264 506
1980 327 620
1980 370 482
1980 238 536
1980 164 722
1980 300 570
1980 92 321
