1800 387 792
1800 440 830
1800 285 1112
1800 261 566
1800 309 663
1800 394 820
1800 370 767
1800 236 73
1800 218 634
1800 429 828
1800 283 532
1800 286 1131
1800 314 816
1800 446 609
1800 260 501
1800 308 656
1800 445 604
1800 240 531
1800 301 569
1820 422 660
1820 421 839
1820 261 566
1820 308 665
1820 369 842
1820 217 628
1820 421 833
1820 283 531
1820 222 1256
1820 458 662
1820 259 499
1820 305 662
1820 278 852
1820 240 533
1820 299 568
1820 430 397
1840 423 649
1840 330 884
1840 261 562
1840 287 672
1840 370 291
1840 377 851
1840 218 630
1840 409 831
1840 282 530
1840 424 648
1840 260 501
1840 309 666
1840 241 533
1840 299 568
1840 365 291
1860 381 706
1860 352 831
1860 263 565
1860 309 668
1860 384 862
1860 385 860
1860 218 631
1860 393 852
1860 374 558
1860 285 530
1860 343 494
1860 259 503
1860 306 668
1860 243 530
1860 300 573
1860 315 182
1880 348 824
1880 462 1070
1880 260 563
1880 308 666
1880 361 866
1880 333 751
1880 218 624
1880 400 827
1880 378 508
1880 282 527
1880 466 434
1880 22 731
1880 349 513
1880 464 488
1880 266 494
1880 306 666
1880 378 510
1880 239 532
1880 301 569
1900 461 821
1900 260 561
1900 302 638
1900 372 848
1900 231 710
1900 217 630
1900 399 837
1900 89 761
1900 381 499
1900 288 528
1900 350 493
1900 460 819
1900 261 497
1900 299 667
1900 236 683
1900 378 499
1900 240 532
1900 301 565
1900 436 441
1920 391 746
1920 412 900
1920 264 560
1920 302 662
1920 167 629
1920 379 861
1920 365 811
1920 218 632
1920 415 809
1920 78 684
1920 401 370
1920 282 525
1920 158 641
1920 399 866
1920 16 505
1920 379 368
1920 447 410
1920 457 707
1920 263 502
1920 295 664
1920 394 544
1920 240 530
1920 302 571
1920 299 438
1920 181 607
1920 379 371
1940 125 515
1940 459 873
1940 340 851
1940 453 1117
1940 265 569
1940 292 664
1940 383 862
1940 350 734
1940 216 625
1940 394 844
1940 456 330
1940 286 526
1940 442 331
1940 379 885
1940 468 873
1940 258 505
1940 297 714
1940 308 664
1940 241 531
1940 299 569
1940 387 265
1940 127 516
1960 428 944
1960 335 207
1960 344 841
1960 429 944
1960 323 1066
1960 118 388
1960 188 732
1960 262 567
1960 305 670
1960 381 859
1960 373 854
1960 216 624
1960 388 855
1960 453 1118
1960 286 530
1960 448 159
1960 51 511
1960 453 593
1960 265 502
1960 300 673
1960 425 554
1960 235 529
1960 332 1065
1960 300 569
1960 91 407
1960 339 211
1960 158 441
1980 352 844
1980 385 868
1980 376 1063
1980 46 190
1980 265 565
1980 279 1217
1980 298 659
1980 385 859
1980 352 824
1980 218 624
1980 395 820
1980 86 757
1980 444 1013
1980 285 529
1980 270 1173
1980 260 1177
1980 359 1019
1980 82 280
1980 366 480
1980 470 913
1980 264 503
1980 318 606
1980 366 483
1980 239 534
1980 155 723
1980 403 1014
1980 300 568
1980 83 300
1980 305 119
