1800 407 817
1800 434 838
1800 268 575
1800 295 571
1800 370 763
1800 218 629
1800 389 802
1800 287 532
1800 284 1137
1800 445 617
1800 258 504
1800 306 659
1800 237 530
1800 302 573
1820 396 639
1820 273 581
1820 312 675
1820 366 827
1820 352 824
1820 216 626
1820 409 835
1820 287 532
1820 225 1273
1820 457 663
1820 259 500
1820 308 667
1820 277 863
1820 241 533
1820 301 572
1840 372 635
1840 271 593
1840 283 674
1840 358 850
1840 217 631
1840 395 837
1840 287 531
1840 257 504
1840 295 666
1840 240 534
1840 59 892
1840 300 571
1860 364 671
1860 271 583
1860 301 604
1860 347 851
1860 218 631
1860 398 841
1860 289 531
1860 340 495
1860 258 504
1860 305 668
1860 372 557
1860 243 536
1860 52 899
1860 299 573
1880 273 600
1880 302 607
1880 354 831
1880 217 626
1880 387 826
1880 292 528
1880 346 515
1880 269 497
1880 307 666
1880 237 532
1880 302 572
1900 461 833
1900 272 572
1900 313 669
1900 351 837
1900 218 632
1900 389 820
1900 87 754
1900 345 475
1900 291 530
1900 344 470
1900 463 834
1900 258 499
1900 305 659
1900 242 534
1900 302 576
1920 369 730
1920 412 922
1920 280 621
1920 307 663
1920 371 829
1920 218 631
1920 408 777
1920 81 695
1920 289 531
1920 164 649
1920 331 475
1920 453 713
1920 264 506
1920 303 662
1920 234 537
1920 162 640
1920 308 604
1920 185 614
1920 376 372
1940 387 266
1940 350 785
1940 273 591
1940 297 662
1940 384 263
1940 344 833
1940 217 626
1940 398 823
1940 451 322
1940 292 527
1940 367 973
1940 252 488
1940 315 662
1940 312 666
1940 234 531
1940 301 571
1940 454 308
1960 401 956
1960 297 1087
1960 192 744
1960 276 586
1960 304 676
1960 371 801
1960 375 185
1960 212 638
1960 427 947
1960 290 531
1960 34 548
1960 264 504
1960 302 677
1960 418 958
1960 232 522
1960 300 573
1960 91 407
1960 158 444
1980 392 1012
1980 268 591
1980 300 656
1980 370 848
1980 350 835
1980 213 614
1980 392 824
1980 89 765
1980 404 1024
1980 360 484
1980 288 530
1980 257 1164
1980 242 1154
1980 262 507
1980 308 667
1980 384 1014
1980 233 536
1980 301 572
1980 76 308
