1800 371 763
1800 39 897
1800 441 833
1800 284 1121
1800 261 567
1800 308 657
1800 391 812
1800 239 79
1800 218 635
1800 421 817
1800 284 532
1800 283 1151
1800 313 820
1800 445 615
1800 260 502
1800 307 657
1800 443 606
1800 240 531
1800 301 569
1820 414 645
1820 40 896
1820 417 844
1820 260 566
1820 305 665
1820 372 844
1820 218 630
1820 417 832
1820 284 530
1820 280 665
1820 214 1253
1820 460 668
1820 259 500
1820 303 658
1820 278 853
1820 239 533
1820 300 569
1820 422 385
1840 429 648
1840 324 867
1840 260 564
1840 283 678
1840 377 849
1840 217 630
1840 411 825
1840 282 530
1840 362 500
1840 427 650
1840 261 503
1840 308 671
1840 324 867
1840 241 534
1840 300 569
1840 367 292
1860 380 706
1860 351 833
1860 35 923
1860 263 567
1860 308 668
1860 385 865
1860 388 873
1860 217 631
1860 393 845
1860 374 557
1860 286 529
1860 285 672
1860 342 496
1860 260 503
1860 305 669
1860 242 532
1860 299 572
1860 314 181
1880 260 562
1880 304 662
1880 360 871
1880 329 771
1880 219 627
1880 395 826
1880 376 514
1880 283 528
1880 311 749
1880 347 515
1880 459 525
1880 269 496
1880 308 707
1880 304 671
1880 377 512
1880 238 532
1880 302 570
1900 405 830
1900 264 562
1900 301 662
1900 362 846
1900 58 1195
1900 227 713
1900 216 632
1900 397 841
1900 91 758
1900 456 1156
1900 385 498
1900 288 528
1900 350 495
1900 461 820
1900 266 506
1900 303 663
1900 235 685
1900 379 501
1900 241 534
1900 303 564
1900 426 450
1920 390 746
1920 407 904
1920 264 560
1920 297 663
1920 178 624
1920 373 863
1920 354 814
1920 218 633
1920 413 791
1920 80 688
1920 285 527
1920 311 460
1920 159 640
1920 405 907
1920 21 516
1920 458 715
1920 264 502
1920 294 623
1920 394 545
1920 239 530
1920 306 575
1920 299 440
1920 184 614
1920 380 370
1940 127 518
1940 465 871
1940 352 736
1940 454 1114
1940 264 575
1940 289 673
1940 75 597
1940 410 316
1940 383 872
1940 348 750
1940 216 626
1940 398 838
1940 457 332
1940 286 527
1940 70 593
1940 250 463
1940 357 980
1940 469 875
1940 260 506
1940 297 730
1940 305 669
1940 242 530
1940 300 569
1940 412 317
1940 386 265
1960 402 812
1960 340 209
1960 345 849
1960 429 945
1960 320 1070
1960 121 384
1960 193 744
1960 260 574
1960 300 673
1960 379 858
1960 366 855
1960 242 714
1960 214 628
1960 387 856
1960 453 1119
1960 287 530
1960 266 1221
1960 53 512
1960 456 595
1960 265 503
1960 300 676
1960 426 555
1960 239 532
1960 330 1068
1960 301 570
1960 93 409
1960 428 211
1960 340 215
1960 160 441
1980 341 866
1980 84 792
1980 386 858
1980 372 1105
1980 57 264
1980 264 569
1980 263 1174
1980 293 666
1980 383 861
1980 351 823
1980 217 628
1980 393 821
1980 84 763
1980 444 1013
1980 286 528
1980 258 1184
1980 262 1177
1980 358 1022
1980 80 313
1980 362 486
1980 464 892
1980 265 505
1980 303 582
1980 370 484
1980 239 534
1980 162 720
1980 400 1049
1980 300 568
1980 88 313
1980 324 129
