1800 394 812
1800 441 833
1800 288 1114
1800 261 572
1800 310 665
1800 391 813
1800 392 808
1800 237 73
1800 218 634
1800 422 810
1800 283 532
1800 288 1147
1800 315 815
1800 296 660
1800 453 622
1800 260 502
1800 307 658
1800 443 604
1800 240 533
1800 301 571
1820 419 634
1820 419 838
1820 259 571
1820 309 666
1820 378 842
1820 217 628
1820 417 831
1820 283 529
1820 224 1263
1820 458 663
1820 259 500
1820 304 661
1820 455 638
1820 279 852
1820 239 534
1820 300 568
1820 438 407
1840 428 645
1840 332 893
1840 257 567
1840 286 673
1840 383 847
1840 218 629
1840 394 853
1840 282 531
1840 368 500
1840 426 660
1840 261 503
1840 311 679
1840 325 865
1840 241 535
1840 299 571
1840 371 299
1860 383 706
1860 353 828
1860 35 923
1860 263 568
1860 309 671
1860 386 862
1860 402 842
1860 217 629
1860 394 845
1860 374 557
1860 285 530
1860 280 661
1860 344 494
1860 260 503
1860 306 672
1860 241 534
1860 299 573
1860 315 181
1880 362 819
1880 462 1060
1880 256 566
1880 307 670
1880 372 868
1880 339 762
1880 217 626
1880 393 834
1880 378 508
1880 283 529
1880 312 740
1880 348 513
1880 266 495
1880 317 699
1880 306 677
1880 377 512
1880 238 532
1880 302 570
1900 452 1110
1900 259 563
1900 304 664
1900 370 846
1900 231 727
1900 216 633
1900 398 841
1900 89 761
1900 453 1124
1900 287 528
1900 351 474
1900 462 819
1900 265 506
1900 300 667
1900 378 501
1900 240 534
1900 302 565
1900 432 445
1920 391 745
1920 409 903
1920 263 562
1920 297 662
1920 377 856
1920 352 822
1920 218 636
1920 417 805
1920 78 682
1920 405 372
1920 282 528
1920 158 640
1920 407 909
1920 392 365
1920 459 713
1920 263 503
1920 296 622
1920 395 544
1920 240 531
1920 303 572
1920 300 439
1920 183 610
1920 383 373
1940 126 516
1940 466 877
1940 353 823
1940 447 1127
1940 264 573
1940 287 674
1940 385 861
1940 355 735
1940 216 624
1940 397 833
1940 460 900
1940 466 289
1940 284 529
1940 366 968
1940 469 872
1940 254 515
1940 297 727
1940 307 671
1940 241 531
1940 299 570
1940 387 266
1940 146 490
1960 341 208
1960 349 835
1960 429 949
1960 321 1070
1960 193 734
1960 255 580
1960 303 672
1960 384 848
1960 213 631
1960 387 850
1960 454 1118
1960 286 532
1960 48 510
1960 460 580
1960 264 503
1960 300 677
1960 428 553
1960 236 531
1960 330 1056
1960 301 571
1960 92 407
1960 437 180
1960 337 209
1960 158 439
1980 72 437
1980 359 82
1980 355 845
1980 387 873
1980 376 1091
1980 264 568
1980 297 663
1980 388 854
1980 351 824
1980 217 627
1980 394 828
1980 85 759
1980 444 1016
1980 286 530
1980 268 1174
1980 266 1193
1980 364 1020
1980 81 304
1980 367 479
1980 467 902
1980 264 506
1980 309 590
1980 369 484
1980 238 534
1980 162 719
1980 300 570
1980 85 304
1980 313 126
