1800 392 813
1800 441 828
1800 282 1123
1800 261 568
1800 298 617
1800 403 825
1800 392 817
1800 238 70
1800 218 630
1800 437 828
1800 283 531
1800 285 1139
1800 313 816
1800 459 630
1800 260 502
1800 308 659
1800 445 602
1800 240 532
1800 301 569
1820 417 638
1820 260 567
1820 302 668
1820 376 847
1820 217 628
1820 420 834
1820 282 530
1820 223 1260
1820 463 670
1820 259 500
1820 304 663
1820 280 847
1820 239 532
1820 300 568
1820 426 390
1840 424 651
1840 328 880
1840 260 564
1840 283 669
1840 371 299
1840 379 852
1840 217 629
1840 406 816
1840 366 514
1840 282 530
1840 391 656
1840 423 659
1840 261 502
1840 309 669
1840 322 873
1840 241 535
1840 299 570
1840 369 293
1860 381 712
1860 352 828
1860 262 567
1860 304 665
1860 387 857
1860 399 839
1860 217 627
1860 391 853
1860 374 558
1860 285 529
1860 284 632
1860 344 492
1860 260 502
1860 306 668
1860 241 533
1860 299 570
1860 315 181
1880 348 828
1880 259 564
1880 309 667
1880 375 868
1880 336 759
1880 218 624
1880 397 832
1880 376 514
1880 285 528
1880 327 754
1880 24 737
1880 348 512
1880 267 495
1880 306 673
1880 377 511
1880 239 532
1880 302 568
1900 461 824
1900 262 563
1900 292 627
1900 382 859
1900 231 719
1900 216 630
1900 399 842
1900 90 757
1900 389 495
1900 287 527
1900 352 492
1900 462 821
1900 266 504
1900 307 661
1900 381 501
1900 240 533
1900 302 565
1900 443 402
1920 390 748
1920 407 902
1920 262 566
1920 290 617
1920 380 859
1920 358 823
1920 217 631
1920 417 818
1920 79 684
1920 282 526
1920 399 400
1920 457 711
1920 263 504
1920 291 620
1920 394 543
1920 238 531
1920 303 571
1920 300 439
1920 184 608
1920 378 371
1940 126 515
1940 426 332
1940 351 824
1940 263 569
1940 285 672
1940 387 859
1940 351 735
1940 216 624
1940 401 831
1940 452 333
1940 285 525
1940 352 734
1940 235 430
1940 380 932
1940 258 510
1940 297 729
1940 303 670
1940 240 531
1940 300 569
1940 387 266
1940 127 523
1960 394 820
1960 335 208
1960 348 839
1960 427 947
1960 119 386
1960 197 742
1960 261 567
1960 302 671
1960 386 855
1960 365 857
1960 247 703
1960 215 626
1960 391 856
1960 286 529
1960 64 502
1960 264 503
1960 302 674
1960 424 563
1960 237 531
1960 331 1061
1960 300 570
1960 91 409
1960 338 211
1960 159 442
1980 332 110
1980 350 849
1980 385 861
1980 385 1042
1980 264 567
1980 296 661
1980 386 852
1980 352 823
1980 218 626
1980 393 838
1980 84 762
1980 443 1017
1980 285 529
1980 270 1172
1980 259 1178
1980 360 1028
1980 84 296
1980 365 479
1980 265 505
1980 316 600
1980 371 482
1980 239 533
1980 163 717
1980 300 569
1980 86 297
1980 312 123
