1800 259 571
1800 304 659
1800 283 530
1800 260 503
1800 239 535
1800 43 915
1800 298 573
1800 370 763
1800 433 609
1800 218 625
1800 313 814
1800 436 826
1800 286 1115
1800 306 659
1800 417 817
1800 396 833
1800 77 487
1800 366 762
1800 376 791
1800 233 70
1800 280 665
1800 288 1142
1800 391 823
1800 439 828
1800 30 185
1800 388 824
1800 5 129
1800 282 1118
1800 448 609
1800 27 211
1800 449 904
1800 394 824
1800 242 77
1800 472 637
1800 366 763
1800 432 611
1800 369 763
1800 79 863
1800 81 480
1800 368 770
1800 431 610
1800 36 895
1800 253 64
1800 28 175
1800 75 489
1800 20 110
1800 470 440
1800 77 485
1800 26 792
1800 78 481
1800 255 77
1800 281 651
1800 364 762
1800 407 46
1800 386 801
1800 389 820
1800 43 921
1800 79 486
1800 21 162
1800 389 122
1800 16 139
1800 393 821
1800 29 348
1800 251 141
1800 79 479
1800 75 483
1800 244 87
1800 20 147
1800 388 810
1800 236 74
1800 191 1309
1800 460 244
1800 235 87
1800 393 795
1800 459 201
1800 279 44
1800 265 66
1800 400 1016
1800 393 830
1800 78 482
1800 23 130
1800 433 220
1800 259 78
1800 65 1285
1800 238 82
1800 77 485
1800 78 486
1800 76 481
1800 86 484
1800 22 843
1800 286 41
1800 403 39
1800 241 87
1800 366 757
1800 249 79
1800 33 912
1800 29 222
1800 29 151
1800 189 1298
1800 262 77
1805 307 667
1805 258 567
1805 240 534
1805 283 530
1805 259 500
1805 430 605
1805 266 1138
1805 217 623
1805 298 570
1805 310 675
1805 368 747
1805 389 842
1805 277 1193
1805 414 833
1805 419 834
1805 365 736
1805 369 821
1805 366 746
1805 31 177
1805 80 459
1805 33 192
1805 424 833
1805 366 800
1805 90 870
1805 398 849
1805 387 843
1805 234 55
1805 370 796
1805 363 751
1805 369 821
1805 459 620
1805 79 462
1805 165 1317
1805 467 450
1805 230 92
1805 305 829
1805 427 611
1805 229 91
1805 24 379
1805 80 456
1805 239 58
1805 430 608
1805 79 455
1805 77 460
1805 423 609
1805 306 833
1805 77 447
1805 265 1139
1805 27 773
1805 24 306
1805 36 907
1805 14 318
1805 427 836
1805 79 458
1805 453 270
1805 77 450
1805 239 63
1805 84 460
1805 375 813
1805 457 169
1805 412 830
1805 366 745
1805 78 459
1805 82 454
1805 77 457
1805 38 901
1805 233 107
1805 460 124
1805 235 74
1805 238 75
1805 27 787
1805 241 56
1805 447 932
1805 455 185
1805 85 453
1805 268 45
1805 303 827
1805 81 464
1805 26 196
1805 29 794
1805 365 749
1805 447 112
1805 82 458
1805 221 62
1805 370 823
1805 79 457
1805 370 797
1805 368 797
1805 367 736
1805 25 925
1805 457 334
1805 445 229
1805 374 811
1805 245 55
1805 86 456
1805 282 652
1805 273 35
1805 218 626
1805 307 827
1805 79 459
1810 309 667
1810 254 1174
1810 257 568
1810 240 532
1810 261 499
1810 283 530
1810 217 625
1810 299 569
1810 418 843
1810 394 837
1810 430 631
1810 362 840
1810 298 834
1810 415 842
1810 430 626
1810 296 832
1810 361 836
1810 297 832
1810 314 673
1810 359 714
1810 295 835
1810 398 827
1810 283 674
1810 26 379
1810 292 836
1810 419 848
1810 461 440
1810 353 91
1810 422 615
1810 28 177
1810 360 840
1810 35 888
1810 75 428
1810 26 225
1810 76 430
1810 292 838
1810 442 127
1810 365 66
1810 443 186
1810 36 882
1810 77 427
1810 78 427
1810 448 181
1810 257 1200
1810 28 152
1810 39 179
1810 357 706
1810 356 81
1810 26 170
1810 20 356
1810 411 829
1810 252 1169
1810 223 56
1810 40 901
1810 20 753
1810 24 376
1810 418 837
1810 444 175
1810 243 44
1810 36 173
1810 24 158
1810 24 745
1810 357 832
1810 351 102
1810 468 529
1810 25 740
1810 26 839
1810 69 347
1810 358 835
1810 353 723
1810 368 98
1810 462 252
1810 464 334
1810 17 127
1810 81 428
1810 76 421
1810 76 419
1810 143 87
1810 294 838
1810 388 70
1810 445 177
1810 28 177
1810 20 331
1810 384 69
1810 437 636
1810 253 1168
1810 80 424
1810 83 427
1810 357 105
1810 293 837
1810 76 427
1810 367 76
1810 297 831
1810 362 110
1810 76 426
1810 20 1123
1810 26 139
1810 251 1171
1810 437 157
1810 29 198
1815 257 564
1815 304 668
1815 239 1198
1815 281 532
1815 259 500
1815 238 530
1815 422 848
1815 424 846
1815 298 570
1815 304 667
1815 457 541
1815 218 625
1815 355 694
1815 286 844
1815 389 846
1815 361 700
1815 442 435
1815 453 607
1815 381 842
1815 98 415
1815 382 843
1815 446 422
1815 91 422
1815 91 418
1815 350 99
1815 80 421
1815 427 844
1815 360 833
1815 439 522
1815 92 418
1815 92 419
1815 411 629
1815 356 830
1815 78 420
1815 95 420
1815 353 689
1815 339 103
1815 357 830
1815 27 370
1815 82 420
1815 97 416
1815 24 393
1815 367 30
1815 94 415
1815 374 56
1815 79 418
1815 453 406
1815 82 417
1815 409 626
1815 91 411
1815 92 419
1815 35 184
1815 478 185
1815 385 846
1815 81 410
1815 44 937
1815 421 9
1815 90 419
1815 92 418
1815 24 329
1815 331 99
1815 339 93
1815 437 428
1815 381 835
1815 88 416
1815 240 1210
1815 91 421
1815 357 834
1815 25 372
1815 452 231
1815 352 692
1815 89 421
1815 37 892
1815 87 412
1815 24 819
1815 351 690
1815 349 94
1815 337 75
1815 345 98
1815 288 846
1815 352 687
1815 36 896
1815 80 415
1815 342 120
1815 351 697
1815 78 409
1815 406 47
1815 236 1196
1815 351 90
1815 416 10
1815 287 839
1815 40 917
1815 85 420
1815 101 419
1815 289 841
1815 412 841
1815 466 755
1815 92 417
1815 418 848
1815 80 420
1820 222 1235
1820 259 500
1820 256 570
1820 219 1244
1820 284 530
1820 240 534
1820 418 836
1820 216 626
1820 305 666
1820 298 568
1820 379 843
1820 275 861
1820 353 672
1820 413 639
1820 452 637
1820 411 519
1820 410 867
1820 372 837
1820 378 842
1820 425 525
1820 349 670
1820 421 382
1820 380 850
1820 410 633
1820 362 832
1820 424 427
1820 30 232
1820 91 415
1820 362 837
1820 416 840
1820 427 399
1820 430 394
1820 423 379
1820 28 339
1820 421 388
1820 424 523
1820 471 819
1820 455 643
1820 421 389
1820 470 818
1820 421 388
1820 219 1234
1820 219 627
1820 455 645
1820 363 833
1820 38 888
1820 94 416
1820 407 638
1820 93 416
1820 456 922
1820 15 227
1820 89 419
1820 25 397
1820 436 275
1820 12 328
1820 27 191
1820 409 640
1820 37 127
1820 31 208
1820 93 419
1820 410 625
1820 417 382
1820 39 178
1820 90 415
1820 422 389
1820 38 173
1820 92 418
1820 35 203
1820 37 913
1820 441 190
1820 218 628
1820 366 832
1820 416 824
1820 37 889
1820 95 420
1820 403 96
1820 87 74
1820 98 106
1820 401 62
1820 458 283
1820 417 829
1820 39 923
1820 212 118
1820 20 828
1820 400 127
1820 42 906
1820 8 367
1820 98 425
1820 403 651
1820 413 630
1820 42 899
1820 102 422
1820 92 416
1820 339 106
1820 88 408
1820 405 79
1820 145 174
1820 89 414
1820 449 148
1820 390 98
1825 307 664
1825 280 530
1825 241 532
1825 213 1326
1825 260 563
1825 260 500
1825 210 1286
1825 417 835
1825 219 621
1825 297 570
1825 405 358
1825 408 641
1825 281 853
1825 352 840
1825 347 660
1825 405 517
1825 449 636
1825 309 658
1825 435 633
1825 300 661
1825 405 357
1825 90 428
1825 417 841
1825 384 852
1825 399 522
1825 382 852
1825 375 859
1825 408 372
1825 410 360
1825 399 519
1825 408 519
1825 92 416
1825 376 862
1825 38 180
1825 380 856
1825 208 1257
1825 404 367
1825 94 426
1825 21 826
1825 439 633
1825 307 89
1825 401 371
1825 386 841
1825 408 360
1825 418 819
1825 220 629
1825 278 859
1825 406 648
1825 350 658
1825 398 511
1825 92 421
1825 375 854
1825 407 353
1825 97 421
1825 403 351
1825 385 848
1825 39 904
1825 313 96
1825 396 365
1825 43 166
1825 469 113
1825 398 390
1825 381 852
1825 404 352
1825 5 387
1825 403 367
1825 272 673
1825 98 416
1825 313 93
1825 462 937
1825 350 652
1825 475 791
1825 399 379
1825 387 114
1825 402 623
1825 400 529
1825 406 643
1825 471 799
1825 355 836
1825 90 423
1825 472 712
1825 307 98
1825 351 662
1825 425 432
1825 350 842
1825 406 93
1825 404 517
1825 353 838
1825 41 928
1825 30 213
1825 94 417
1825 94 419
1825 352 833
1825 91 409
1825 401 518
1825 399 518
1825 315 92
1825 408 511
1825 24 164
1825 348 661
1830 310 673
1830 262 563
1830 279 529
1830 260 500
1830 241 535
1830 219 622
1830 309 667
1830 353 838
1830 297 570
1830 352 642
1830 415 840
1830 204 1274
1830 404 641
1830 381 850
1830 388 508
1830 434 631
1830 433 625
1830 400 354
1830 291 874
1830 351 642
1830 290 873
1830 394 866
1830 351 847
1830 25 232
1830 37 191
1830 399 355
1830 98 418
1830 412 834
1830 406 654
1830 405 359
1830 285 870
1830 409 835
1830 401 356
1830 386 501
1830 273 668
1830 93 423
1830 397 361
1830 48 904
1830 442 643
1830 379 55
1830 402 643
1830 352 839
1830 13 227
1830 29 765
1830 356 655
1830 359 55
1830 94 413
1830 400 359
1830 386 511
1830 398 358
1830 41 911
1830 286 864
1830 386 510
1830 389 362
1830 387 507
1830 22 757
1830 386 512
1830 396 351
1830 470 598
1830 60 86
1830 356 638
1830 351 629
1830 395 346
1830 390 94
1830 100 421
1830 420 317
1830 387 326
1830 95 417
1830 404 643
1830 436 633
1830 93 411
1830 17 304
1830 98 419
1830 25 183
1830 32 231
1830 215 1321
1830 93 418
1830 368 73
1830 403 647
1830 291 54
1830 416 370
1830 11 619
1830 97 420
1830 387 509
1830 451 290
1830 81 161
1830 469 744
1830 4 457
1830 476 748
1830 360 40
1830 54 889
1830 27 804
1830 383 843
1830 93 412
1830 468 572
1830 102 117
1830 100 425
1830 100 417
1830 243 536
1830 350 637
1835 255 572
1835 277 532
1835 262 501
1835 299 570
1835 242 543
1835 314 676
1835 303 871
1835 219 626
1835 411 844
1835 374 497
1835 301 682
1835 351 841
1835 190 1318
1835 387 318
1835 395 856
1835 304 868
1835 387 853
1835 355 625
1835 357 623
1835 376 499
1835 89 442
1835 301 866
1835 352 617
1835 431 634
1835 354 631
1835 86 442
1835 277 665
1835 403 664
1835 399 648
1835 384 855
1835 90 439
1835 430 652
1835 33 955
1835 384 319
1835 89 443
1835 390 325
1835 389 327
1835 387 325
1835 377 858
1835 31 186
1835 431 648
1835 2 330
1835 375 498
1835 351 838
1835 35 185
1835 86 442
1835 63 902
1835 399 652
1835 14 369
1835 375 502
1835 25 213
1835 186 1313
1835 418 841
1835 124 109
1835 91 443
1835 97 443
1835 375 500
1835 408 835
1835 381 854
1835 374 502
1835 31 169
1835 189 1323
1835 355 627
1835 34 179
1835 25 371
1835 91 442
1835 400 653
1835 54 912
1835 375 500
1835 387 327
1835 375 498
1835 434 650
1835 376 502
1835 282 663
1835 402 651
1835 28 765
1835 415 73
1835 392 339
1835 89 439
1835 388 322
1835 26 940
1835 25 365
1835 387 334
1835 91 447
1835 355 625
1835 460 1070
1835 373 497
1835 221 640
1835 220 628
1835 421 355
1835 375 502
1835 477 739
1835 89 433
1835 377 55
1835 401 354
1835 376 500
1835 220 630
1835 399 654
1835 51 901
1835 4 489
1840 257 574
1840 240 532
1840 261 501
1840 299 667
1840 318 863
1840 299 569
1840 218 627
1840 283 527
1840 363 498
1840 375 847
1840 390 655
1840 356 613
1840 283 685
1840 370 293
1840 376 305
1840 412 657
1840 385 852
1840 357 608
1840 341 873
1840 358 612
1840 362 498
1840 29 192
1840 362 502
1840 366 828
1840 375 78
1840 82 24
1840 378 858
1840 23 120
1840 360 503
1840 26 228
1840 372 297
1840 361 287
1840 31 204
1840 27 183
1840 375 305
1840 374 855
1840 374 66
1840 405 830
1840 390 99
1840 27 388
1840 35 195
1840 361 617
1840 371 293
1840 42 897
1840 362 103
1840 376 852
1840 139 122
1840 24 823
1840 79 453
1840 365 289
1840 316 875
1840 357 605
1840 367 286
1840 31 172
1840 26 773
1840 30 180
1840 24 229
1840 329 37
1840 83 455
1840 80 456
1840 112 99
1840 362 501
1840 357 610
1840 361 500
1840 358 606
1840 370 300
1840 357 116
1840 102 63
1840 362 501
1840 329 58
1840 469 777
1840 392 855
1840 127 99
1840 53 872
1840 367 293
1840 27 995
1840 276 668
1840 374 312
1840 464 1062
1840 82 454
1840 361 619
1840 334 85
1840 40 901
1840 131 109
1840 348 88
1840 238 31
1840 459 1096
1840 371 293
1840 358 602
1840 315 870
1840 297 79
1840 109 37
1840 58 886
1840 30 205
1840 27 232
1840 26 119
1840 365 494
1840 465 763
1840 81 455
1840 36 361
1845 240 530
1845 306 667
1845 260 502
1845 298 572
1845 58 907
1845 252 572
1845 219 627
1845 285 526
1845 352 491
1845 352 261
1845 303 648
1845 382 657
1845 332 863
1845 362 850
1845 364 599
1845 337 857
1845 355 491
1845 24 193
1845 362 600
1845 416 654
1845 355 269
1845 347 836
1845 347 494
1845 347 257
1845 360 602
1845 351 259
1845 38 931
1845 404 832
1845 79 458
1845 359 277
1845 308 107
1845 30 230
1845 355 496
1845 352 264
1845 80 460
1845 21 771
1845 30 909
1845 24 247
1845 466 854
1845 38 213
1845 62 923
1845 478 732
1845 27 232
1845 324 864
1845 383 651
1845 376 93
1845 373 643
1845 374 875
1845 353 835
1845 353 491
1845 356 828
1845 34 980
1845 354 266
1845 102 92
1845 21 250
1845 354 494
1845 354 490
1845 351 263
1845 354 498
1845 351 264
1845 317 102
1845 31 157
1845 173 1368
1845 81 460
1845 2 437
1845 280 652
1845 27 192
1845 312 89
1845 122 66
1845 29 194
1845 8 441
1845 28 191
1845 26 205
1845 144 115
1845 221 636
1845 320 861
1845 354 495
1845 44 215
1845 366 275
1845 29 195
1845 55 932
1845 221 631
1845 468 837
1845 83 459
1845 339 118
1845 145 114
1845 5 433
1845 365 602
1845 381 849
1845 319 96
1845 322 114
1845 27 234
1845 470 754
1845 356 493
1845 387 842
1845 81 461
1845 335 106
1845 28 373
1845 306 67
1845 464 616
1850 306 668
1850 260 504
1850 259 566
1850 240 530
1850 287 527
1850 217 632
1850 345 491
1850 300 666
1850 354 829
1850 382 668
1850 341 852
1850 343 241
1850 284 605
1850 391 851
1850 405 674
1850 363 594
1850 404 829
1850 347 491
1850 362 597
1850 405 830
1850 362 598
1850 364 589
1850 364 590
1850 382 866
1850 337 236
1850 47 901
1850 31 908
1850 25 227
1850 346 489
1850 370 630
1850 338 237
1850 374 99
1850 407 665
1850 385 861
1850 79 463
1850 43 891
1850 30 176
1850 36 171
1850 343 237
1850 364 595
1850 27 205
1850 339 237
1850 26 236
1850 339 236
1850 340 240
1850 23 730
1850 382 658
1850 377 636
1850 324 189
1850 362 596
1850 381 669
1850 347 223
1850 380 863
1850 467 142
1850 347 498
1850 406 648
1850 335 237
1850 363 610
1850 381 658
1850 382 117
1850 404 811
1850 380 100
1850 345 490
1850 235 53
1850 337 236
1850 36 214
1850 371 71
1850 8 436
1850 331 857
1850 401 818
1850 383 673
1850 400 817
1850 381 664
1850 329 865
1850 61 912
1850 221 634
1850 365 604
1850 25 147
1850 400 824
1850 67 912
1850 347 489
1850 79 463
1850 327 239
1850 19 503
1850 384 667
1850 364 596
1850 19 484
1850 338 243
1850 344 493
1850 155 1337
1850 283 656
1850 336 861
1850 141 88
1850 389 847
1850 361 599
1850 34 185
1850 127 86
1850 23 190
1850 346 486
1850 460 1033
1855 308 668
1855 295 577
1855 260 503
1855 238 532
1855 285 529
1855 218 629
1855 388 693
1855 366 583
1855 304 664
1855 327 212
1855 342 488
1855 260 563
1855 373 691
1855 386 860
1855 344 855
1855 342 852
1855 394 854
1855 66 910
1855 26 187
1855 385 130
1855 26 212
1855 35 241
1855 375 686
1855 379 91
1855 329 219
1855 321 233
1855 341 495
1855 382 133
1855 365 572
1855 82 464
1855 373 679
1855 365 827
1855 80 461
1855 32 204
1855 362 832
1855 341 499
1855 385 858
1855 29 172
1855 77 467
1855 385 123
1855 378 96
1855 458 175
1855 26 187
1855 34 845
1855 34 902
1855 31 201
1855 26 807
1855 369 680
1855 365 569
1855 342 495
1855 370 688
1855 219 85
1855 389 103
1855 344 499
1855 385 680
1855 33 181
1855 369 683
1855 76 467
1855 315 224
1855 355 614
1855 360 592
1855 477 752
1855 472 572
1855 77 461
1855 361 619
1855 380 121
1855 365 830
1855 342 499
1855 328 223
1855 331 217
1855 472 325
1855 54 898
1855 391 861
1855 37 193
1855 474 783
1855 349 829
1855 44 895
1855 25 237
1855 37 175
1855 380 96
1855 58 909
1855 334 222
1855 369 682
1855 462 279
1855 82 462
1855 10 493
1855 231 123
1855 344 497
1855 222 636
1855 453 1067
1855 73 940
1855 343 493
1855 31 157
1855 329 211
1855 343 497
1855 370 678
1855 326 203
1855 78 459
1855 26 374
1855 27 726
1860 263 570
1860 307 665
1860 259 503
1860 384 693
1860 241 532
1860 284 529
1860 218 631
1860 340 501
1860 382 690
1860 288 603
1860 309 666
1860 359 702
1860 318 190
1860 350 831
1860 342 845
1860 389 858
1860 373 563
1860 79 939
1860 400 854
1860 316 184
1860 343 498
1860 319 187
1860 285 636
1860 471 520
1860 315 185
1860 402 829
1860 378 865
1860 466 838
1860 317 189
1860 473 523
1860 470 524
1860 456 214
1860 37 183
1860 26 233
1860 315 190
1860 316 188
1860 222 635
1860 80 458
1860 28 833
1860 341 497
1860 277 660
1860 54 936
1860 316 186
1860 399 836
1860 316 183
1860 316 189
1860 468 749
1860 36 208
1860 57 923
1860 384 860
1860 31 215
1860 382 688
1860 468 442
1860 383 857
1860 373 562
1860 463 304
1860 315 184
1860 36 178
1860 399 845
1860 78 457
1860 77 445
1860 317 193
1860 390 114
1860 81 459
1860 311 183
1860 367 681
1860 78 462
1860 385 125
1860 315 178
1860 385 100
1860 24 803
1860 319 182
1860 469 343
1860 372 676
1860 383 112
1860 382 691
1860 78 467
1860 319 196
1860 341 508
1860 221 626
1860 343 499
1860 340 503
1860 347 510
1860 138 159
1860 10 607
1860 374 563
1860 31 179
1860 81 455
1860 375 565
1860 314 184
1860 240 532
1860 380 88
1860 457 971
1860 342 502
1860 346 502
1860 20 370
1860 80 466
1860 387 865
1860 40 902
1860 361 575
1865 258 569
1865 285 522
1865 242 534
1865 266 507
1865 384 710
1865 345 507
1865 220 624
1865 309 665
1865 352 832
1865 353 829
1865 285 611
1865 399 831
1865 343 718
1865 65 937
1865 308 157
1865 388 858
1865 346 505
1865 343 506
1865 468 513
1865 389 128
1865 465 518
1865 465 517
1865 74 474
1865 73 467
1865 345 511
1865 383 713
1865 309 177
1865 41 188
1865 311 666
1865 387 110
1865 309 158
1865 307 156
1865 308 179
1865 72 462
1865 456 258
1865 299 184
1865 74 466
1865 75 463
1865 372 851
1865 462 413
1865 75 471
1865 347 512
1865 303 164
1865 477 741
1865 303 177
1865 309 153
1865 28 237
1865 346 508
1865 54 911
1865 26 758
1865 74 457
1865 74 464
1865 275 67
1865 74 459
1865 32 237
1865 347 510
1865 343 704
1865 312 151
1865 65 930
1865 307 178
1865 268 28
1865 388 132
1865 391 840
1865 301 182
1865 299 180
1865 381 858
1865 72 459
1865 72 470
1865 301 168
1865 347 507
1865 78 458
1865 444 169
1865 268 42
1865 308 159
1865 456 250
1865 389 880
1865 378 861
1865 310 160
1865 72 471
1865 72 460
1865 61 945
1865 392 853
1865 306 153
1865 58 940
1865 81 47
1865 351 708
1865 342 507
1865 400 836
1865 386 709
1865 37 188
1865 38 185
1865 470 752
1865 76 465
1865 124 139
1865 349 513
1865 46 892
1865 340 848
1865 345 508
1865 76 461
1865 60 92
1870 258 568
1870 304 664
1870 270 500
1870 288 522
1870 298 574
1870 241 531
1870 346 509
1870 217 626
1870 340 721
1870 400 834
1870 299 666
1870 73 941
1870 387 859
1870 363 728
1870 344 843
1870 72 494
1870 347 509
1870 344 511
1870 300 119
1870 344 851
1870 77 879
1870 461 518
1870 66 914
1870 402 833
1870 472 510
1870 468 518
1870 47 893
1870 41 181
1870 346 508
1870 299 127
1870 31 196
1870 334 720
1870 24 236
1870 371 530
1870 64 909
1870 334 727
1870 72 876
1870 50 866
1870 365 88
1870 475 480
1870 36 198
1870 301 119
1870 333 734
1870 447 520
1870 301 117
1870 303 120
1870 215 628
1870 382 108
1870 298 144
1870 68 902
1870 74 490
1870 373 101
1870 348 515
1870 305 137
1870 459 540
1870 309 123
1870 304 120
1870 31 200
1870 63 901
1870 38 184
1870 78 482
1870 298 132
1870 392 823
1870 23 206
1870 385 858
1870 350 834
1870 364 723
1870 392 831
1870 382 858
1870 337 722
1870 346 511
1870 74 487
1870 369 518
1870 66 917
1870 464 528
1870 361 76
1870 74 485
1870 365 711
1870 67 910
1870 39 175
1870 295 125
1870 326 144
1870 32 176
1870 390 857
1870 217 622
1870 71 911
1870 466 863
1870 370 725
1870 298 126
1870 366 716
1870 478 641
1870 472 729
1870 34 202
1870 307 124
1870 351 833
1870 77 484
1870 346 512
1870 29 204
1870 380 875
1870 6 426
1875 280 511
1875 261 568
1875 243 533
1875 274 497
1875 297 575
1875 219 625
1875 350 747
1875 299 665
1875 350 748
1875 400 828
1875 340 858
1875 326 691
1875 87 899
1875 398 838
1875 375 518
1875 66 510
1875 442 500
1875 349 749
1875 293 115
1875 304 657
1875 347 843
1875 50 882
1875 32 189
1875 345 509
1875 4 567
1875 26 221
1875 441 507
1875 347 857
1875 346 518
1875 41 1245
1875 345 519
1875 439 499
1875 389 133
1875 31 228
1875 31 235
1875 448 514
1875 297 114
1875 471 434
1875 439 494
1875 67 509
1875 389 93
1875 66 510
1875 311 728
1875 85 516
1875 67 509
1875 47 866
1875 289 119
1875 380 76
1875 45 66
1875 383 859
1875 465 510
1875 67 510
1875 350 749
1875 61 507
1875 56 86
1875 347 517
1875 298 122
1875 136 76
1875 36 882
1875 6 621
1875 379 80
1875 141 88
1875 400 838
1875 290 88
1875 24 247
1875 25 364
1875 135 59
1875 66 511
1875 386 860
1875 472 458
1875 347 518
1875 66 509
1875 364 87
1875 347 515
1875 341 850
1875 40 877
1875 465 518
1875 295 101
1875 293 100
1875 298 97
1875 397 843
1875 343 519
1875 347 517
1875 302 127
1875 364 841
1875 66 509
1875 142 98
1875 74 870
1875 68 508
1875 221 630
1875 474 621
1875 446 513
1875 383 862
1875 342 509
1875 441 505
1875 367 513
1875 452 226
1875 348 515
1875 75 897
1875 347 519
1880 241 531
1880 287 526
1880 298 573
1880 307 667
1880 270 495
1880 256 562
1880 221 623
1880 400 828
1880 331 749
1880 305 663
1880 304 761
1880 466 432
1880 387 858
1880 347 865
1880 69 537
1880 433 498
1880 348 515
1880 377 512
1880 346 509
1880 68 859
1880 399 837
1880 282 89
1880 296 88
1880 376 509
1880 436 504
1880 430 503
1880 346 516
1880 69 532
1880 435 496
1880 375 518
1880 350 524
1880 305 733
1880 43 873
1880 346 520
1880 399 833
1880 68 534
1880 353 832
1880 395 825
1880 466 428
1880 346 514
1880 68 532
1880 374 518
1880 376 512
1880 287 79
1880 70 878
1880 345 516
1880 290 87
1880 400 827
1880 372 521
1880 68 533
1880 432 506
1880 44 868
1880 39 175
1880 348 518
1880 469 439
1880 354 839
1880 293 87
1880 347 519
1880 381 862
1880 66 530
1880 467 427
1880 28 194
1880 435 508
1880 291 78
1880 72 535
1880 346 518
1880 128 32
1880 65 529
1880 65 528
1880 334 746
1880 438 506
1880 348 518
1880 344 520
1880 315 735
1880 59 859
1880 289 60
1880 430 509
1880 392 856
1880 289 662
1880 431 501
1880 278 87
1880 346 517
1880 430 499
1880 306 85
1880 36 172
1880 346 516
1880 345 513
1880 346 519
1880 71 534
1880 334 753
1880 338 748
1880 26 194
1880 22 209
1880 346 515
1880 68 533
1880 280 83
1880 6 596
1880 280 80
1880 7 376
1880 478 724
1885 239 532
1885 307 665
1885 298 573
1885 285 530
1885 263 554
1885 262 498
1885 220 624
1885 469 430
1885 345 510
1885 370 494
1885 292 738
1885 413 496
1885 78 842
1885 83 814
1885 351 839
1885 309 638
1885 394 860
1885 386 862
1885 372 842
1885 373 497
1885 314 761
1885 296 656
1885 70 552
1885 355 845
1885 36 188
1885 349 856
1885 303 715
1885 70 553
1885 342 524
1885 57 846
1885 288 76
1885 29 176
1885 412 502
1885 370 498
1885 48 869
1885 69 553
1885 472 469
1885 32 183
1885 40 216
1885 71 569
1885 472 480
1885 68 561
1885 382 865
1885 32 208
1885 343 521
1885 396 828
1885 80 848
1885 414 515
1885 275 87
1885 69 554
1885 377 507
1885 462 446
1885 376 860
1885 42 186
1885 292 57
1885 53 848
1885 120 125
1885 355 824
1885 34 236
1885 413 499
1885 30 169
1885 34 178
1885 367 81
1885 15 187
1885 34 186
1885 31 197
1885 79 843
1885 376 36
1885 77 859
1885 68 552
1885 478 737
1885 35 207
1885 69 557
1885 405 498
1885 374 506
1885 455 903
1885 90 69
1885 413 495
1885 71 553
1885 274 65
1885 413 501
1885 32 186
1885 435 507
1885 292 68
1885 474 735
1885 266 77
1885 260 74
1885 130 151
1885 36 237
1885 271 63
1885 244 125
1885 67 554
1885 98 66
1885 36 183
1885 21 534
1885 34 198
1885 99 80
1885 378 876
1885 281 90
1885 346 840
1890 264 563
1890 237 537
1890 297 573
1890 283 534
1890 257 498
1890 79 811
1890 463 468
1890 344 515
1890 304 665
1890 67 813
1890 370 487
1890 220 626
1890 405 501
1890 345 530
1890 389 859
1890 280 682
1890 271 751
1890 320 711
1890 347 858
1890 65 588
1890 362 853
1890 372 493
1890 66 591
1890 279 762
1890 456 409
1890 348 520
1890 352 826
1890 405 501
1890 86 797
1890 1 599
1890 272 759
1890 351 839
1890 26 383
1890 66 587
1890 458 465
1890 372 506
1890 36 175
1890 349 851
1890 406 499
1890 401 501
1890 370 487
1890 406 500
1890 84 788
1890 65 596
1890 449 445
1890 66 585
1890 406 823
1890 79 796
1890 28 384
1890 463 466
1890 61 824
1890 403 845
1890 32 208
1890 396 530
1890 78 808
1890 80 811
1890 84 783
1890 47 928
1890 401 839
1890 406 502
1890 374 142
1890 380 60
1890 372 483
1890 83 788
1890 50 845
1890 449 162
1890 346 521
1890 346 524
1890 33 194
1890 400 831
1890 262 32
1890 65 817
1890 66 590
1890 401 528
1890 385 84
1890 254 65
1890 26 164
1890 26 192
1890 47 893
1890 26 384
1890 369 492
1890 367 856
1890 8 467
1890 356 113
1890 359 117
1890 271 692
1890 89 783
1890 16 382
1890 28 380
1890 22 108
1890 347 522
1890 346 525
1890 85 782
1890 83 792
1890 70 595
1890 80 813
1890 438 489
1890 349 838
1890 345 527
1890 362 507
1895 304 666
1895 295 573
1895 258 721
1895 240 532
1895 280 529
1895 220 627
1895 260 560
1895 257 499
1895 358 476
1895 474 818
1895 250 728
1895 65 619
1895 358 476
1895 299 662
1895 391 853
1895 389 857
1895 342 512
1895 347 861
1895 275 677
1895 252 751
1895 392 492
1895 66 613
1895 258 722
1895 392 497
1895 376 852
1895 353 506
1895 348 852
1895 356 475
1895 465 417
1895 390 495
1895 391 495
1895 268 692
1895 466 601
1895 471 821
1895 64 774
1895 31 189
1895 376 81
1895 25 166
1895 368 59
1895 458 478
1895 472 805
1895 358 477
1895 470 819
1895 353 833
1895 240 42
1895 65 617
1895 27 188
1895 35 171
1895 360 837
1895 33 167
1895 22 125
1895 466 838
1895 62 779
1895 30 143
1895 29 188
1895 28 187
1895 346 516
1895 16 366
1895 31 182
1895 398 25
1895 456 586
1895 446 259
1895 345 517
1895 22 145
1895 66 622
1895 18 241
1895 394 499
1895 382 863
1895 354 823
1895 443 459
1895 346 519
1895 67 623
1895 92 771
1895 19 136
1895 345 100
1895 409 839
1895 33 174
1895 359 471
1895 49 982
1895 86 776
1895 95 775
1895 376 77
1895 76 736
1895 396 829
1895 12 317
1895 359 477
1895 366 75
1895 356 826
1895 24 124
1895 21 315
1895 31 163
1895 67 603
1895 409 83
1895 354 821
1895 36 211
1895 356 498
1895 391 495
1895 358 477
1895 380 842
1895 26 162
1900 241 530
1900 308 668
1900 283 531
1900 291 574
1900 257 561
1900 220 626
1900 261 504
1900 342 471
1900 446 444
1900 374 492
1900 296 664
1900 237 707
1900 401 848
1900 348 840
1900 390 855
1900 237 699
1900 461 825
1900 283 667
1900 417 545
1900 239 715
1900 62 645
1900 376 491
1900 272 669
1900 345 834
1900 428 456
1900 354 486
1900 340 481
1900 393 868
1900 7 318
1900 376 499
1900 64 1137
1900 34 177
1900 36 256
1900 461 828
1900 34 254
1900 39 179
1900 434 380
1900 37 181
1900 137 159
1900 90 709
1900 130 135
1900 34 169
1900 30 254
1900 37 176
1900 354 836
1900 21 375
1900 84 736
1900 27 250
1900 87 755
1900 318 1189
1900 401 844
1900 65 773
1900 113 107
1900 31 240
1900 96 767
1900 415 535
1900 425 547
1900 13 398
1900 52 801
1900 37 177
1900 46 987
1900 31 228
1900 26 376
1900 94 775
1900 38 185
1900 378 72
1900 349 844
1900 36 188
1900 385 81
1900 446 1009
1900 145 164
1900 459 829
1900 428 452
1900 37 183
1900 63 646
1900 399 826
1900 33 168
1900 392 98
1900 389 492
1900 33 161
1900 340 480
1900 91 752
1900 387 864
1900 369 494
1900 14 259
1900 352 467
1900 126 129
1900 54 122
1900 22 428
1900 387 495
1900 64 653
1900 349 849
1900 381 868
1900 65 649
1900 32 236
1900 27 207
1900 33 1008
1900 474 563
1900 67 644
1900 347 846
1905 309 665
1905 264 504
1905 255 565
1905 284 527
1905 456 861
1905 240 533
1905 296 572
1905 215 627
1905 339 467
1905 401 829
1905 365 484
1905 289 674
1905 96 742
1905 348 850
1905 219 686
1905 206 704
1905 221 679
1905 93 748
1905 437 381
1905 41 702
1905 338 463
1905 424 384
1905 352 510
1905 275 666
1905 402 435
1905 395 858
1905 447 849
1905 345 504
1905 475 735
1905 34 182
1905 401 829
1905 380 83
1905 423 405
1905 38 257
1905 27 255
1905 85 1218
1905 37 264
1905 36 258
1905 413 389
1905 449 849
1905 19 681
1905 414 436
1905 225 680
1905 38 242
1905 359 490
1905 39 265
1905 37 245
1905 409 63
1905 373 90
1905 404 436
1905 35 252
1905 377 485
1905 33 245
1905 36 183
1905 386 98
1905 410 452
1905 448 962
1905 36 268
1905 43 284
1905 118 1308
1905 39 267
1905 86 188
1905 37 179
1905 428 377
1905 35 176
1905 366 486
1905 39 164
1905 341 471
1905 96 740
1905 22 370
1905 362 505
1905 412 430
1905 347 850
1905 94 740
1905 45 138
1905 34 291
1905 23 362
1905 13 387
1905 361 488
1905 407 439
1905 38 252
1905 405 413
1905 142 96
1905 405 831
1905 23 651
1905 104 747
1905 96 737
1905 29 761
1905 395 855
1905 54 1131
1905 43 152
1905 124 1172
1905 338 466
1905 44 249
1905 20 492
1905 349 847
1905 22 381
1905 385 134
1905 404 830
1905 94 744
1910 265 507
1910 310 665
1910 282 527
1910 431 865
1910 255 565
1910 408 839
1910 239 529
1910 335 464
1910 381 867
1910 354 520
1910 218 635
1910 385 866
1910 348 843
1910 336 480
1910 295 647
1910 337 466
1910 291 602
1910 190 673
1910 412 406
1910 348 476
1910 102 723
1910 210 671
1910 326 449
1910 444 742
1910 389 509
1910 206 669
1910 353 839
1910 411 583
1910 197 672
1910 323 443
1910 35 260
1910 25 301
1910 334 466
1910 445 885
1910 10 433
1910 398 411
1910 27 396
1910 419 367
1910 401 836
1910 395 414
1910 32 246
1910 18 400
1910 18 410
1910 9 470
1910 409 31
1910 21 368
1910 32 185
1910 351 847
1910 34 178
1910 142 86
1910 32 255
1910 29 163
1910 30 247
1910 410 838
1910 401 412
1910 406 415
1910 33 251
1910 105 1185
1910 3 540
1910 397 430
1910 5 476
1910 358 84
1910 35 182
1910 26 264
1910 349 850
1910 380 873
1910 413 395
1910 420 363
1910 416 849
1910 24 797
1910 34 186
1910 31 175
1910 104 717
1910 398 861
1910 27 162
1910 39 1001
1910 351 479
1910 400 77
1910 406 426
1910 17 127
1910 36 182
1910 29 183
1910 360 504
1910 37 269
1910 397 507
1910 453 886
1910 389 83
1910 409 112
1910 30 264
1910 406 407
1910 343 497
1910 104 721
1910 402 498
1910 348 115
1910 28 250
1910 347 852
1910 34 1001
1910 16 633
1910 416 494
1910 103 719
1915 284 525
1915 238 529
1915 305 667
1915 265 506
1915 416 889
1915 424 882
1915 420 793
1915 379 858
1915 329 474
1915 395 390
1915 262 561
1915 219 641
1915 414 399
1915 411 738
1915 165 660
1915 188 649
1915 345 848
1915 180 659
1915 294 609
1915 463 454
1915 94 704
1915 397 848
1915 350 491
1915 292 652
1915 26 261
1915 374 569
1915 352 828
1915 13 612
1915 342 479
1915 38 264
1915 317 441
1915 36 254
1915 8 358
1915 36 253
1915 38 783
1915 44 262
1915 459 454
1915 399 387
1915 36 187
1915 42 262
1915 37 183
1915 389 392
1915 462 1067
1915 362 497
1915 384 38
1915 27 232
1915 427 370
1915 33 241
1915 40 272
1915 49 272
1915 137 91
1915 471 308
1915 15 367
1915 464 593
1915 42 276
1915 378 863
1915 382 35
1915 34 169
1915 390 857
1915 401 830
1915 135 167
1915 147 85
1915 42 257
1915 29 277
1915 126 146
1915 386 838
1915 142 126
1915 377 550
1915 374 515
1915 310 445
1915 160 146
1915 48 283
1915 346 486
1915 363 535
1915 349 72
1915 402 741
1915 365 537
1915 20 599
1915 32 269
1915 103 690
1915 116 58
1915 384 77
1915 355 98
1915 46 259
1915 89 103
1915 114 114
1915 26 374
1915 364 67
1915 126 117
1915 131 104
1915 414 409
1915 378 553
1915 391 523
1915 344 475
1915 401 744
1915 373 504
1915 158 137
1915 438 897
1915 335 477
1915 405 822
1920 413 896
1920 263 503
1920 261 563
1920 235 534
1920 375 852
1920 217 628
1920 384 735
1920 399 354
1920 283 524
1920 303 664
1920 396 540
1920 295 444
1920 162 649
1920 296 440
1920 89 698
1920 315 461
1920 387 865
1920 341 875
1920 301 441
1920 394 866
1920 402 364
1920 407 353
1920 405 356
1920 378 857
1920 358 833
1920 377 852
1920 455 707
1920 440 908
1920 384 372
1920 308 456
1920 455 713
1920 383 363
1920 457 708
1920 398 345
1920 44 289
1920 414 358
1920 437 451
1920 34 736
1920 423 412
1920 376 369
1920 39 1012
1920 368 857
1920 383 864
1920 450 730
1920 35 1005
1920 37 267
1920 18 604
1920 371 44
1920 29 996
1920 434 911
1920 36 270
1920 42 256
1920 27 1008
1920 393 539
1920 400 554
1920 21 740
1920 54 313
1920 13 1001
1920 157 651
1920 386 851
1920 379 371
1920 376 371
1920 31 766
1920 298 440
1920 380 365
1920 399 356
1920 345 64
1920 46 303
1920 50 259
1920 402 338
1920 377 371
1920 48 298
1920 23 490
1920 402 340
1920 360 817
1920 56 332
1920 37 745
1920 54 309
1920 76 95
1920 385 432
1920 393 549
1920 395 412
1920 38 743
1920 377 373
1920 22 273
1920 393 544
1920 295 442
1920 371 379
1920 380 369
1920 376 859
1920 439 916
1920 381 368
1920 378 372
1920 382 729
1920 330 26
1920 374 90
1920 335 38
1920 376 361
1920 395 544
1920 297 440
1925 303 668
1925 263 505
1925 281 519
1925 398 334
1925 241 532
1925 439 755
1925 381 857
1925 403 834
1925 264 555
1925 302 664
1925 220 623
1925 427 703
1925 101 655
1925 285 441
1925 176 595
1925 32 190
1925 398 893
1925 400 332
1925 294 600
1925 372 738
1925 374 358
1925 421 415
1925 351 846
1925 278 431
1925 453 700
1925 401 542
1925 427 393
1925 283 678
1925 399 334
1925 310 468
1925 281 433
1925 30 261
1925 401 338
1925 47 268
1925 18 618
1925 44 259
1925 38 260
1925 374 118
1925 392 142
1925 346 845
1925 367 353
1925 344 852
1925 278 433
1925 42 256
1925 430 716
1925 348 849
1925 399 332
1925 398 355
1925 425 382
1925 356 736
1925 452 391
1925 401 917
1925 308 467
1925 416 368
1925 467 750
1925 373 362
1925 401 330
1925 37 273
1925 435 376
1925 21 628
1925 375 69
1925 86 73
1925 413 366
1925 392 336
1925 361 736
1925 356 742
1925 398 541
1925 389 344
1925 33 373
1925 19 501
1925 360 735
1925 28 372
1925 400 538
1925 394 343
1925 33 763
1925 360 733
1925 431 715
1925 370 342
1925 439 378
1925 49 305
1925 136 101
1925 34 203
1925 109 36
1925 374 98
1925 22 791
1925 21 763
1925 446 381
1925 310 468
1925 411 380
1925 30 646
1925 107 40
1925 24 640
1925 389 859
1925 352 100
1925 385 370
1925 85 8
1925 27 778
1925 433 362
1925 50 253
1925 29 737
1930 241 531
1930 263 563
1930 298 570
1930 262 507
1930 388 931
1930 403 832
1930 217 624
1930 398 317
1930 305 668
1930 409 713
1930 360 844
1930 272 433
1930 284 513
1930 336 736
1930 99 634
1930 274 436
1930 166 544
1930 369 333
1930 455 377
1930 269 430
1930 78 640
1930 426 571
1930 392 307
1930 351 844
1930 388 858
1930 439 385
1930 334 737
1930 161 540
1930 394 333
1930 279 476
1930 392 304
1930 370 830
1930 391 304
1930 415 360
1930 332 747
1930 49 273
1930 418 379
1930 422 372
1930 30 605
1930 403 43
1930 477 839
1930 24 575
1930 403 716
1930 64 651
1930 395 71
1930 405 715
1930 332 746
1930 374 858
1930 22 767
1930 387 933
1930 27 748
1930 430 367
1930 15 775
1930 46 258
1930 397 318
1930 411 559
1930 392 307
1930 394 334
1930 391 365
1930 20 376
1930 273 435
1930 43 259
1930 371 63
1930 30 160
1930 52 81
1930 399 366
1930 366 343
1930 395 332
1930 389 373
1930 390 326
1930 394 365
1930 374 54
1930 26 808
1930 384 336
1930 34 112
1930 274 482
1930 362 333
1930 331 740
1930 416 560
1930 468 862
1930 31 595
1930 332 745
1930 462 385
1930 92 61
1930 34 187
1930 29 784
1930 365 340
1930 25 395
1930 333 735
1930 103 630
1930 28 604
1930 25 616
1930 28 193
1930 333 736
1930 134 39
1930 29 611
1930 464 253
1930 399 862
1930 384 331
1930 105 106
1935 284 514
1935 241 531
1935 261 566
1935 299 572
1935 405 824
1935 269 478
1935 75 606
1935 217 626
1935 395 277
1935 355 849
1935 314 673
1935 376 734
1935 371 305
1935 372 854
1935 246 434
1935 308 669
1935 24 456
1935 380 981
1935 377 311
1935 282 474
1935 102 614
1935 399 823
1935 353 847
1935 244 432
1935 243 432
1935 361 966
1935 158 526
1935 158 520
1935 423 564
1935 470 843
1935 287 685
1935 447 360
1935 390 726
1935 402 332
1935 412 328
1935 398 829
1935 407 320
1935 24 191
1935 49 304
1935 395 281
1935 241 434
1935 416 337
1935 467 855
1935 369 75
1935 28 253
1935 281 499
1935 396 281
1935 392 282
1935 465 1109
1935 274 667
1935 123 117
1935 93 48
1935 426 352
1935 390 279
1935 376 939
1935 76 75
1935 42 261
1935 31 306
1935 365 51
1935 304 744
1935 44 269
1935 36 266
1935 34 263
1935 383 73
1935 386 860
1935 397 313
1935 23 965
1935 301 746
1935 156 522
1935 413 331
1935 415 329
1935 422 371
1935 101 91
1935 444 343
1935 34 280
1935 53 256
1935 414 330
1935 162 513
1935 421 340
1935 41 262
1935 376 49
1935 125 128
1935 92 69
1935 392 281
1935 363 880
1935 421 348
1935 91 71
1935 355 866
1935 419 564
1935 381 86
1935 35 589
1935 98 610
1935 248 435
1935 390 722
1935 393 281
1935 361 59
1935 308 743
1935 94 121
1935 31 753
1935 420 355
1940 310 672
1940 284 520
1940 265 497
1940 298 571
1940 73 604
1940 261 561
1940 238 527
1940 363 295
1940 366 856
1940 220 623
1940 424 568
1940 355 826
1940 354 982
1940 359 842
1940 237 435
1940 105 592
1940 421 304
1940 313 674
1940 372 291
1940 355 732
1940 126 522
1940 39 421
1940 462 861
1940 434 327
1940 360 973
1940 417 316
1940 351 827
1940 416 302
1940 419 317
1940 449 335
1940 250 469
1940 420 295
1940 456 870
1940 152 506
1940 49 266
1940 385 266
1940 103 587
1940 393 278
1940 69 593
1940 413 59
1940 72 608
1940 392 274
1940 70 605
1940 103 584
1940 464 291
1940 401 90
1940 390 273
1940 388 272
1940 387 271
1940 409 311
1940 106 588
1940 100 586
1940 396 280
1940 376 293
1940 44 270
1940 72 584
1940 445 303
1940 27 382
1940 427 295
1940 388 269
1940 386 269
1940 102 581
1940 15 580
1940 70 604
1940 451 863
1940 449 869
1940 47 270
1940 99 589
1940 420 580
1940 102 587
1940 70 587
1940 414 307
1940 29 965
1940 97 583
1940 125 526
1940 373 290
1940 393 273
1940 474 618
1940 402 101
1940 449 863
1940 300 710
1940 101 585
1940 29 403
1940 80 104
1940 100 586
1940 161 76
1940 73 595
1940 101 585
1940 386 285
1940 17 255
1940 458 105
1940 401 302
1940 22 593
1940 352 41
1940 308 41
1940 99 585
1940 70 593
1940 122 520
1940 304 64
1940 371 294
1945 286 528
1945 265 503
1945 298 572
1945 245 531
1945 345 1005
1945 314 678
1945 219 627
1945 398 264
1945 470 871
1945 425 568
1945 359 272
1945 379 854
1945 262 565
1945 97 569
1945 142 463
1945 299 691
1945 249 471
1945 351 828
1945 71 563
1945 355 999
1945 119 493
1945 374 272
1945 217 435
1945 281 673
1945 225 445
1945 146 486
1945 118 495
1945 95 563
1945 445 877
1945 276 660
1945 220 461
1945 96 568
1945 222 450
1945 143 467
1945 438 286
1945 385 250
1945 269 669
1945 125 500
1945 351 845
1945 348 104
1945 391 846
1945 386 253
1945 407 274
1945 208 442
1945 412 286
1945 97 570
1945 388 258
1945 399 310
1945 363 269
1945 348 87
1945 451 891
1945 350 81
1945 449 896
1945 143 464
1945 349 101
1945 387 256
1945 95 566
1945 355 144
1945 32 571
1945 351 116
1945 415 286
1945 421 301
1945 468 612
1945 39 281
1945 31 278
1945 343 97
1945 411 309
1945 98 570
1945 361 280
1945 70 569
1945 407 55
1945 42 323
1945 357 103
1945 405 298
1945 385 251
1945 143 468
1945 369 852
1945 143 463
1945 47 566
1945 49 261
1945 95 562
1945 24 248
1945 441 879
1945 348 108
1945 119 496
1945 426 302
1945 95 570
1945 348 128
1945 424 309
1945 415 310
1945 367 295
1945 142 465
1945 123 501
1945 447 881
1945 375 854
1945 386 261
1945 349 829
1945 416 285
1945 386 857
1945 387 251
1950 301 682
1950 263 502
1950 188 436
1950 259 566
1950 128 435
1950 289 530
1950 299 569
1950 378 863
1950 423 573
1950 239 530
1950 388 248
1950 216 618
1950 344 844
1950 382 230
1950 446 911
1950 246 472
1950 268 668
1950 292 676
1950 31 185
1950 282 679
1950 381 227
1950 38 304
1950 431 907
1950 348 1035
1950 324 1026
1950 110 467
1950 267 679
1950 131 435
1950 420 575
1950 390 273
1950 455 323
1950 376 238
1950 47 260
1950 131 435
1950 398 274
1950 410 267
1950 379 239
1950 351 838
1950 395 106
1950 438 261
1950 420 273
1950 249 746
1950 32 544
1950 419 269
1950 27 386
1950 380 244
1950 445 264
1950 95 549
1950 404 277
1950 394 271
1950 452 948
1950 295 746
1950 401 275
1950 385 253
1950 393 277
1950 394 865
1950 50 255
1950 444 941
1950 395 279
1950 420 575
1950 419 309
1950 240 756
1950 242 753
1950 244 470
1950 401 279
1950 390 271
1950 400 276
1950 421 573
1950 407 271
1950 421 285
1950 320 1028
1950 347 842
1950 37 322
1950 351 113
1950 425 585
1950 54 942
1950 421 315
1950 430 131
1950 385 233
1950 424 260
1950 389 868
1950 421 572
1950 94 550
1950 20 532
1950 36 313
1950 449 320
1950 34 305
1950 382 238
1950 30 253
1950 386 261
1950 415 297
1950 393 277
1950 356 255
1950 353 263
1950 387 234
1950 31 368
1950 90 521
1950 188 440
1950 348 253
1950 249 746
1955 263 506
1955 241 520
1955 299 570
1955 263 561
1955 182 437
1955 358 234
1955 227 471
1955 440 558
1955 282 526
1955 91 528
1955 224 626
1955 374 223
1955 129 409
1955 401 263
1955 381 864
1955 347 835
1955 227 470
1955 268 750
1955 296 675
1955 312 1045
1955 284 675
1955 227 470
1955 385 858
1955 102 445
1955 50 272
1955 373 825
1955 441 229
1955 443 550
1955 48 263
1955 180 436
1955 350 834
1955 380 861
1955 398 850
1955 307 672
1955 425 967
1955 16 856
1955 349 835
1955 374 212
1955 452 955
1955 421 251
1955 390 870
1955 276 685
1955 412 248
1955 414 250
1955 329 1039
1955 301 1054
1955 307 1051
1955 441 243
1955 38 189
1955 60 271
1955 393 841
1955 364 229
1955 398 273
1955 432 305
1955 180 437
1955 391 251
1955 437 279
1955 419 287
1955 100 444
1955 432 285
1955 33 524
1955 419 882
1955 356 84
1955 385 864
1955 99 445
1955 18 750
1955 369 205
1955 424 254
1955 59 849
1955 393 261
1955 13 569
1955 73 522
1955 12 1172
1955 56 260
1955 398 843
1955 343 81
1955 101 445
1955 101 443
1955 178 439
1955 409 247
1955 71 521
1955 215 754
1955 36 582
1955 406 859
1955 338 92
1955 436 238
1955 84 517
1955 420 179
1955 128 418
1955 370 217
1955 401 237
1955 375 251
1955 446 562
1955 46 302
1955 179 438
1955 88 521
1955 77 517
1955 401 230
1955 367 204
1955 36 543
1960 263 504
1960 259 563
1960 426 547
1960 300 568
1960 283 528
1960 90 409
1960 236 531
1960 217 624
1960 399 227
1960 426 546
1960 381 867
1960 214 476
1960 305 672
1960 350 210
1960 303 1060
1960 394 864
1960 167 439
1960 123 387
1960 343 851
1960 279 672
1960 214 475
1960 305 662
1960 105 541
1960 377 831
1960 407 959
1960 375 824
1960 367 177
1960 385 850
1960 412 237
1960 40 187
1960 369 207
1960 332 204
1960 424 225
1960 424 258
1960 194 744
1960 164 442
1960 14 542
1960 48 263
1960 18 564
1960 15 551
1960 424 958
1960 33 556
1960 434 221
1960 398 202
1960 368 215
1960 436 269
1960 406 282
1960 368 206
1960 378 224
1960 178 751
1960 419 271
1960 19 555
1960 424 299
1960 383 78
1960 417 567
1960 196 34
1960 415 273
1960 434 178
1960 268 706
1960 91 410
1960 366 227
1960 370 251
1960 382 186
1960 416 225
1960 25 573
1960 478 787
1960 414 251
1960 21 814
1960 99 488
1960 11 781
1960 20 774
1960 177 743
1960 10 630
1960 178 751
1960 121 384
1960 393 246
1960 28 532
1960 392 242
1960 26 563
1960 408 235
1960 444 317
1960 95 459
1960 91 408
1960 434 168
1960 2 623
1960 45 267
1960 173 1233
1960 406 221
1960 90 406
1960 389 219
1960 89 411
1960 161 442
1960 115 391
1960 384 212
1960 394 226
1960 63 512
1960 384 199
1960 90 412
1960 390 247
1960 26 814
1965 424 984
1965 264 504
1965 259 560
1965 240 531
1965 416 547
1965 284 527
1965 300 569
1965 303 672
1965 207 478
1965 303 667
1965 150 449
1965 139 442
1965 224 623
1965 351 841
1965 152 745
1965 164 745
1965 341 191
1965 283 1088
1965 312 1096
1965 346 845
1965 94 373
1965 24 381
1965 202 474
1965 320 187
1965 419 1014
1965 413 543
1965 381 852
1965 365 842
1965 72 521
1965 391 213
1965 417 187
1965 207 724
1965 393 829
1965 395 858
1965 379 207
1965 63 501
1965 317 186
1965 52 261
1965 65 513
1965 7 532
1965 404 231
1965 68 522
1965 408 551
1965 394 831
1965 318 173
1965 40 183
1965 407 553
1965 415 187
1965 417 187
1965 155 446
1965 419 543
1965 436 148
1965 89 385
1965 358 169
1965 318 185
1965 359 168
1965 64 506
1965 322 184
1965 479 828
1965 315 192
1965 34 817
1965 122 355
1965 90 373
1965 2 599
1965 63 499
1965 400 261
1965 478 700
1965 52 68
1965 92 379
1965 368 216
1965 83 494
1965 398 269
1965 377 861
1965 428 182
1965 359 219
1965 385 218
1965 394 837
1965 403 259
1965 347 826
1965 422 215
1965 437 198
1965 317 189
1965 94 380
1965 401 265
1965 119 351
1965 17 592
1965 317 188
1965 93 374
1965 460 150
1965 427 519
1965 353 828
1965 424 191
1965 386 252
1965 390 289
1965 372 240
1965 91 381
1965 119 355
1965 31 793
1965 425 197
1965 64 502
1970 264 503
1970 86 360
1970 242 531
1970 276 1107
1970 299 569
1970 284 528
1970 216 624
1970 138 742
1970 385 855
1970 262 559
1970 358 839
1970 354 168
1970 139 444
1970 303 669
1970 195 475
1970 401 519
1970 40 433
1970 353 166
1970 90 458
1970 346 846
1970 194 472
1970 395 1007
1970 396 839
1970 24 462
1970 385 535
1970 290 1126
1970 399 831
1970 112 317
1970 104 490
1970 397 824
1970 478 845
1970 113 332
1970 45 265
1970 97 465
1970 357 146
1970 18 704
1970 86 354
1970 65 467
1970 391 153
1970 367 1025
1970 373 165
1970 10 556
1970 398 856
1970 365 155
1970 3 522
1970 337 95
1970 34 459
1970 353 832
1970 305 652
1970 361 145
1970 365 161
1970 24 1020
1970 390 122
1970 38 399
1970 426 157
1970 376 1037
1970 85 343
1970 87 355
1970 352 147
1970 68 461
1970 51 467
1970 142 744
1970 65 467
1970 8 603
1970 302 666
1970 365 54
1970 87 455
1970 113 323
1970 9 532
1970 17 539
1970 68 466
1970 66 462
1970 14 546
1970 368 153
1970 364 151
1970 62 469
1970 87 454
1970 27 545
1970 390 159
1970 359 184
1970 389 530
1970 112 322
1970 380 222
1970 64 462
1970 63 468
1970 89 449
1970 368 57
1970 67 460
1970 26 539
1970 390 171
1970 90 461
1970 87 346
1970 384 531
1970 354 169
1970 85 350
1970 65 459
1970 135 748
1970 55 451
1970 393 202
1970 341 149
1975 259 557
1975 238 530
1975 264 502
1975 101 311
1975 282 1136
1975 297 571
1975 463 858
1975 85 339
1975 290 1164
1975 225 623
1975 302 669
1975 287 528
1975 383 861
1975 124 456
1975 352 826
1975 48 436
1975 381 502
1975 103 316
1975 385 862
1975 368 1017
1975 122 452
1975 453 1059
1975 121 453
1975 283 1143
1975 259 1134
1975 372 1016
1975 411 1008
1975 293 675
1975 386 497
1975 189 473
1975 388 502
1975 376 150
1975 351 1019
1975 277 662
1975 353 834
1975 2 617
1975 18 559
1975 15 539
1975 6 605
1975 51 267
1975 396 825
1975 425 89
1975 11 615
1975 14 564
1975 83 332
1975 326 163
1975 336 171
1975 319 155
1975 321 143
1975 109 296
1975 315 139
1975 350 131
1975 316 685
1975 14 599
1975 33 432
1975 320 145
1975 315 149
1975 389 150
1975 31 773
1975 34 442
1975 410 169
1975 108 291
1975 4 458
1975 109 294
1975 30 540
1975 100 430
1975 64 454
1975 89 437
1975 117 85
1975 26 384
1975 336 153
1975 336 147
1975 330 142
1975 148 88
1975 48 257
1975 33 501
1975 323 144
1975 5 543
1975 456 1011
1975 57 256
1975 86 335
1975 345 159
1975 393 119
1975 21 588
1975 471 598
1975 109 283
1975 394 826
1975 93 33
1975 9 499
1975 14 503
1975 384 153
1975 113 51
1975 412 116
1975 350 148
1975 418 219
1975 425 183
1975 99 437
1975 460 304
1975 381 150
1975 374 507
1980 263 504
1980 297 572
1980 262 563
1980 238 533
1980 283 527
1980 217 626
1980 355 1026
1980 359 491
1980 386 857
1980 159 720
1980 357 488
1980 349 836
1980 86 751
1980 87 403
1980 265 1170
1980 439 1007
1980 153 730
1980 177 486
1980 102 426
1980 371 1063
1980 245 1148
1980 389 858
1980 329 124
1980 386 1048
1980 311 640
1980 97 293
1980 351 835
1980 328 684
1980 27 333
1980 364 488
1980 140 264
1980 363 501
1980 245 1154
1980 456 889
1980 92 405
1980 288 656
1980 86 282
1980 329 123
1980 321 124
1980 34 421
1980 370 96
1980 22 614
1980 332 108
1980 336 124
1980 332 123
1980 387 493
1980 90 410
1980 396 832
1980 14 613
1980 48 264
1980 51 265
1980 477 660
1980 313 120
1980 95 426
1980 45 264
1980 383 114
1980 41 452
1980 90 406
1980 399 1018
1980 323 103
1980 303 118
1980 34 606
1980 385 167
1980 297 136
1980 40 643
1980 98 743
1980 316 113
1980 130 138
1980 398 842
1980 85 405
1980 90 753
1980 34 386
1980 31 824
1980 27 272
1980 304 106
1980 329 113
1980 364 75
1980 16 537
1980 359 492
1980 380 140
1980 377 94
1980 83 406
1980 94 429
1980 360 96
1980 103 86
1980 16 521
1980 130 189
1980 30 418
1980 303 112
1980 148 119
1980 320 135
1980 91 806
1980 325 139
1980 32 597
1980 59 796
1980 109 454
1980 90 406
1980 20 512
1980 96 60
1980 13 1181
1985 264 503
1985 282 525
1985 262 564
1985 237 1165
1985 105 228
1985 239 533
1985 212 624
1985 392 1082
1985 342 462
1985 261 1199
1985 387 862
1985 351 831
1985 178 482
1985 353 1054
1985 83 388
1985 360 442
1985 303 666
1985 302 668
1985 85 398
1985 294 602
1985 28 396
1985 366 1078
1985 355 835
1985 399 827
1985 351 827
1985 442 1046
1985 395 834
1985 92 394
1985 112 238
1985 33 198
1985 83 391
1985 105 232
1985 368 461
1985 95 395
1985 324 106
1985 17 772
1985 474 833
1985 380 112
1985 75 753
1985 35 385
1985 87 394
1985 80 388
1985 88 392
1985 238 1162
1985 90 398
1985 321 125
1985 73 400
1985 385 122
1985 18 585
1985 104 232
1985 453 904
1985 85 392
1985 91 458
1985 376 88
1985 113 254
1985 113 138
1985 29 399
1985 93 386
1985 12 1040
1985 110 235
1985 102 409
1985 93 459
1985 86 392
1985 73 402
1985 90 389
1985 53 285
1985 100 455
1985 84 398
1985 87 392
1985 79 405
1985 295 109
1985 92 411
1985 79 389
1985 116 712
1985 87 393
1985 105 240
1985 102 227
1985 99 396
1985 98 454
1985 92 465
1985 369 122
1985 85 386
1985 105 228
1985 49 614
1985 32 823
1985 90 393
1985 93 395
1985 371 475
1985 96 390
1985 314 100
1985 78 386
1985 333 124
1985 70 815
1985 44 161
1985 360 446
1985 93 425
1985 84 741
1985 68 348
1985 316 118
1985 93 67
1990 264 504
1990 260 567
1990 420 940
1990 237 531
1990 279 519
1990 300 569
1990 72 376
1990 221 1191
1990 214 619
1990 352 842
1990 347 1099
1990 300 674
1990 386 859
1990 346 1094
1990 174 482
1990 37 192
1990 392 870
1990 108 382
1990 386 865
1990 356 1122
1990 349 412
1990 80 471
1990 383 1167
1990 58 297
1990 177 483
1990 352 836
1990 459 951
1990 243 1210
1990 348 408
1990 102 201
1990 81 386
1990 88 388
1990 102 205
1990 86 378
1990 72 386
1990 292 92
1990 297 129
1990 90 378
1990 79 380
1990 89 398
1990 78 245
1990 82 248
1990 72 379
1990 15 541
1990 91 243
1990 102 202
1990 116 231
1990 80 399
1990 89 271
1990 25 708
1990 89 476
1990 89 374
1990 90 724
1990 79 476
1990 100 195
1990 370 66
1990 58 357
1990 81 385
1990 398 849
1990 339 1112
1990 107 205
1990 330 88
1990 269 41
1990 283 102
1990 80 386
1990 106 81
1990 76 774
1990 358 436
1990 77 63
1990 91 383
1990 92 489
1990 466 118
1990 75 355
1990 82 472
1990 78 393
1990 82 390
1990 85 479
1990 77 465
1990 315 108
1990 361 66
1990 49 754
1990 337 77
1990 76 381
1990 449 171
1990 87 472
1990 80 456
1990 40 584
1990 85 382
1990 139 92
1990 10 412
1990 81 475
1990 12 630
1990 72 373
1990 95 383
1990 91 66
1990 463 115
1990 104 726
1990 218 620
1990 71 382
1990 69 331
1995 303 666
1995 409 949
1995 280 523
1995 263 501
1995 218 1210
1995 257 555
1995 235 541
1995 89 353
1995 61 473
1995 217 619
1995 298 570
1995 383 857
1995 303 667
1995 173 484
1995 205 1221
1995 353 827
1995 288 89
1995 390 850
1995 329 1172
1995 92 739
1995 342 389
1995 276 664
1995 368 1095
1995 316 408
1995 103 199
1995 443 966
1995 69 324
1995 354 829
1995 92 201
1995 122 334
1995 87 354
1995 400 849
1995 59 247
1995 275 664
1995 210 1218
1995 72 347
1995 22 830
1995 96 355
1995 85 366
1995 53 262
1995 98 197
1995 53 265
1995 65 478
1995 345 404
1995 99 349
1995 72 478
1995 67 478
1995 67 353
1995 38 291
1995 56 272
1995 265 63
1995 97 188
1995 101 196
1995 67 340
1995 50 266
1995 63 284
1995 62 315
1995 68 481
1995 81 366
1995 77 355
1995 76 480
1995 343 67
1995 96 364
1995 29 1042
1995 79 489
1995 73 483
1995 63 472
1995 270 74
1995 395 827
1995 476 487
1995 82 491
1995 68 476
1995 88 340
1995 58 331
1995 100 343
1995 67 480
1995 102 364
1995 72 485
1995 76 489
1995 317 66
1995 42 813
1995 314 410
1995 452 966
1995 67 480
1995 70 484
1995 205 1236
1995 72 45
1995 24 537
1995 64 481
1995 70 477
1995 50 255
1995 358 422
1995 49 278
1995 288 93
1995 60 321
1995 175 483
1995 63 482
1995 101 196
1995 345 407
1995 59 277
