1800 434 609
1800 238 536
1800 287 1141
1800 369 759
1800 386 792
1800 257 565
1800 315 815
1800 258 502
1800 414 815
1800 277 532
1800 305 651
1800 422 815
1800 293 1131
1800 217 620
1800 299 568
1820 456 627
1820 221 1249
1820 238 537
1820 278 851
1820 377 842
1820 36 919
1820 211 1257
1820 260 556
1820 258 498
1820 417 840
1820 358 677
1820 281 525
1820 279 677
1820 308 664
1820 217 623
1820 298 566
1840 240 537
1840 350 609
1840 375 852
1840 264 579
1840 390 657
1840 256 500
1840 372 296
1840 280 528
1840 277 689
1840 277 691
1840 217 625
1840 295 554
1840 310 866
1860 240 534
1860 385 687
1860 374 851
1860 367 556
1860 58 958
1860 259 570
1860 353 825
1860 370 567
1860 255 503
1860 398 836
1860 282 530
1860 283 667
1860 305 660
1860 310 181
1860 215 626
1860 296 565
1880 375 510
1880 238 530
1880 378 854
1880 316 731
1880 264 494
1880 341 823
1880 284 522
1880 304 660
1880 220 628
1880 297 562
1880 295 569
1900 390 495
1900 57 643
1900 238 530
1900 374 847
1900 348 470
1900 257 561
1900 257 499
1900 353 830
1900 398 844
1900 283 531
1900 306 660
1900 461 822
1900 234 717
1900 220 631
1900 63 769
1900 299 562
1920 415 903
1920 82 678
1920 234 539
1920 383 730
1920 383 860
1920 263 571
1920 153 647
1920 260 499
1920 363 837
1920 301 438
1920 353 823
1920 414 896
1920 280 521
1920 98 679
1920 305 667
1920 39 257
1920 385 371
1920 218 630
1920 33 742
1920 300 623
1940 71 616
1940 454 279
1940 240 528
1940 228 429
1940 385 859
1940 363 978
1940 261 565
1940 438 328
1940 264 478
1940 362 833
1940 373 287
1940 342 827
1940 283 520
1940 313 657
1940 467 860
1940 216 622
1940 298 569
1960 431 547
1960 190 740
1960 326 1074
1960 243 526
1960 387 858
1960 47 259
1960 356 211
1960 264 569
1960 214 475
1960 262 502
1960 342 837
1960 275 526
1960 85 402
1960 303 676
1960 24 578
1960 170 437
1960 213 627
1960 298 565
1980 440 1033
1980 233 536
1980 385 853
1980 351 1034
1980 247 1152
1980 343 127
1980 358 487
1980 261 564
1980 78 746
1980 261 506
1980 358 839
1980 352 828
1980 275 525
1980 73 408
1980 379 1048
1980 151 731
1980 88 396
1980 81 377
1980 217 622
1980 299 571
1980 359 491
