1800 433 609
1800 239 535
1800 286 1115
1800 370 763
1800 43 915
1800 259 571
1800 396 833
1800 313 814
1800 260 503
1800 417 817
1800 283 530
1800 306 659
1800 436 826
1800 218 625
1800 298 573
1800 304 659
1820 452 637
1820 222 1235
1820 240 534
1820 275 861
1820 219 1244
1820 256 570
1820 410 867
1820 411 519
1820 259 500
1820 379 843
1820 418 836
1820 353 672
1820 284 530
1820 305 666
1820 372 837
1820 413 639
1820 216 626
1820 298 568
1840 363 498
1840 240 532
1840 356 613
1840 257 574
1840 385 852
1840 390 655
1840 261 501
1840 375 847
1840 370 293
1840 283 527
1840 283 685
1840 412 657
1840 218 627
1840 299 569
1840 299 667
1840 318 863
1840 376 305
1860 241 532
1860 384 693
1860 373 563
1860 340 501
1860 263 570
1860 389 858
1860 342 845
1860 382 690
1860 259 503
1860 359 702
1860 284 529
1860 309 666
1860 350 831
1860 318 190
1860 218 631
1860 288 603
1860 307 665
1880 466 432
1880 241 531
1880 256 562
1880 387 858
1880 304 761
1880 270 495
1880 331 749
1880 400 828
1880 287 526
1880 305 663
1880 347 865
1880 221 623
1880 298 573
1880 307 667
1900 374 492
1900 446 444
1900 241 530
1900 342 471
1900 257 561
1900 390 855
1900 261 504
1900 401 848
1900 283 531
1900 283 667
1900 296 664
1900 461 825
1900 348 840
1900 237 707
1900 220 626
1900 291 574
1900 308 668
1900 237 699
1920 413 896
1920 396 540
1920 89 698
1920 235 534
1920 384 735
1920 261 563
1920 162 649
1920 263 503
1920 296 440
1920 375 852
1920 283 524
1920 303 664
1920 315 461
1920 295 444
1920 399 354
1920 217 628
1940 73 604
1940 421 304
1940 424 568
1940 238 527
1940 354 982
1940 261 561
1940 359 842
1940 265 497
1940 237 435
1940 366 856
1940 363 295
1940 355 732
1940 284 520
1940 105 592
1940 313 674
1940 355 826
1940 220 623
1940 298 571
1940 310 672
1940 372 291
1960 394 864
1960 399 227
1960 426 546
1960 426 547
1960 236 531
1960 123 387
1960 350 210
1960 259 563
1960 214 476
1960 263 504
1960 381 867
1960 283 528
1960 214 475
1960 303 1060
1960 90 409
1960 279 672
1960 305 672
1960 343 851
1960 167 439
1960 217 624
1960 300 568
1980 359 491
1980 102 426
1980 238 533
1980 355 1026
1980 265 1170
1980 329 124
1980 357 488
1980 177 486
1980 262 563
1980 389 858
1980 86 751
1980 371 1063
1980 263 504
1980 386 857
1980 159 720
1980 245 1148
1980 283 527
1980 439 1007
1980 87 403
1980 386 1048
1980 153 730
1980 97 293
1980 311 640
1980 349 836
1980 217 626
1980 297 572
