1800 443 597
1800 240 539
1800 286 1117
1800 290 1149
1800 370 766
1800 260 570
1800 314 814
1800 259 503
1800 414 814
1800 281 534
1800 439 826
1800 285 1129
1800 219 632
1800 298 571
1800 304 661
1820 454 641
1820 222 1244
1820 240 535
1820 277 860
1820 257 573
1820 423 524
1820 259 500
1820 382 847
1820 419 837
1820 355 672
1820 284 530
1820 309 664
1820 414 642
1820 218 627
1820 298 569
1820 305 667
1840 241 536
1840 258 575
1840 390 654
1840 259 501
1840 378 852
1840 375 302
1840 283 527
1840 286 687
1840 404 653
1840 219 630
1840 299 569
1840 301 668
1840 317 867
1860 241 535
1860 386 693
1860 373 566
1860 342 505
1860 262 571
1860 345 849
1860 381 699
1860 259 504
1860 401 830
1860 360 703
1860 284 530
1860 310 667
1860 352 828
1860 319 187
1860 218 632
1860 289 609
1860 309 666
1880 466 438
1880 242 533
1880 259 565
1880 314 755
1880 269 494
1880 400 827
1880 286 528
1880 223 627
1880 298 571
1880 308 667
1900 356 1188
1900 242 533
1900 342 470
1900 259 563
1900 262 504
1900 400 837
1900 284 532
1900 303 666
1900 461 828
1900 353 830
1900 236 706
1900 221 631
1900 293 568
1900 311 673
1920 415 898
1920 396 539
1920 88 697
1920 236 535
1920 392 741
1920 262 570
1920 159 650
1920 262 502
1920 296 441
1920 378 856
1920 392 867
1920 308 671
1920 455 710
1920 295 442
1920 406 341
1920 220 637
1920 304 666
1940 72 604
1940 452 288
1940 424 567
1940 237 530
1940 356 979
1940 392 274
1940 262 567
1940 265 501
1940 362 856
1940 356 290
1940 354 737
1940 285 524
1940 101 593
1940 361 976
1940 312 678
1940 222 628
1940 296 570
1940 314 673
1960 404 235
1960 428 569
1960 426 547
1960 242 529
1960 122 385
1960 358 213
1960 261 562
1960 263 502
1960 384 867
1960 284 527
1960 303 1060
1960 90 411
1960 308 678
1960 93 419
1960 220 627
1960 299 568
1960 307 672
1980 237 1266
1980 240 533
1980 275 1200
1980 357 1025
1980 270 1175
1980 338 113
1980 361 494
1980 262 563
1980 263 504
1980 387 856
1980 159 720
1980 285 528
1980 443 1000
1980 84 411
1980 388 1052
1980 151 732
1980 311 671
1980 221 629
1980 298 569
