1800 431 611
1800 241 537
1800 289 1139
1800 390 795
1800 43 925
1800 262 570
1800 317 813
1800 261 501
1800 408 830
1800 284 532
1800 311 665
1800 437 828
1800 294 1134
1800 402 1020
1800 219 625
1800 300 572
1800 308 649
1820 453 637
1820 223 1246
1820 241 534
1820 278 852
1820 381 844
1820 222 1230
1820 262 569
1820 420 519
1820 259 498
1820 387 844
1820 419 836
1820 350 669
1820 286 528
1820 313 668
1820 415 639
1820 218 621
1820 301 568
1840 369 496
1840 242 532
1840 383 849
1840 50 881
1840 259 568
1840 393 655
1840 262 500
1840 379 850
1840 376 303
1840 283 525
1840 278 690
1840 413 646
1840 220 630
1840 300 568
1840 295 669
1840 320 864
1860 241 532
1860 383 688
1860 374 567
1860 347 505
1860 262 567
1860 353 828
1860 373 564
1860 260 501
1860 401 834
1860 362 705
1860 286 529
1860 312 670
1860 351 832
1860 318 195
1860 219 634
1860 288 622
1860 310 667
1880 377 512
1880 469 432
1880 70 537
1880 241 531
1880 348 515
1880 70 870
1880 262 563
1880 312 773
1880 270 493
1880 332 756
1880 401 829
1880 289 523
1880 309 669
1880 222 628
1880 300 570
1880 309 669
1900 374 491
1900 364 1184
1900 243 533
1900 386 857
1900 357 474
1900 263 561
1900 437 441
1900 262 501
1900 399 831
1900 285 531
1900 306 666
1900 460 829
1900 358 837
1900 239 712
1900 220 627
1900 80 759
1900 298 569
1900 310 668
1920 418 898
1920 400 542
1920 84 685
1920 237 537
1920 385 736
1920 385 856
1920 265 563
1920 159 646
1920 265 503
1920 298 436
1920 379 855
1920 393 870
1920 281 519
1920 307 670
1920 452 705
1920 295 439
1920 406 339
1920 222 631
1920 275 669
1940 72 603
1940 458 293
1940 425 570
1940 239 533
1940 397 850
1940 358 981
1940 266 561
1940 352 847
1940 440 333
1940 268 488
1940 243 478
1940 377 859
1940 376 285
1940 349 817
1940 401 823
1940 353 737
1940 285 524
1940 99 586
1940 313 673
1940 462 862
1940 218 620
1940 300 570
1940 312 667
1940 378 287
1960 409 930
1960 435 182
1960 429 546
1960 427 544
1960 326 1073
1960 244 531
1960 387 852
1960 363 208
1960 263 559
1960 264 502
1960 386 864
1960 286 528
1960 313 1075
1960 89 404
1960 310 674
1960 410 957
1960 221 627
1960 301 569
1980 364 494
1980 239 534
1980 280 1188
1980 400 835
1980 365 1032
1980 269 1175
1980 374 98
1980 364 493
1980 176 486
1980 265 564
1980 263 501
1980 388 856
1980 400 833
1980 286 527
1980 442 1024
1980 87 404
1980 376 1054
1980 310 674
1980 89 405
1980 223 624
1980 301 568
