1800 431 612
1800 240 536
1800 369 764
1800 383 798
1800 257 563
1800 315 817
1800 263 502
1800 283 533
1800 433 834
1800 290 1126
1800 220 628
1800 299 575
1820 449 640
1820 241 537
1820 277 853
1820 377 836
1820 258 570
1820 261 498
1820 419 837
1820 355 671
1820 285 526
1820 221 630
1820 301 568
1840 241 533
1840 385 844
1840 258 562
1840 262 499
1840 372 292
1840 283 529
1840 415 655
1840 221 631
1840 299 571
1840 292 564
1840 317 866
1860 471 527
1860 242 531
1860 386 704
1860 379 849
1860 369 564
1860 260 568
1860 371 565
1860 261 499
1860 399 829
1860 285 531
1860 309 672
1860 220 635
1860 283 635
1860 308 665
1880 70 529
1880 374 520
1880 470 435
1880 240 532
1880 389 851
1880 260 562
1880 271 494
1880 346 838
1880 287 525
1880 308 665
1880 225 633
1880 300 568
1900 439 390
1900 243 536
1900 382 860
1900 354 473
1900 260 566
1900 264 503
1900 287 531
1900 305 664
1900 225 632
1920 413 904
1920 400 548
1920 237 536
1920 382 767
1920 384 851
1920 262 564
1920 158 652
1920 265 502
1920 368 858
1920 355 822
1920 454 715
1920 396 363
1920 222 630
1940 75 612
1940 241 528
1940 397 846
1940 363 982
1940 264 559
1940 427 326
1940 270 473
1940 379 279
1940 398 826
1940 288 528
1940 221 627
1940 297 571
1940 315 675
1960 432 548
1960 328 1079
1960 246 529
1960 386 847
1960 262 566
1960 265 502
1960 343 856
1960 287 530
1960 90 400
1960 221 630
1960 300 569
1980 373 493
1980 239 534
1980 389 854
1980 267 1169
1980 359 490
1980 262 566
1980 264 503
1980 353 834
1980 398 832
1980 290 531
1980 86 402
1980 93 403
1980 222 632
