1800 433 609
1800 240 533
1800 285 1116
1800 291 1157
1800 368 767
1800 380 796
1800 42 914
1800 261 566
1800 397 828
1800 315 814
1800 258 503
1800 365 764
1800 420 817
1800 284 530
1800 302 654
1800 439 828
1800 76 484
1800 284 1117
1800 234 76
1800 217 625
1800 299 571
1800 305 658
1820 426 542
1820 449 637
1820 220 1237
1820 240 532
1820 274 860
1820 378 845
1820 219 1246
1820 261 569
1820 399 874
1820 414 515
1820 259 501
1820 382 848
1820 418 834
1820 352 668
1820 285 531
1820 303 664
1820 414 635
1820 217 627
1820 298 570
1840 240 534
1840 361 619
1840 356 613
1840 260 568
1840 381 853
1840 393 653
1840 260 501
1840 373 841
1840 368 294
1840 285 526
1840 286 683
1840 339 873
1840 414 655
1840 217 626
1840 300 570
1840 287 674
1840 319 863
1840 376 303
1860 242 536
1860 387 697
1860 372 567
1860 63 954
1860 342 495
1860 263 565
1860 390 859
1860 344 849
1860 259 502
1860 404 831
1860 356 700
1860 286 527
1860 286 623
1860 299 645
1860 348 832
1860 318 187
1860 217 630
1860 288 608
1860 309 668
1880 470 448
1880 67 531
1880 241 532
1880 57 863
1880 259 564
1880 388 857
1880 378 514
1880 433 501
1880 314 742
1880 267 495
1880 332 751
1880 286 527
1880 310 667
1880 349 851
1880 347 508
1880 219 622
1880 299 575
1880 317 608
1900 385 494
1900 450 478
1900 357 1180
1900 243 533
1900 348 472
1900 260 563
1900 389 854
1900 385 498
1900 413 539
1900 262 508
1900 400 841
1900 285 530
1900 298 664
1900 352 836
1900 238 710
1900 219 625
1900 299 583
1900 308 668
1900 242 700
1920 422 908
1920 406 788
1920 395 540
1920 88 693
1920 238 530
1920 183 613
1920 394 743
1920 263 564
1920 385 861
1920 358 847
1920 158 642
1920 262 502
1920 299 442
1920 377 857
1920 296 528
1920 305 658
1920 346 844
1920 321 460
1920 295 442
1920 402 338
1920 217 627
1920 287 652
1940 272 492
1940 69 597
1940 419 297
1940 148 502
1940 239 531
1940 126 522
1940 352 984
1940 262 564
1940 353 847
1940 264 498
1940 242 438
1940 377 859
1940 368 286
1940 351 734
1940 283 521
1940 100 595
1940 362 982
1940 315 667
1940 358 828
1940 219 623
1940 149 504
1940 299 571
1940 372 288
1960 413 924
1960 428 186
1960 428 549
1960 426 551
1960 98 529
1960 233 534
1960 372 827
1960 122 385
1960 339 203
1960 262 564
1960 215 477
1960 263 503
1960 380 864
1960 283 524
1960 300 1063
1960 89 409
1960 150 449
1960 281 668
1960 307 669
1960 343 845
1960 95 449
1960 413 992
1960 163 442
1960 216 626
1960 301 567
1960 306 668
1980 362 488
1980 98 427
1980 231 1249
1980 239 533
1980 271 1194
1980 355 1024
1980 90 415
1980 265 1178
1980 330 126
1980 359 490
1980 179 486
1980 263 564
1980 390 858
1980 93 752
1980 372 1049
1980 263 503
1980 385 856
1980 158 720
1980 244 1152
1980 286 526
1980 439 1056
1980 87 407
1980 396 1025
1980 158 721
1980 81 276
1980 304 652
1980 353 837
1980 83 406
1980 27 339
1980 217 625
1980 298 568
1980 351 646
