1800 439 605
1800 240 533
1800 287 1114
1800 296 1179
1800 366 761
1800 390 800
1800 42 921
1800 260 566
1800 396 825
1800 313 816
1800 259 502
1800 398 825
1800 365 760
1800 420 822
1800 282 529
1800 305 658
1800 439 826
1800 77 487
1800 287 1111
1800 238 78
1800 217 625
1800 299 571
1800 305 658
1820 429 524
1820 451 635
1820 225 1235
1820 240 535
1820 277 858
1820 381 846
1820 224 1228
1820 260 569
1820 413 839
1820 415 512
1820 259 500
1820 383 848
1820 418 837
1820 351 670
1820 284 530
1820 302 665
1820 367 832
1820 413 639
1820 217 627
1820 298 570
1840 439 625
1840 240 533
1840 357 615
1840 356 615
1840 260 569
1840 385 853
1840 392 655
1840 260 501
1840 377 854
1840 371 298
1840 283 524
1840 286 682
1840 349 834
1840 411 657
1840 217 627
1840 299 570
1840 288 677
1840 319 862
1840 376 306
1860 242 535
1860 387 701
1860 372 564
1860 342 503
1860 262 566
1860 387 844
1860 351 837
1860 258 503
1860 400 831
1860 358 698
1860 283 528
1860 307 644
1860 352 828
1860 316 186
1860 218 631
1860 297 591
1860 307 666
1880 466 432
1880 67 531
1880 241 533
1880 62 860
1880 370 517
1880 258 564
1880 393 832
1880 432 500
1880 308 728
1880 317 761
1880 266 496
1880 331 750
1880 285 528
1880 311 664
1880 346 849
1880 219 623
1880 298 574
1880 314 604
1900 377 496
1900 445 459
1900 243 535
1900 88 750
1900 346 473
1900 259 564
1900 383 500
1900 417 562
1900 262 508
1900 403 835
1900 283 529
1900 299 661
1900 469 819
1900 351 833
1900 237 714
1900 218 625
1900 294 569
1900 306 667
1900 237 702
1920 425 922
1920 401 786
1920 395 540
1920 86 692
1920 239 531
1920 391 744
1920 381 855
1920 262 564
1920 388 858
1920 398 546
1920 397 543
1920 158 647
1920 262 502
1920 302 443
1920 382 854
1920 289 524
1920 311 662
1920 346 847
1920 297 443
1920 403 339
1920 218 626
1920 299 606
1940 272 487
1940 71 606
1940 436 314
1940 148 499
1940 238 532
1940 126 524
1940 354 982
1940 262 562
1940 364 854
1940 263 500
1940 245 454
1940 376 861
1940 369 285
1940 350 734
1940 282 520
1940 104 594
1940 358 975
1940 314 661
1940 356 824
1940 218 626
1940 151 497
1940 299 571
1940 312 674
1940 372 290
1960 431 931
1960 428 549
1960 425 549
1960 82 508
1960 237 532
1960 380 838
1960 122 383
1960 338 204
1960 261 565
1960 214 476
1960 262 503
1960 373 852
1960 282 523
1960 212 477
1960 299 1063
1960 90 414
1960 161 444
1960 304 673
1960 343 845
1960 96 486
1960 416 975
1960 164 440
1960 216 626
1960 300 567
1960 304 670
1980 361 492
1980 99 431
1980 240 1238
1980 239 533
1980 357 1023
1980 124 471
1980 273 1170
1980 333 130
1980 360 493
1980 178 486
1980 263 564
1980 386 856
1980 94 752
1980 378 1054
1980 262 505
1980 384 857
1980 161 723
1980 247 1145
1980 284 526
1980 439 990
1980 86 410
1980 155 730
1980 304 646
1980 352 834
1980 88 405
1980 27 325
1980 217 626
1980 298 569
