1800 439 603
1800 240 537
1800 285 1118
1800 289 1153
1800 367 766
1800 389 805
1800 43 912
1800 261 567
1800 398 827
1800 316 814
1800 260 503
1800 408 826
1800 419 822
1800 283 531
1800 279 662
1800 304 656
1800 439 826
1800 77 490
1800 235 71
1800 218 629
1800 299 572
1800 305 661
1820 428 529
1820 453 639
1820 226 1227
1820 239 535
1820 277 861
1820 380 846
1820 223 1228
1820 260 572
1820 400 873
1820 420 519
1820 260 502
1820 384 849
1820 416 838
1820 352 670
1820 285 530
1820 304 666
1820 418 643
1820 217 628
1820 298 571
1840 240 534
1840 360 624
1840 357 617
1840 260 570
1840 393 660
1840 262 502
1840 379 853
1840 367 290
1840 284 529
1840 284 688
1840 344 866
1840 420 649
1840 217 627
1840 300 571
1840 294 677
1840 318 867
1840 377 305
1860 240 535
1860 390 709
1860 374 566
1860 72 947
1860 342 499
1860 263 570
1860 390 859
1860 350 839
1860 259 504
1860 357 703
1860 286 529
1860 280 642
1860 307 659
1860 350 832
1860 318 185
1860 217 631
1860 287 606
1860 308 668
1880 469 465
1880 69 537
1880 241 532
1880 62 860
1880 260 562
1880 390 856
1880 378 516
1880 314 745
1880 269 495
1880 331 755
1880 286 527
1880 309 669
1880 354 851
1880 346 511
1880 220 624
1880 299 578
1880 307 666
1900 385 497
1900 448 466
1900 357 1181
1900 242 535
1900 347 473
1900 259 564
1900 387 856
1900 388 497
1900 416 538
1900 264 511
1900 399 842
1900 285 532
1900 239 740
1900 286 667
1900 300 665
1900 464 825
1900 62 646
1900 354 839
1900 238 716
1900 348 477
1900 220 627
1900 300 590
1900 306 668
1900 238 707
1920 425 921
1920 379 829
1920 396 543
1920 85 696
1920 238 531
1920 391 744
1920 263 568
1920 388 863
1920 159 648
1920 262 503
1920 320 458
1920 379 860
1920 287 524
1920 304 663
1920 349 850
1920 319 462
1920 295 443
1920 402 351
1920 220 635
1920 303 654
1940 71 605
1940 412 304
1940 147 503
1940 237 529
1940 126 525
1940 354 984
1940 391 272
1940 261 565
1940 265 504
1940 242 460
1940 374 863
1940 369 287
1940 351 734
1940 285 522
1940 103 595
1940 361 977
1940 311 673
1940 358 843
1940 103 587
1940 220 625
1940 149 506
1940 299 572
1940 372 290
1960 256 728
1960 397 228
1960 214 477
1960 427 548
1960 425 550
1960 86 512
1960 237 535
1960 121 384
1960 343 208
1960 261 567
1960 216 477
1960 264 504
1960 382 864
1960 285 526
1960 301 1062
1960 91 412
1960 159 445
1960 280 680
1960 304 673
1960 346 851
1960 413 986
1960 164 442
1960 217 626
1960 300 569
1960 308 668
1980 371 484
1980 100 429
1980 240 534
1980 274 1203
1980 356 1027
1980 115 467
1980 273 1174
1980 337 118
1980 359 490
1980 177 486
1980 264 564
1980 391 857
1980 90 754
1980 375 1048
1980 263 506
1980 385 856
1980 158 721
1980 246 1146
1980 285 527
1980 436 1005
1980 87 415
1980 152 735
1980 95 302
1980 305 669
1980 354 841
1980 83 406
1980 218 628
1980 298 571
