1800 391 813
1800 437 598
1800 239 533
1800 286 1113
1800 293 1156
1800 369 759
1800 392 804
1800 40 909
1800 261 568
1800 396 823
1800 312 812
1800 258 502
1800 409 826
1800 283 529
1800 307 660
1800 439 823
1800 75 484
1800 284 1118
1800 235 81
1800 217 623
1800 299 569
1800 305 656
1820 414 630
1820 443 635
1820 224 1235
1820 238 533
1820 275 854
1820 378 843
1820 221 1229
1820 259 568
1820 414 831
1820 418 516
1820 259 500
1820 383 843
1820 416 833
1820 354 668
1820 285 526
1820 305 663
1820 371 835
1820 417 645
1820 216 623
1820 296 568
1840 359 603
1840 239 531
1840 357 609
1840 356 607
1840 362 497
1840 358 604
1840 260 569
1840 386 853
1840 392 653
1840 259 500
1840 378 848
1840 369 291
1840 402 832
1840 283 523
1840 284 682
1840 341 859
1840 217 623
1840 299 568
1840 309 657
1840 316 864
1840 380 308
1860 241 534
1860 387 699
1860 373 562
1860 63 968
1860 343 492
1860 263 567
1860 398 838
1860 352 834
1860 383 686
1860 258 503
1860 402 830
1860 276 651
1860 361 695
1860 286 527
1860 306 663
1860 350 829
1860 346 497
1860 320 187
1860 216 629
1860 290 597
1860 307 663
1880 348 512
1880 433 498
1880 466 436
1880 74 538
1880 240 531
1880 366 519
1880 259 563
1880 398 828
1880 434 498
1880 315 756
1880 266 493
1880 330 748
1880 400 827
1880 288 523
1880 305 664
1880 356 844
1880 346 508
1880 220 621
1880 298 569
1880 309 657
1900 374 490
1900 443 451
1900 338 1239
1900 240 529
1900 351 472
1900 256 562
1900 389 854
1900 417 528
1900 261 501
1900 404 833
1900 284 527
1900 241 729
1900 450 1061
1900 301 664
1900 465 826
1900 352 824
1900 355 472
1900 239 714
1900 218 622
1900 296 568
1900 306 666
1920 419 895
1920 397 856
1920 394 539
1920 380 373
1920 81 685
1920 238 531
1920 183 610
1920 385 734
1920 262 567
1920 388 859
1920 261 502
1920 308 452
1920 383 852
1920 411 892
1920 290 526
1920 300 662
1920 345 846
1920 318 459
1920 295 440
1920 404 343
1920 218 624
1920 298 647
1940 70 591
1940 446 280
1940 424 570
1940 147 501
1940 237 529
1940 125 518
1940 357 977
1940 261 565
1940 352 838
1940 265 495
1940 240 438
1940 371 861
1940 366 287
1940 402 819
1940 354 733
1940 284 519
1940 104 588
1940 361 973
1940 314 671
1940 464 857
1940 361 824
1940 101 582
1940 218 619
1940 149 500
1940 298 570
1940 314 672
1940 370 289
1960 255 723
1960 399 233
1960 423 556
1960 425 544
1960 104 514
1960 238 528
1960 122 384
1960 340 210
1960 261 564
1960 214 475
1960 264 502
1960 382 845
1960 166 438
1960 399 852
1960 283 524
1960 214 475
1960 304 1060
1960 88 410
1960 159 443
1960 305 670
1960 342 846
1960 164 442
1960 216 624
1960 300 566
1960 306 667
1980 183 482
1980 362 490
1980 101 430
1980 240 532
1980 359 1026
1980 277 1187
1980 333 124
1980 358 487
1980 176 483
1980 263 564
1980 398 829
1980 378 1054
1980 262 506
1980 386 852
1980 161 721
1980 399 828
1980 245 1146
1980 285 525
1980 445 1009
1980 85 406
1980 154 734
1980 86 276
1980 306 670
1980 351 828
1980 87 405
1980 25 327
1980 218 624
1980 298 568
