1800 440 599
1800 240 535
1800 286 1114
1800 293 1160
1800 367 763
1800 380 796
1800 43 917
1800 261 568
1800 398 829
1800 259 500
1800 419 830
1800 284 530
1800 307 659
1800 439 829
1800 78 484
1800 283 1117
1800 235 72
1800 395 1016
1800 217 623
1800 299 570
1800 305 657
1820 431 638
1820 450 636
1820 224 1227
1820 239 535
1820 278 854
1820 378 847
1820 223 1228
1820 261 570
1820 408 850
1820 422 521
1820 259 499
1820 384 846
1820 418 836
1820 353 668
1820 285 531
1820 303 666
1820 415 631
1820 217 625
1820 299 569
1840 432 621
1840 239 531
1840 357 611
1840 357 607
1840 260 568
1840 393 655
1840 260 499
1840 377 854
1840 368 290
1840 285 525
1840 289 682
1840 349 835
1840 422 643
1840 217 625
1840 300 569
1840 293 673
1840 320 862
1840 378 306
1860 469 301
1860 241 535
1860 387 697
1860 373 564
1860 72 958
1860 344 499
1860 261 566
1860 390 859
1860 354 833
1860 259 501
1860 401 828
1860 357 699
1860 286 527
1860 288 613
1860 307 667
1860 351 830
1860 320 185
1860 217 628
1860 301 588
1860 309 667
1880 463 502
1880 73 536
1880 240 530
1880 54 862
1880 259 560
1880 390 857
1880 379 518
1880 435 500
1880 324 757
1880 266 495
1880 331 749
1880 286 526
1880 309 669
1880 356 849
1880 218 621
1880 299 570
1880 310 666
1900 448 464
1900 355 1181
1900 242 533
1900 89 752
1900 349 472
1900 260 564
1900 391 857
1900 429 448
1900 261 506
1900 399 835
1900 285 530
1900 301 665
1900 353 836
1900 239 711
1900 218 624
1900 295 570
1900 307 667
1900 242 698
1920 425 920
1920 407 829
1920 396 539
1920 87 692
1920 237 532
1920 183 608
1920 392 744
1920 263 563
1920 388 862
1920 158 645
1920 261 501
1920 311 453
1920 382 858
1920 292 525
1920 312 660
1920 348 843
1920 320 461
1920 296 440
1920 405 341
1920 217 626
1920 300 605
1940 274 509
1940 70 595
1940 422 303
1940 148 503
1940 237 531
1940 124 516
1940 353 983
1940 263 563
1940 354 841
1940 263 496
1940 243 440
1940 376 864
1940 369 287
1940 406 826
1940 351 733
1940 285 521
1940 102 590
1940 311 672
1940 362 828
1940 218 621
1940 149 500
1940 299 570
1940 313 674
1940 372 289
1960 426 938
1960 419 179
1960 426 551
1960 425 546
1960 96 519
1960 236 533
1960 382 843
1960 120 383
1960 338 206
1960 261 566
1960 215 474
1960 264 504
1960 384 860
1960 398 850
1960 284 524
1960 303 1059
1960 91 410
1960 160 443
1960 306 672
1960 346 837
1960 98 454
1960 41 493
1960 413 975
1960 166 437
1960 216 626
1960 301 566
1960 305 669
1980 359 489
1980 97 426
1980 243 1177
1980 239 535
1980 293 1185
1980 358 1023
1980 122 462
1980 272 1170
1980 331 116
1980 360 492
1980 178 484
1980 263 563
1980 393 856
1980 100 754
1980 379 1052
1980 262 505
1980 385 858
1980 161 720
1980 247 1141
1980 286 526
1980 441 1054
1980 87 408
1980 394 1025
1980 159 719
1980 98 299
1980 303 665
1980 353 835
1980 87 404
1980 23 314
1980 218 627
1980 298 569
