1800 429 609
1800 76 490
1800 243 541
1800 287 1116
1800 298 1176
1800 371 764
1800 378 788
1800 43 922
1800 262 570
1800 260 503
1800 414 834
1800 283 533
1800 306 660
1800 439 834
1800 76 486
1800 293 1139
1800 219 626
1800 299 571
1800 309 665
1820 449 637
1820 221 1251
1820 240 534
1820 275 856
1820 220 1254
1820 263 571
1820 426 844
1820 417 519
1820 258 501
1820 389 845
1820 421 839
1820 353 673
1820 284 527
1820 309 670
1820 414 641
1820 218 627
1820 300 568
1840 242 533
1840 48 880
1840 263 572
1840 390 655
1840 260 502
1840 378 849
1840 365 292
1840 284 531
1840 278 685
1840 414 666
1840 219 630
1840 299 570
1840 312 664
1840 317 865
1860 243 533
1860 385 699
1860 373 572
1860 263 567
1860 347 844
1860 259 505
1860 389 859
1860 401 829
1860 280 668
1860 357 705
1860 285 530
1860 310 667
1860 319 189
1860 219 637
1860 288 613
1860 308 666
1880 467 436
1880 70 541
1880 240 533
1880 345 516
1880 260 567
1880 364 837
1880 322 760
1880 269 493
1880 383 858
1880 327 763
1880 403 827
1880 285 528
1880 307 667
1880 346 516
1880 222 627
1880 297 573
1880 307 665
1900 443 386
1900 456 481
1900 242 536
1900 344 472
1900 263 566
1900 355 826
1900 388 502
1900 261 504
1900 400 828
1900 284 534
1900 304 665
1900 460 827
1900 240 717
1900 221 632
1900 293 570
1900 307 666
1920 416 904
1920 398 542
1920 87 691
1920 238 539
1920 389 742
1920 266 575
1920 397 546
1920 158 649
1920 263 503
1920 297 440
1920 381 854
1920 398 856
1920 281 525
1920 305 669
1920 454 711
1920 294 443
1920 407 343
1920 221 635
1940 73 611
1940 454 287
1940 423 567
1940 241 532
1940 358 979
1940 264 569
1940 364 851
1940 267 493
1940 246 441
1940 381 862
1940 371 291
1940 399 820
1940 354 733
1940 284 528
1940 99 591
1940 312 673
1940 460 866
1940 220 626
1940 298 571
1940 311 675
1960 416 956
1960 418 226
1960 429 576
1960 426 545
1960 105 520
1960 323 1079
1960 245 530
1960 385 845
1960 365 211
1960 265 566
1960 399 855
1960 263 503
1960 385 861
1960 373 181
1960 286 529
1960 302 1063
1960 88 409
1960 305 675
1960 103 490
1960 410 978
1960 219 627
1960 299 570
1980 240 536
1980 275 1179
1980 277 1230
1980 356 1026
1980 263 1172
1980 350 104
1980 364 495
1980 173 490
1980 264 569
1980 367 857
1980 82 751
1980 262 504
1980 388 856
1980 399 835
1980 284 527
1980 114 254
1980 81 414
1980 389 1047
1980 155 734
1980 308 669
1980 84 412
1980 401 1042
1980 221 629
1980 297 574
