1800 437 602
1800 240 534
1800 287 1116
1800 292 1153
1800 368 760
1800 376 790
1800 41 925
1800 262 565
1800 397 835
1800 259 501
1800 414 835
1800 284 529
1800 306 659
1800 439 831
1800 284 1120
1800 218 624
1800 300 571
1800 306 658
1820 452 636
1820 225 1230
1820 238 531
1820 275 860
1820 220 1231
1820 261 570
1820 418 837
1820 427 521
1820 259 498
1820 385 845
1820 416 838
1820 354 668
1820 285 529
1820 308 664
1820 415 641
1820 217 626
1820 299 567
1840 242 534
1840 357 615
1840 261 570
1840 385 851
1840 391 653
1840 261 499
1840 376 850
1840 371 294
1840 284 525
1840 285 686
1840 350 835
1840 407 652
1840 218 628
1840 300 569
1840 293 674
1840 318 863
1840 375 301
1860 242 533
1860 388 692
1860 374 561
1860 343 496
1860 265 564
1860 391 858
1860 343 845
1860 385 686
1860 258 501
1860 402 830
1860 360 702
1860 285 527
1860 352 829
1860 314 181
1860 217 631
1860 288 614
1860 309 665
1880 470 430
1880 242 531
1880 259 559
1880 311 752
1880 270 494
1880 331 748
1880 400 831
1880 287 525
1880 305 642
1880 358 845
1880 220 624
1880 299 570
1880 307 665
1900 392 497
1900 346 1185
1900 243 529
1900 345 471
1900 261 559
1900 391 855
1900 433 440
1900 262 502
1900 400 832
1900 285 529
1900 297 661
1900 464 826
1900 356 827
1900 238 709
1900 220 628
1900 295 571
1900 311 671
1920 423 907
1920 397 540
1920 85 693
1920 237 531
1920 388 738
1920 263 562
1920 387 864
1920 157 648
1920 263 502
1920 381 855
1920 285 524
1920 305 662
1920 352 845
1920 316 461
1920 297 441
1920 405 355
1920 218 632
1920 292 668
1940 71 598
1940 450 286
1940 423 566
1940 241 528
1940 356 982
1940 263 561
1940 358 841
1940 258 472
1940 266 499
1940 237 435
1940 378 859
1940 371 287
1940 356 733
1940 288 525
1940 100 590
1940 466 862
1940 220 625
1940 299 571
1940 317 672
1940 373 287
1960 416 947
1960 425 192
1960 426 544
1960 102 523
1960 236 530
1960 121 384
1960 354 211
1960 261 560
1960 384 839
1960 213 475
1960 263 503
1960 384 864
1960 286 527
1960 305 1059
1960 89 410
1960 308 676
1960 348 843
1960 96 462
1960 41 514
1960 166 437
1960 217 625
1960 301 569
1960 308 668
1980 362 491
1980 95 430
1980 237 531
1980 279 1240
1980 356 1021
1980 273 1172
1980 334 113
1980 361 490
1980 177 487
1980 263 561
1980 389 856
1980 353 837
1980 87 751
1980 263 504
1980 387 855
1980 158 719
1980 247 1146
1980 284 526
1980 442 991
1980 83 410
1980 394 1047
1980 154 726
1980 353 838
1980 88 407
1980 23 342
1980 218 625
1980 299 568
