1800 430 608
1800 240 537
1800 289 1115
1800 291 1144
1800 367 764
1800 382 791
1800 43 923
1800 260 568
1800 317 815
1800 259 503
1800 409 829
1800 282 530
1800 308 664
1800 436 825
1800 289 1117
1800 218 625
1800 298 570
1800 306 658
1820 413 632
1820 453 633
1820 224 1250
1820 240 531
1820 277 860
1820 222 1233
1820 257 571
1820 414 515
1820 258 498
1820 384 841
1820 419 834
1820 354 670
1820 283 528
1820 312 669
1820 410 640
1820 218 625
1820 298 569
1840 415 663
1840 240 531
1840 257 566
1840 391 652
1840 259 500
1840 378 844
1840 364 287
1840 361 616
1840 282 525
1840 410 656
1840 219 628
1840 298 570
1840 302 664
1840 315 867
1860 241 533
1860 382 688
1860 373 564
1860 341 505
1860 260 562
1860 346 843
1860 259 503
1860 389 858
1860 400 830
1860 355 696
1860 283 528
1860 284 625
1860 311 668
1860 318 187
1860 217 632
1860 287 599
1860 308 666
1880 67 536
1880 241 532
1880 256 561
1880 377 514
1880 322 762
1880 266 493
1880 332 746
1880 398 828
1880 284 527
1880 305 655
1880 221 624
1880 298 571
1880 311 671
1900 242 531
1900 341 469
1900 259 561
1900 384 501
1900 424 457
1900 259 500
1900 398 832
1900 284 529
1900 449 1123
1900 303 665
1900 461 829
1900 235 715
1900 219 626
1900 293 570
1900 309 668
1900 239 699
1920 418 900
1920 397 540
1920 84 688
1920 235 533
1920 384 733
1920 261 559
1920 158 649
1920 262 500
1920 296 438
1920 375 850
1920 412 888
1920 278 517
1920 306 663
1920 453 708
1920 293 442
1920 401 336
1920 220 626
1920 302 662
1940 72 602
1940 448 283
1940 423 566
1940 239 530
1940 356 977
1940 354 983
1940 262 563
1940 433 331
1940 264 481
1940 365 860
1940 373 289
1940 282 520
1940 99 588
1940 365 978
1940 314 675
1940 101 583
1940 219 624
1940 297 571
1940 313 674
1940 374 287
1960 414 951
1960 426 185
1960 427 543
1960 428 545
1960 243 529
1960 118 383
1960 352 211
1960 258 560
1960 212 475
1960 262 502
1960 384 865
1960 395 855
1960 281 527
1960 303 1062
1960 90 405
1960 308 678
1960 218 626
1960 299 568
1960 307 670
1980 360 492
1980 238 528
1980 353 1033
1980 265 1171
1980 336 110
1980 361 493
1980 261 560
1980 84 749
1980 262 503
1980 383 862
1980 175 744
1980 398 831
1980 246 1149
1980 281 525
1980 450 1036
1980 45 429
1980 380 1055
1980 311 668
1980 86 404
1980 219 627
1980 296 571
1980 323 652
