1800 432 610
1800 235 535
1800 264 576
1800 431 830
1800 320 810
1800 263 509
1800 305 815
1800 411 824
1800 289 534
1800 218 611
1800 303 565
1800 319 669
1800 286 1116
1820 417 660
1820 447 679
1820 216 1239
1820 244 548
1820 365 832
1820 248 1292
1820 269 595
1820 422 839
1820 418 842
1820 421 520
1820 260 499
1820 344 692
1820 284 528
1820 220 609
1820 303 590
1820 409 664
1840 363 295
1840 239 547
1840 374 848
1840 354 507
1840 409 844
1840 262 503
1840 361 292
1840 288 533
1840 16 370
1840 217 614
1840 302 565
1840 306 675
1860 242 551
1860 261 589
1860 399 833
1860 401 827
1860 343 844
1860 258 511
1860 289 527
1860 213 614
1860 302 575
1860 310 667
1880 465 1105
1880 237 533
1880 371 847
1880 361 533
1880 264 605
1880 409 851
1880 265 499
1880 334 749
1880 295 532
1880 14 365
1880 210 633
1880 306 580
1880 309 666
1900 236 535
1900 335 467
1900 256 599
1900 400 831
1900 354 833
1900 263 506
1900 297 540
1900 464 828
1900 352 829
1900 212 633
1900 84 736
1900 308 589
1900 355 518
1920 398 343
1920 234 548
1920 373 833
1920 274 616
1920 400 843
1920 262 514
1920 290 449
1920 315 472
1920 296 531
1920 73 669
1920 417 922
1920 215 621
1920 395 548
1940 376 264
1940 241 507
1940 383 850
1940 420 314
1940 354 995
1940 262 599
1940 271 471
1940 358 271
1940 379 270
1940 294 527
1940 153 511
1940 309 669
1940 467 863
1940 105 581
1940 209 628
1940 305 573
1960 238 531
1960 370 812
1960 48 257
1960 261 588
1960 90 403
1960 261 510
1960 291 530
1960 85 408
1960 206 639
1960 304 563
1980 240 548
1980 375 850
1980 350 486
1980 400 833
1980 259 507
1980 350 832
1980 294 535
1980 211 617
1980 303 572
