1800 391 825
1800 442 604
1800 238 536
1800 284 1115
1800 293 1173
1800 367 766
1800 387 806
1800 42 926
1800 261 568
1800 402 826
1800 258 504
1800 419 820
1800 283 530
1800 278 661
1800 306 662
1800 439 828
1800 76 487
1800 286 1136
1800 237 83
1800 397 1019
1800 217 626
1800 299 571
1800 304 659
1820 423 523
1820 452 641
1820 226 1242
1820 238 535
1820 274 861
1820 379 846
1820 221 1229
1820 260 571
1820 413 840
1820 419 518
1820 259 500
1820 381 846
1820 417 836
1820 351 670
1820 284 529
1820 305 665
1820 365 832
1820 414 635
1820 216 627
1820 298 569
1840 240 536
1840 359 625
1840 356 617
1840 259 571
1840 386 853
1840 394 658
1840 259 501
1840 377 853
1840 374 300
1840 360 618
1840 284 527
1840 282 686
1840 341 848
1840 421 651
1840 217 625
1840 300 571
1840 297 674
1840 316 867
1840 379 306
1860 240 537
1860 388 704
1860 373 563
1860 346 506
1860 263 567
1860 389 855
1860 342 849
1860 259 503
1860 387 698
1860 401 834
1860 356 703
1860 285 528
1860 293 663
1860 306 665
1860 349 830
1860 320 190
1860 216 630
1860 287 608
1860 308 667
1880 350 519
1880 466 434
1880 68 534
1880 240 533
1880 67 857
1880 260 565
1880 390 854
1880 433 499
1880 320 762
1880 268 496
1880 330 751
1880 401 829
1880 286 527
1880 304 669
1880 357 847
1880 219 626
1880 298 573
1880 306 666
1900 379 498
1900 446 431
1900 350 1176
1900 241 537
1900 352 475
1900 257 565
1900 388 855
1900 417 550
1900 261 505
1900 400 842
1900 285 531
1900 238 720
1900 286 675
1900 298 668
1900 465 825
1900 351 839
1900 354 475
1900 234 718
1900 218 626
1900 294 569
1900 308 668
1900 235 701
1920 422 913
1920 400 839
1920 393 541
1920 81 686
1920 236 533
1920 387 742
1920 381 858
1920 264 568
1920 386 861
1920 156 647
1920 261 503
1920 301 443
1920 376 859
1920 320 459
1920 395 860
1920 288 528
1920 302 670
1920 346 849
1920 318 460
1920 295 440
1920 404 369
1920 216 628
1920 296 663
1920 305 666
1940 70 605
1940 435 321
1940 424 572
1940 236 532
1940 125 523
1940 353 982
1940 261 566
1940 356 847
1940 263 498
1940 240 473
1940 371 862
1940 360 291
1940 401 821
1940 348 738
1940 284 522
1940 101 594
1940 363 984
1940 311 669
1940 357 831
1940 217 625
1940 148 502
1940 299 571
1940 312 674
1940 372 289
1960 426 932
1960 416 216
1960 431 551
1960 425 547
1960 101 509
1960 235 535
1960 387 856
1960 120 384
1960 343 216
1960 261 567
1960 390 851
1960 386 837
1960 214 477
1960 263 505
1960 381 866
1960 400 846
1960 284 526
1960 214 476
1960 300 1061
1960 90 411
1960 158 445
1960 306 671
1960 347 838
1960 41 518
1960 413 976
1960 162 442
1960 215 626
1960 300 567
1960 304 668
1980 365 489
1980 98 427
1980 241 1259
1980 239 535
1980 354 1027
1980 120 494
1980 274 1188
1980 339 125
1980 361 494
1980 176 486
1980 263 566
1980 393 853
1980 353 840
1980 91 752
1980 373 1056
1980 262 505
1980 384 858
1980 158 721
1980 399 829
1980 245 1148
1980 285 526
1980 443 1014
1980 83 409
1980 385 1048
1980 152 728
1980 83 282
1980 307 651
1980 352 836
1980 84 404
1980 217 628
1980 298 570
