1800 394 826
1800 443 602
1800 239 535
1800 285 1117
1800 368 765
1800 391 816
1800 41 917
1800 262 569
1800 397 829
1800 314 817
1800 259 501
1800 409 824
1800 284 532
1800 305 656
1800 439 828
1800 233 71
1800 218 631
1800 299 572
1800 305 659
1820 424 527
1820 453 640
1820 224 1230
1820 239 534
1820 276 862
1820 380 848
1820 220 1249
1820 261 569
1820 411 833
1820 418 519
1820 259 501
1820 380 845
1820 419 836
1820 353 669
1820 286 532
1820 305 662
1820 415 634
1820 217 626
1820 299 571
1840 368 503
1840 241 537
1840 358 613
1840 262 571
1840 260 500
1840 380 846
1840 372 297
1840 285 529
1840 286 686
1840 345 857
1840 416 654
1840 217 627
1840 300 571
1840 295 678
1840 319 867
1840 376 307
1860 241 535
1860 386 703
1860 373 564
1860 343 504
1860 263 569
1860 388 861
1860 352 829
1860 259 503
1860 358 699
1860 285 529
1860 306 663
1860 352 828
1860 317 186
1860 218 633
1860 287 609
1860 307 667
1880 471 439
1880 68 534
1880 242 535
1880 55 864
1880 260 565
1880 389 859
1880 435 505
1880 317 762
1880 267 493
1880 333 749
1880 286 528
1880 305 665
1880 355 851
1880 220 625
1880 293 598
1880 312 611
1900 376 493
1900 447 461
1900 359 1186
1900 244 537
1900 354 478
1900 260 566
1900 391 860
1900 416 545
1900 260 501
1900 400 845
1900 286 533
1900 301 664
1900 471 821
1900 353 837
1900 239 717
1900 219 627
1900 295 596
1900 308 670
1920 421 899
1920 407 836
1920 81 692
1920 238 536
1920 391 745
1920 384 863
1920 265 569
1920 386 863
1920 158 650
1920 261 503
1920 299 442
1920 381 857
1920 318 459
1920 289 527
1920 302 660
1920 350 855
1920 318 463
1920 297 446
1920 405 345
1920 217 629
1940 69 598
1940 452 286
1940 238 529
1940 126 524
1940 352 987
1940 261 568
1940 423 317
1940 261 485
1940 249 517
1940 363 854
1940 367 291
1940 354 733
1940 286 524
1940 101 594
1940 362 981
1940 312 678
1940 471 862
1940 358 831
1940 219 625
1940 299 571
1940 371 288
1960 420 211
1960 429 551
1960 426 549
1960 100 525
1960 238 532
1960 390 857
1960 120 385
1960 348 209
1960 263 566
1960 215 478
1960 263 503
1960 380 865
1960 286 527
1960 213 476
1960 305 1065
1960 89 414
1960 306 674
1960 348 862
1960 418 959
1960 163 444
1960 217 628
1960 300 572
1960 308 670
1980 362 493
1980 95 431
1980 240 534
1980 361 1036
1980 278 1189
1980 331 120
1980 362 495
1980 176 489
1980 264 568
1980 393 841
1980 90 755
1980 380 1049
1980 261 504
1980 388 855
1980 156 721
1980 247 1149
1980 286 528
1980 75 414
1980 152 731
1980 84 276
1980 305 666
1980 353 838
1980 89 410
1980 26 273
1980 218 629
1980 298 570
