1800 429 607
1800 238 535
1800 291 1111
1800 291 1142
1800 367 760
1800 382 792
1800 40 919
1800 259 562
1800 314 815
1800 259 502
1800 410 832
1800 280 528
1800 431 823
1800 73 486
1800 293 1129
1800 217 623
1800 299 569
1800 307 653
1820 411 635
1820 451 633
1820 224 1258
1820 240 533
1820 275 849
1820 221 1255
1820 257 564
1820 258 498
1820 388 841
1820 416 841
1820 352 667
1820 283 525
1820 309 661
1820 217 620
1820 299 567
1840 414 662
1840 240 529
1840 256 562
1840 389 651
1840 258 501
1840 376 849
1840 369 294
1840 359 609
1840 282 525
1840 276 685
1840 217 625
1840 298 566
1840 296 671
1840 316 866
1860 241 530
1860 387 691
1860 372 561
1860 343 500
1860 260 559
1860 348 822
1860 370 563
1860 258 500
1860 400 830
1860 358 701
1860 282 528
1860 312 667
1860 319 191
1860 217 629
1860 288 593
1860 308 663
1880 68 537
1880 240 529
1880 255 556
1880 315 722
1880 268 492
1880 325 756
1880 283 522
1880 220 623
1880 297 570
1880 302 577
1900 376 496
1900 451 472
1900 358 1193
1900 240 527
1900 341 468
1900 255 555
1900 386 497
1900 426 382
1900 260 499
1900 398 831
1900 282 526
1900 306 654
1900 464 830
1900 234 701
1900 219 624
1900 292 561
1900 308 665
1900 233 694
1920 415 895
1920 86 690
1920 234 533
1920 383 735
1920 259 552
1920 394 542
1920 156 649
1920 261 500
1920 294 439
1920 379 851
1920 406 891
1920 281 516
1920 305 662
1920 292 442
1920 405 340
1920 218 627
1920 287 634
1940 70 605
1940 450 286
1940 422 563
1940 239 528
1940 359 978
1940 258 557
1940 263 484
1940 379 858
1940 376 288
1940 398 822
1940 354 730
1940 279 519
1940 96 591
1940 314 658
1940 465 858
1940 218 620
1940 148 501
1940 298 567
1960 412 231
1960 426 543
1960 89 520
1960 322 1062
1960 239 530
1960 366 211
1960 258 556
1960 263 502
1960 384 858
1960 282 525
1960 308 1074
1960 87 407
1960 306 669
1960 93 490
1960 216 621
1960 298 563
1980 241 1229
1980 237 532
1980 360 1019
1980 269 1173
1980 339 110
1980 362 491
1980 176 491
1980 259 557
1980 261 503
1980 388 853
1980 398 830
1980 281 526
1980 443 1013
1980 80 407
1980 147 728
1980 86 277
1980 315 640
1980 83 407
1980 218 619
1980 297 573
