1800 430 610
1800 240 538
1800 286 1114
1800 290 1151
1800 367 764
1800 387 806
1800 51 920
1800 259 569
1800 393 832
1800 314 815
1800 259 502
1800 397 824
1800 414 819
1800 282 531
1800 279 659
1800 307 663
1800 438 828
1800 77 492
1800 284 1122
1800 235 71
1800 217 630
1800 299 570
1800 305 662
1820 452 635
1820 221 1230
1820 238 536
1820 277 853
1820 378 844
1820 218 1243
1820 257 571
1820 419 519
1820 259 500
1820 379 843
1820 415 835
1820 352 670
1820 284 530
1820 305 667
1820 368 833
1820 412 634
1820 216 627
1820 297 569
1820 304 665
1840 240 534
1840 356 613
1840 259 570
1840 390 653
1840 261 500
1840 374 845
1840 374 301
1840 360 619
1840 283 525
1840 292 685
1840 343 842
1840 413 647
1840 217 627
1840 299 570
1840 292 674
1840 317 864
1840 378 305
1860 240 537
1860 385 694
1860 372 563
1860 63 958
1860 340 501
1860 261 568
1860 389 859
1860 342 849
1860 386 689
1860 259 503
1860 389 858
1860 401 830
1860 274 668
1860 361 705
1860 283 528
1860 307 667
1860 350 831
1860 319 190
1860 216 632
1860 288 606
1860 307 666
1880 350 515
1880 465 432
1880 69 536
1880 241 532
1880 58 865
1880 357 524
1880 259 561
1880 433 500
1880 312 759
1880 269 495
1880 398 834
1880 285 525
1880 288 661
1880 304 669
1880 349 847
1880 345 513
1880 219 625
1880 297 573
1880 308 668
1900 374 493
1900 445 469
1900 341 1215
1900 241 530
1900 346 472
1900 257 562
1900 389 859
1900 425 454
1900 262 505
1900 399 844
1900 282 530
1900 279 662
1900 296 668
1900 462 827
1900 351 837
1900 355 473
1900 236 715
1900 218 628
1900 296 572
1900 305 667
1900 242 699
1920 420 905
1920 395 540
1920 88 691
1920 236 534
1920 185 617
1920 386 739
1920 381 857
1920 261 570
1920 387 867
1920 415 407
1920 159 646
1920 262 501
1920 297 441
1920 381 854
1920 316 457
1920 392 861
1920 284 525
1920 305 667
1920 345 849
1920 317 461
1920 296 441
1920 404 346
1920 217 633
1940 72 606
1940 450 297
1940 424 567
1940 238 530
1940 125 521
1940 356 981
1940 389 271
1940 260 566
1940 356 840
1940 264 498
1940 243 447
1940 376 853
1940 366 292
1940 400 822
1940 283 521
1940 103 593
1940 311 674
1940 467 861
1940 358 836
1940 98 589
1940 217 626
1940 297 571
1940 312 676
1940 369 285
1960 391 874
1960 400 230
1960 434 555
1960 425 548
1960 322 1074
1960 236 531
1960 384 843
1960 122 385
1960 352 207
1960 261 563
1960 394 860
1960 390 854
1960 214 477
1960 263 503
1960 383 864
1960 282 526
1960 303 1060
1960 89 413
1960 278 672
1960 305 679
1960 343 846
1960 94 458
1960 164 440
1960 216 626
1960 299 568
1960 303 671
1980 361 492
1980 96 429
1980 239 534
1980 354 1027
1980 262 1170
1980 327 123
1980 358 489
1980 176 489
1980 261 563
1980 385 861
1980 355 839
1980 86 753
1980 369 1056
1980 262 504
1980 384 856
1980 159 720
1980 398 829
1980 247 1150
1980 284 527
1980 440 1015
1980 84 408
1980 383 1059
1980 149 730
1980 88 298
1980 306 669
1980 351 836
1980 86 406
1980 27 340
1980 217 629
1980 296 573
1980 329 663
