1800 440 602
1800 238 535
1800 285 1114
1800 291 1168
1800 368 768
1800 390 814
1800 43 916
1800 261 567
1800 404 829
1800 312 814
1800 259 503
1800 417 821
1800 282 532
1800 306 663
1800 438 831
1800 286 1130
1800 235 56
1800 217 626
1800 299 570
1800 306 661
1820 425 521
1820 453 638
1820 221 1247
1820 238 532
1820 276 859
1820 379 845
1820 220 1246
1820 260 571
1820 420 838
1820 420 518
1820 259 500
1820 382 845
1820 418 836
1820 352 671
1820 284 530
1820 306 667
1820 365 835
1820 416 645
1820 217 626
1820 299 569
1820 303 665
1840 239 531
1840 358 607
1840 260 572
1840 392 870
1840 394 657
1840 261 501
1840 377 853
1840 367 291
1840 283 529
1840 290 679
1840 340 875
1840 421 669
1840 217 625
1840 299 569
1840 290 678
1840 324 864
1840 380 308
1860 240 534
1860 387 700
1860 373 564
1860 343 504
1860 263 569
1860 397 842
1860 347 841
1860 258 503
1860 403 833
1860 358 705
1860 285 529
1860 307 666
1860 349 834
1860 321 189
1860 217 627
1860 297 588
1860 307 666
1880 468 455
1880 67 533
1880 240 532
1880 52 871
1880 351 515
1880 259 561
1880 437 503
1880 315 743
1880 269 494
1880 331 751
1880 400 827
1880 286 528
1880 306 669
1880 346 865
1880 220 624
1880 299 571
1880 310 670
1900 387 497
1900 449 475
1900 330 1227
1900 242 534
1900 90 768
1900 352 473
1900 258 563
1900 390 857
1900 417 532
1900 262 505
1900 405 835
1900 284 530
1900 290 664
1900 299 668
1900 462 830
1900 352 838
1900 239 719
1900 219 626
1900 308 587
1900 307 667
1920 424 920
1920 395 540
1920 83 694
1920 238 531
1920 386 736
1920 384 859
1920 262 567
1920 159 650
1920 263 504
1920 301 441
1920 381 854
1920 399 864
1920 285 525
1920 305 668
1920 295 441
1920 405 341
1920 217 627
1920 296 668
1940 71 604
1940 446 306
1940 424 570
1940 237 530
1940 357 979
1940 262 563
1940 267 500
1940 239 533
1940 375 860
1940 366 289
1940 402 827
1940 354 735
1940 285 522
1940 103 595
1940 365 980
1940 469 864
1940 358 835
1940 219 623
1940 299 571
1940 313 668
1940 371 290
1960 418 946
1960 405 233
1960 429 551
1960 426 546
1960 97 532
1960 237 529
1960 384 851
1960 121 385
1960 351 210
1960 263 564
1960 214 477
1960 264 503
1960 382 867
1960 284 527
1960 214 476
1960 304 1061
1960 91 411
1960 307 676
1960 343 850
1960 167 438
1960 217 626
1960 300 567
1960 305 670
1980 361 493
1980 99 428
1980 234 1254
1980 240 532
1980 361 1022
1980 272 1171
1980 342 116
1980 361 491
1980 176 486
1980 263 565
1980 393 846
1980 100 760
1980 376 1066
1980 263 504
1980 385 856
1980 157 720
1980 399 832
1980 248 1146
1980 285 527
1980 445 1053
1980 82 409
1980 388 1039
1980 156 732
1980 84 275
1980 308 669
1980 352 839
1980 87 406
1980 218 627
1980 298 570
1980 328 658
