1800 434 605
1800 241 534
1800 289 1118
1800 292 1146
1800 381 791
1800 260 565
1800 316 813
1800 260 502
1800 402 823
1800 285 664
1800 284 529
1800 310 656
1800 438 828
1800 300 1193
1800 220 624
1800 299 570
1800 295 652
1820 413 630
1820 450 636
1820 225 1247
1820 239 534
1820 279 851
1820 413 631
1820 376 838
1820 222 1244
1820 258 568
1820 414 532
1820 259 498
1820 362 838
1820 418 836
1820 354 672
1820 284 525
1820 311 666
1820 219 623
1820 299 567
1840 432 634
1840 241 530
1840 378 846
1840 255 564
1840 390 653
1840 259 499
1840 371 298
1840 407 838
1840 283 525
1840 220 625
1840 298 565
1840 303 669
1840 315 863
1860 242 532
1860 384 690
1860 365 828
1860 371 560
1860 342 495
1860 260 564
1860 343 844
1860 376 563
1860 259 500
1860 399 834
1860 284 666
1860 359 707
1860 285 528
1860 312 667
1860 343 492
1860 218 630
1860 291 602
1860 307 663
1880 471 429
1880 239 529
1880 346 510
1880 377 850
1880 262 561
1880 440 509
1880 324 759
1880 268 493
1880 347 820
1880 399 833
1880 286 522
1880 311 665
1880 224 625
1880 298 569
1880 307 665
1900 432 460
1900 241 529
1900 366 836
1900 353 471
1900 261 563
1900 390 495
1900 261 501
1900 399 835
1900 286 529
1900 308 663
1900 470 827
1900 223 629
1900 297 567
1900 307 666
1920 414 906
1920 398 538
1920 452 430
1920 91 693
1920 235 531
1920 383 735
1920 376 848
1920 262 559
1920 158 647
1920 263 499
1920 297 437
1920 363 837
1920 419 903
1920 292 529
1920 104 677
1920 309 664
1920 293 440
1920 401 361
1920 221 630
1940 72 606
1940 460 282
1940 426 571
1940 240 528
1940 363 851
1940 358 977
1940 264 560
1940 439 328
1940 268 474
1940 359 835
1940 368 285
1940 346 824
1940 354 735
1940 286 523
1940 470 865
1940 102 584
1940 225 624
1940 157 512
1940 298 570
1960 412 965
1960 442 241
1960 426 560
1960 428 543
1960 246 531
1960 382 852
1960 264 564
1960 263 502
1960 286 525
1960 89 402
1960 309 670
1960 404 964
1960 171 440
1960 224 630
1960 299 565
1960 305 669
1980 375 491
1980 407 1033
1980 236 531
1980 386 847
1980 364 1022
1980 274 1191
1980 336 112
1980 359 486
1980 175 483
1980 262 564
1980 374 496
1980 262 503
1980 351 824
1980 398 828
1980 291 669
1980 289 525
1980 84 403
1980 388 1048
1980 153 725
1980 311 667
1980 471 925
1980 225 625
1980 299 568
1980 312 607
