1800 431 609
1800 241 537
1800 287 1117
1800 291 1148
1800 369 762
1800 40 926
1800 261 574
1800 315 815
1800 259 505
1800 415 834
1800 284 531
1800 311 674
1800 436 831
1800 239 76
1800 220 629
1800 298 571
1800 305 659
1820 420 632
1820 454 642
1820 219 1257
1820 240 535
1820 277 858
1820 220 1229
1820 259 574
1820 424 838
1820 424 527
1820 259 500
1820 382 843
1820 417 842
1820 353 676
1820 284 530
1820 310 669
1820 413 642
1820 218 627
1820 299 569
1820 307 667
1840 433 637
1840 241 536
1840 355 613
1840 260 580
1840 389 655
1840 263 506
1840 374 853
1840 369 296
1840 284 527
1840 280 693
1840 410 668
1840 220 630
1840 299 570
1840 304 666
1840 316 868
1860 471 301
1860 242 534
1860 383 688
1860 372 565
1860 49 973
1860 343 502
1860 261 570
1860 345 846
1860 379 701
1860 259 505
1860 400 857
1860 361 707
1860 286 530
1860 310 669
1860 352 829
1860 316 187
1860 219 636
1860 284 622
1860 309 666
1880 470 432
1880 67 533
1880 242 534
1880 259 568
1880 436 500
1880 317 762
1880 271 498
1880 331 749
1880 287 528
1880 305 667
1880 356 846
1880 221 625
1880 296 577
1880 308 666
1900 244 536
1900 351 472
1900 260 564
1900 428 460
1900 262 507
1900 398 834
1900 285 533
1900 304 665
1900 462 830
1900 353 833
1900 236 714
1900 220 630
1900 290 575
1900 311 671
1920 411 897
1920 398 542
1920 374 369
1920 85 694
1920 237 538
1920 385 740
1920 264 568
1920 161 652
1920 263 505
1920 299 444
1920 377 852
1920 313 457
1920 407 891
1920 281 524
1920 308 668
1920 455 711
1920 316 464
1920 295 441
1920 403 338
1920 221 632
1920 306 666
1940 73 608
1940 451 289
1940 423 566
1940 239 532
1940 353 988
1940 395 287
1940 262 568
1940 351 843
1940 265 498
1940 379 863
1940 374 294
1940 399 832
1940 353 740
1940 286 526
1940 100 589
1940 366 981
1940 359 839
1940 220 627
1940 298 572
1940 314 668
1940 374 292
1960 417 934
1960 430 193
1960 427 545
1960 426 545
1960 101 510
1960 241 531
1960 353 213
1960 261 565
1960 213 477
1960 263 504
1960 379 867
1960 393 856
1960 286 528
1960 303 1062
1960 88 406
1960 310 678
1960 345 846
1960 166 439
1960 219 627
1960 300 569
1960 308 672
1980 362 495
1980 240 533
1980 354 1032
1980 351 104
1980 363 494
1980 175 487
1980 261 569
1980 394 854
1980 90 752
1980 263 505
1980 384 860
1980 398 835
1980 286 529
1980 447 1021
1980 78 410
1980 87 286
1980 308 671
1980 221 627
1980 293 590
1980 327 658
