1800 434 611
1800 240 541
1800 300 1197
1800 374 760
1800 382 792
1800 258 565
1800 318 808
1800 262 503
1800 432 825
1800 283 532
1800 308 657
1800 436 826
1800 293 1136
1800 224 632
1800 299 573
1800 307 658
1800 266 72
1820 415 639
1820 453 633
1820 220 1229
1820 238 538
1820 276 857
1820 378 840
1820 258 568
1820 434 400
1820 260 498
1820 420 839
1820 355 674
1820 284 527
1820 80 411
1820 310 667
1820 418 629
1820 221 629
1820 301 571
1840 461 1070
1840 242 537
1840 377 851
1840 363 504
1840 255 568
1840 392 662
1840 358 827
1840 259 501
1840 365 289
1840 285 530
1840 222 630
1840 300 570
1840 297 671
1840 319 861
1860 472 525
1860 242 536
1860 385 698
1860 375 851
1860 370 566
1860 59 933
1860 256 574
1860 356 826
1860 258 503
1860 371 709
1860 406 837
1860 286 530
1860 310 667
1860 220 633
1860 290 601
1860 307 666
1880 381 517
1880 354 517
1880 469 432
1880 240 532
1880 381 851
1880 375 519
1880 259 573
1880 327 758
1880 270 497
1880 288 525
1880 306 661
1880 70 532
1880 224 628
1880 299 570
1880 308 588
1900 389 494
1900 242 537
1900 377 849
1900 385 499
1900 355 476
1900 259 567
1900 428 418
1900 435 418
1900 261 500
1900 407 841
1900 289 531
1900 304 663
1900 466 817
1900 237 724
1900 224 631
1900 62 769
1900 302 572
1920 413 896
1920 85 688
1920 237 540
1920 380 743
1920 382 838
1920 399 401
1920 263 570
1920 160 654
1920 263 500
1920 297 442
1920 403 351
1920 425 897
1920 291 530
1920 307 667
1920 386 381
1920 222 635
1920 43 755
1920 308 670
1940 73 614
1940 240 530
1940 230 428
1940 390 859
1940 396 277
1940 364 981
1940 259 561
1940 356 835
1940 444 332
1940 439 325
1940 268 499
1940 370 289
1940 350 737
1940 288 527
1940 315 663
1940 461 874
1940 224 627
1940 299 571
1940 313 673
1960 439 198
1960 435 551
1960 430 193
1960 331 1071
1960 244 530
1960 383 836
1960 259 568
1960 388 848
1960 215 476
1960 263 503
1960 288 529
1960 85 404
1960 303 676
1960 30 512
1960 220 631
1960 300 568
1960 310 677
1980 383 497
1980 445 1010
1980 238 540
1980 387 855
1980 271 1171
1980 351 118
1980 360 491
1980 176 489
1980 262 567
1980 356 842
1980 86 754
1980 264 502
1980 448 886
1980 289 530
1980 85 402
1980 310 678
1980 95 402
1980 27 406
1980 224 631
1980 300 573
