1800 432 613
1800 235 536
1800 275 1132
1800 256 550
1800 424 815
1800 308 819
1800 261 511
1800 411 822
1800 279 528
1800 214 615
1800 297 557
1820 397 660
1820 457 654
1820 225 1229
1820 232 543
1820 372 845
1820 259 557
1820 414 839
1820 425 856
1820 258 504
1820 413 841
1820 344 686
1820 280 522
1820 89 413
1820 307 662
1820 210 620
1820 296 560
1820 418 525
1820 282 866
1840 411 687
1840 235 537
1840 378 848
1840 255 562
1840 403 850
1840 409 850
1840 256 511
1840 399 659
1840 281 523
1840 213 618
1840 297 551
1840 308 655
1840 319 864
1860 235 541
1860 249 553
1860 402 847
1860 367 556
1860 336 843
1860 256 514
1860 349 833
1860 370 711
1860 409 820
1860 279 527
1860 210 628
1860 296 565
1860 305 655
1880 234 533
1880 257 565
1880 394 849
1880 321 763
1880 266 502
1880 323 754
1880 282 521
1880 397 853
1880 213 629
1880 295 566
1880 308 656
1900 446 377
1900 236 537
1900 351 470
1900 251 555
1900 405 851
1900 424 390
1900 261 503
1900 286 528
1900 305 663
1900 213 633
1900 78 756
1900 297 563
1900 350 505
1920 231 545
1920 377 843
1920 398 393
1920 256 564
1920 411 365
1920 356 824
1920 261 522
1920 289 444
1920 313 460
1920 374 730
1920 410 847
1920 286 529
1920 306 669
1920 388 859
1920 216 644
1920 296 582
1920 387 550
1940 382 265
1940 242 529
1940 359 987
1940 257 560
1940 396 840
1940 451 280
1940 262 504
1940 347 736
1940 445 863
1940 287 523
1940 312 668
1940 208 628
1940 294 564
1960 441 238
1960 442 561
1960 431 174
1960 336 1070
1960 241 527
1960 373 829
1960 252 564
1960 263 509
1960 286 526
1960 86 396
1960 369 176
1960 210 637
1960 296 547
1980 370 1109
1980 236 552
1980 249 1151
1980 350 483
1980 255 564
1980 258 518
1980 353 832
1980 287 527
1980 85 395
1980 211 629
1980 298 563
