1800 430 614
1800 240 536
1800 290 1145
1800 363 772
1800 389 813
1800 260 571
1800 314 815
1800 262 502
1800 405 825
1800 281 666
1800 283 530
1800 307 655
1800 430 823
1800 76 481
1800 295 1122
1800 219 625
1800 300 570
1800 308 660
1800 263 64
1820 414 647
1820 446 635
1820 226 1252
1820 241 536
1820 278 855
1820 376 845
1820 223 1246
1820 260 572
1820 425 531
1820 260 500
1820 348 686
1820 284 528
1820 308 666
1820 409 650
1820 219 623
1820 300 568
1840 420 671
1840 241 534
1840 379 852
1840 257 567
1840 385 654
1840 262 502
1840 376 300
1840 360 620
1840 283 526
1840 279 683
1840 412 656
1840 220 627
1840 299 570
1840 307 652
1840 317 865
1860 242 533
1860 379 706
1860 368 850
1860 369 557
1860 339 504
1860 263 569
1860 344 850
1860 381 699
1860 369 562
1860 261 504
1860 396 855
1860 285 530
1860 310 661
1860 219 631
1860 291 597
1860 310 670
1880 465 433
1880 239 530
1880 345 514
1880 374 866
1880 349 517
1880 259 567
1880 319 761
1880 269 494
1880 401 836
1880 287 527
1880 222 625
1880 298 571
1880 306 665
1900 242 534
1900 374 840
1900 342 471
1900 261 565
1900 426 449
1900 264 508
1900 395 847
1900 286 528
1900 308 658
1900 461 828
1900 221 631
1900 296 571
1900 312 671
1920 412 923
1920 397 545
1920 90 696
1920 237 532
1920 377 757
1920 378 858
1920 264 569
1920 155 650
1920 265 504
1920 389 868
1920 283 525
1920 104 679
1920 304 663
1920 458 733
1920 449 712
1920 293 441
1920 405 340
1920 220 630
1920 299 609
1920 304 667
1940 74 611
1940 458 280
1940 425 576
1940 239 529
1940 368 856
1940 358 983
1940 264 567
1940 437 326
1940 269 494
1940 244 474
1940 371 285
1940 394 835
1940 351 742
1940 285 526
1940 313 671
1940 460 879
1940 219 622
1940 151 507
1940 299 571
1940 312 675
1960 429 222
1960 426 547
1960 429 548
1960 191 745
1960 319 1070
1960 242 528
1960 383 850
1960 367 199
1960 335 213
1960 264 570
1960 265 505
1960 283 527
1960 305 1073
1960 86 404
1960 305 670
1960 33 549
1960 218 627
1960 300 568
1960 307 673
1980 248 1155
1980 406 1028
1980 237 531
1980 270 1153
1980 383 858
1980 270 1177
1980 342 117
1980 359 493
1980 262 568
1980 264 504
1980 164 720
1980 394 844
1980 284 527
1980 447 1016
1980 80 406
1980 151 732
1980 312 669
1980 91 399
1980 23 384
1980 220 624
1980 297 571
