1800 443 600
1800 240 534
1800 287 1117
1800 295 1158
1800 369 764
1800 46 913
1800 259 570
1800 399 834
1800 315 815
1800 259 504
1800 411 838
1800 283 530
1800 310 671
1800 439 829
1800 286 1119
1800 240 69
1800 218 625
1800 300 571
1800 306 661
1820 420 631
1820 455 639
1820 227 1244
1820 239 533
1820 276 858
1820 380 846
1820 224 1232
1820 258 571
1820 418 841
1820 423 523
1820 259 500
1820 383 844
1820 416 837
1820 353 670
1820 284 531
1820 308 668
1820 361 839
1820 416 643
1820 217 626
1820 299 570
1840 240 533
1840 356 613
1840 258 573
1840 396 866
1840 392 657
1840 260 501
1840 374 300
1840 361 619
1840 284 526
1840 288 683
1840 342 870
1840 423 652
1840 217 625
1840 300 570
1840 297 668
1840 319 863
1840 380 313
1860 240 535
1860 387 700
1860 373 563
1860 72 957
1860 344 502
1860 262 570
1860 391 862
1860 348 839
1860 388 700
1860 259 502
1860 384 684
1860 404 836
1860 276 666
1860 362 702
1860 286 528
1860 308 668
1860 349 830
1860 322 200
1860 217 632
1860 287 608
1860 310 667
1880 355 515
1880 469 438
1880 70 535
1880 241 532
1880 77 879
1880 258 564
1880 387 859
1880 436 500
1880 318 761
1880 269 495
1880 400 836
1880 287 526
1880 308 669
1880 349 856
1880 222 623
1880 298 572
1880 309 670
1900 391 498
1900 448 460
1900 341 1219
1900 241 530
1900 345 471
1900 257 560
1900 390 857
1900 428 451
1900 262 505
1900 403 843
1900 284 531
1900 300 666
1900 463 827
1900 354 836
1900 238 716
1900 220 627
1900 296 569
1900 309 668
1900 238 702
1920 422 912
1920 396 540
1920 404 340
1920 87 693
1920 237 531
1920 390 741
1920 263 568
1920 386 865
1920 162 646
1920 263 504
1920 303 444
1920 381 854
1920 397 856
1920 286 525
1920 305 667
1920 345 851
1920 456 711
1920 318 465
1920 296 443
1920 402 349
1920 220 630
1920 296 643
1940 70 594
1940 415 307
1940 425 570
1940 238 533
1940 357 979
1940 354 986
1940 389 271
1940 261 564
1940 362 849
1940 264 494
1940 238 523
1940 367 290
1940 285 523
1940 102 588
1940 468 861
1940 358 830
1940 222 623
1940 153 503
1940 299 572
1940 315 674
1940 369 286
1960 414 932
1960 423 207
1960 428 547
1960 426 548
1960 237 531
1960 122 383
1960 350 210
1960 260 561
1960 215 476
1960 263 503
1960 387 862
1960 374 181
1960 398 850
1960 284 525
1960 214 476
1960 304 1061
1960 90 409
1960 307 673
1960 343 846
1960 323 167
1960 411 972
1960 167 439
1960 218 626
1960 300 569
1960 307 670
1980 362 495
1980 107 453
1980 225 1296
1980 238 531
1980 352 1031
1980 336 127
1980 362 493
1980 177 485
1980 262 564
1980 390 861
1980 95 753
1980 370 1049
1980 263 504
1980 388 853
1980 162 724
1980 398 832
1980 246 1146
1980 285 527
1980 442 1008
1980 89 404
1980 155 731
1980 97 300
1980 309 636
1980 352 836
1980 87 403
1980 26 325
1980 218 628
1980 299 570
