1800 430 607
1800 240 534
1800 289 1115
1800 292 1146
1800 368 766
1800 39 923
1800 262 567
1800 391 832
1800 317 811
1800 260 500
1800 400 826
1800 411 837
1800 284 529
1800 309 669
1800 439 832
1800 287 1115
1800 232 88
1800 215 618
1800 300 570
1800 307 653
1800 250 73
1820 444 656
1820 453 637
1820 221 1236
1820 239 531
1820 281 852
1820 219 1230
1820 262 568
1820 416 515
1820 260 498
1820 381 846
1820 418 836
1820 350 677
1820 285 528
1820 66 435
1820 307 662
1820 411 640
1820 218 622
1820 299 568
1820 306 665
1840 432 631
1840 240 530
1840 354 612
1840 260 568
1840 391 657
1840 260 501
1840 377 854
1840 374 301
1840 403 837
1840 285 525
1840 278 690
1840 414 654
1840 218 626
1840 300 568
1840 303 662
1840 315 869
1860 241 532
1860 386 691
1860 373 561
1860 64 961
1860 341 493
1860 264 564
1860 388 863
1860 348 837
1860 384 702
1860 260 500
1860 386 861
1860 400 830
1860 359 704
1860 286 527
1860 309 664
1860 351 828
1860 315 183
1860 217 629
1860 289 597
1860 307 663
1880 67 530
1880 241 532
1880 280 87
1880 259 555
1880 386 860
1880 315 746
1880 267 492
1880 384 863
1880 332 748
1880 400 828
1880 334 745
1880 287 525
1880 306 639
1880 220 622
1880 299 571
1880 306 665
1880 281 88
1900 378 499
1900 447 476
1900 333 1219
1900 242 530
1900 342 469
1900 259 554
1900 385 859
1900 261 498
1900 371 858
1900 398 835
1900 285 529
1900 231 715
1900 299 662
1900 462 828
1900 238 699
1900 219 626
1900 296 568
1900 311 673
1920 420 902
1920 394 863
1920 397 543
1920 82 687
1920 237 535
1920 181 609
1920 385 734
1920 263 557
1920 386 866
1920 158 640
1920 263 501
1920 381 855
1920 300 445
1920 408 889
1920 286 525
1920 303 663
1920 454 712
1920 317 461
1920 293 441
1920 402 337
1920 218 625
1920 302 661
1940 73 620
1940 450 285
1940 423 565
1940 236 524
1940 125 519
1940 356 982
1940 391 274
1940 264 559
1940 353 840
1940 265 478
1940 234 431
1940 377 858
1940 377 287
1940 400 825
1940 353 735
1940 286 523
1940 100 587
1940 362 976
1940 312 676
1940 353 832
1940 218 620
1940 148 500
1940 298 570
1940 310 670
1960 395 879
1960 411 226
1960 427 547
1960 425 545
1960 103 512
1960 240 528
1960 121 381
1960 355 213
1960 262 554
1960 389 859
1960 213 475
1960 263 502
1960 386 866
1960 371 182
1960 284 525
1960 303 1061
1960 88 406
1960 160 443
1960 307 675
1960 343 847
1960 39 534
1960 166 439
1960 218 626
1960 301 564
1960 305 671
1980 358 490
1980 100 428
1980 236 1241
1980 239 529
1980 270 1174
1980 357 1026
1980 325 124
1980 358 490
1980 175 485
1980 263 562
1980 387 853
1980 357 843
1980 81 749
1980 373 1055
1980 262 504
1980 386 854
1980 166 722
1980 399 829
1980 286 527
1980 132 262
1980 450 1019
1980 89 402
1980 384 1057
1980 148 723
1980 84 271
1980 304 648
1980 351 835
1980 84 408
1980 220 621
1980 299 568
