1800 434 609
1800 236 531
1800 364 767
1800 261 554
1800 307 814
1800 256 507
1800 429 832
1800 282 527
1800 290 1118
1800 217 614
1800 300 568
1800 307 650
1820 418 624
1820 225 1229
1820 237 536
1820 374 834
1820 259 557
1820 256 500
1820 364 835
1820 415 840
1820 350 673
1820 285 523
1820 79 406
1820 217 614
1820 300 566
1840 238 534
1840 375 847
1840 359 501
1840 255 555
1840 399 834
1840 359 836
1840 255 502
1840 407 839
1840 284 524
1840 218 620
1840 300 560
1840 297 595
1860 238 532
1860 380 687
1860 367 825
1860 340 489
1860 258 553
1860 395 832
1860 339 849
1860 252 506
1860 404 867
1860 286 526
1860 311 181
1860 219 609
1860 300 570
1860 307 659
1880 237 528
1880 345 510
1880 256 561
1880 310 703
1880 262 496
1880 442 158
1880 402 836
1880 309 696
1880 334 758
1880 285 522
1880 216 624
1880 298 566
1880 298 575
1900 345 516
1900 443 383
1900 236 525
1900 343 466
1900 255 557
1900 417 451
1900 255 500
1900 401 853
1900 290 526
1900 245 705
1900 234 697
1900 217 624
1900 55 785
1900 300 565
1920 401 899
1920 85 691
1920 234 536
1920 380 835
1920 262 558
1920 401 864
1920 357 820
1920 255 511
1920 292 444
1920 366 827
1920 312 449
1920 406 880
1920 293 530
1920 154 647
1920 395 358
1920 217 627
1920 32 738
1920 295 579
1940 68 592
1940 378 266
1940 239 526
1940 378 852
1940 357 980
1940 261 552
1940 453 304
1940 346 845
1940 256 479
1940 364 292
1940 377 264
1940 339 726
1940 402 825
1940 347 742
1940 288 523
1940 87 600
1940 219 618
1940 296 571
1940 314 672
1960 436 179
1960 435 549
1960 317 1069
1960 243 525
1960 377 825
1960 362 186
1960 363 178
1960 259 561
1960 260 503
1960 366 847
1960 286 524
1960 84 401
1960 95 402
1960 209 624
1960 299 564
1960 304 667
1980 416 1029
1980 236 534
1980 382 857
1980 247 1149
1980 354 484
1980 262 556
1980 256 513
1980 396 834
1980 290 528
1980 82 401
1980 87 380
1980 216 620
1980 299 567
