1800 440 605
1800 240 536
1800 285 1118
1800 293 1165
1800 372 773
1800 388 809
1800 40 917
1800 261 570
1800 395 833
1800 311 817
1800 258 504
1800 411 834
1800 283 532
1800 278 664
1800 307 665
1800 439 830
1800 288 1139
1800 232 68
1800 218 629
1800 299 572
1800 306 662
1820 415 640
1820 453 644
1820 224 1258
1820 238 535
1820 277 861
1820 380 847
1820 220 1231
1820 258 570
1820 409 859
1820 425 529
1820 259 502
1820 380 846
1820 416 837
1820 353 671
1820 284 531
1820 305 668
1820 371 835
1820 415 646
1820 218 628
1820 299 570
1820 306 669
1840 240 535
1840 356 616
1840 365 500
1840 358 611
1840 262 573
1840 392 659
1840 260 502
1840 379 852
1840 368 295
1840 284 529
1840 284 690
1840 218 628
1840 300 571
1840 296 678
1840 319 868
1840 377 311
1860 241 534
1860 387 701
1860 374 565
1860 64 959
1860 343 504
1860 263 568
1860 389 861
1860 343 850
1860 386 710
1860 259 504
1860 401 832
1860 361 708
1860 285 530
1860 306 666
1860 349 834
1860 317 188
1860 218 633
1860 285 612
1860 309 667
1880 348 515
1880 464 574
1880 70 539
1880 242 535
1880 48 869
1880 356 523
1880 258 563
1880 435 503
1880 314 756
1880 268 495
1880 330 752
1880 401 831
1880 286 529
1880 303 667
1880 347 850
1880 221 626
1880 298 573
1880 311 662
1900 426 461
1900 448 487
1900 350 1220
1900 242 536
1900 347 473
1900 257 565
1900 390 861
1900 262 508
1900 397 855
1900 284 532
1900 282 670
1900 300 669
1900 466 826
1900 352 837
1900 238 724
1900 219 629
1900 298 576
1900 307 668
1920 423 922
1920 396 546
1920 390 357
1920 81 696
1920 238 535
1920 386 742
1920 384 861
1920 263 568
1920 385 866
1920 160 651
1920 260 504
1920 377 856
1920 320 462
1920 284 528
1920 301 665
1920 317 462
1920 297 446
1920 404 339
1920 219 636
1920 305 668
1940 71 606
1940 448 287
1940 425 578
1940 238 532
1940 353 988
1940 261 568
1940 379 863
1940 262 500
1940 234 444
1940 365 859
1940 367 290
1940 400 834
1940 353 737
1940 284 523
1940 102 595
1940 312 674
1940 471 867
1940 358 829
1940 220 629
1940 152 510
1940 298 572
1940 311 673
1940 371 291
1960 421 210
1960 427 546
1960 425 548
1960 90 523
1960 235 531
1960 383 856
1960 120 386
1960 345 210
1960 261 565
1960 213 476
1960 264 505
1960 384 863
1960 284 527
1960 213 476
1960 303 1070
1960 90 413
1960 161 445
1960 278 683
1960 306 675
1960 343 854
1960 415 965
1960 164 443
1960 218 628
1960 300 568
1960 306 672
1980 362 494
1980 240 537
1980 359 1027
1980 332 127
1980 361 494
1980 175 489
1980 262 565
1980 393 858
1980 92 758
1980 373 1055
1980 261 506
1980 385 858
1980 158 721
1980 398 833
1980 248 1148
1980 286 529
1980 84 412
1980 149 732
1980 88 275
1980 305 670
1980 352 839
1980 85 407
1980 219 629
1980 298 571
