1800 445 601
1800 241 538
1800 285 1118
1800 295 1159
1800 371 765
1800 52 913
1800 260 570
1800 397 836
1800 315 814
1800 259 504
1800 420 831
1800 278 662
1800 284 529
1800 304 659
1800 439 826
1800 290 1137
1800 218 626
1800 299 572
1800 305 660
1820 432 522
1820 453 639
1820 221 1248
1820 241 538
1820 275 860
1820 220 1245
1820 260 572
1820 417 840
1820 419 515
1820 259 500
1820 381 846
1820 418 834
1820 354 678
1820 284 529
1820 308 669
1820 358 837
1820 417 641
1820 216 627
1820 299 569
1840 242 538
1840 357 616
1840 260 574
1840 401 857
1840 393 660
1840 260 501
1840 377 854
1840 374 301
1840 284 526
1840 286 688
1840 342 846
1840 414 663
1840 217 628
1840 299 569
1840 312 667
1840 318 864
1840 376 305
1860 242 534
1860 387 699
1860 373 565
1860 344 504
1860 263 568
1860 391 855
1860 345 844
1860 386 705
1860 258 503
1860 406 843
1860 362 706
1860 285 529
1860 307 665
1860 345 840
1860 319 193
1860 217 631
1860 287 600
1860 309 666
1880 467 435
1880 67 535
1880 242 535
1880 259 565
1880 387 861
1880 437 505
1880 325 757
1880 271 496
1880 332 750
1880 403 827
1880 286 528
1880 283 662
1880 306 644
1880 349 850
1880 437 510
1880 220 624
1880 297 572
1880 307 667
1900 425 455
1900 447 453
1900 340 1211
1900 244 538
1900 345 472
1900 260 561
1900 390 856
1900 416 535
1900 263 508
1900 408 841
1900 284 532
1900 302 663
1900 461 828
1900 353 837
1900 237 722
1900 221 630
1900 292 572
1900 312 674
1900 239 703
1920 424 919
1920 400 846
1920 398 544
1920 79 692
1920 236 537
1920 392 742
1920 263 567
1920 389 866
1920 160 652
1920 262 502
1920 378 852
1920 413 888
1920 287 525
1920 304 663
1920 347 849
1920 456 711
1920 316 462
1920 297 446
1920 406 342
1920 218 634
1920 293 664
1940 70 596
1940 449 293
1940 424 569
1940 240 531
1940 356 979
1940 355 986
1940 260 569
1940 265 503
1940 242 510
1940 375 865
1940 368 289
1940 354 734
1940 287 526
1940 101 594
1940 368 984
1940 465 861
1940 356 843
1940 102 591
1940 220 623
1940 151 503
1940 298 572
1940 313 673
1940 373 289
1960 395 878
1960 395 227
1960 427 547
1960 426 547
1960 237 530
1960 388 844
1960 120 387
1960 354 210
1960 262 567
1960 390 855
1960 213 476
1960 263 504
1960 380 866
1960 398 857
1960 284 527
1960 213 476
1960 301 1062
1960 88 414
1960 309 675
1960 345 847
1960 37 527
1960 166 440
1960 218 626
1960 301 570
1960 307 668
1980 365 488
1980 98 430
1980 239 538
1980 279 1195
1980 359 1027
1980 263 1176
1980 332 127
1980 360 491
1980 175 488
1980 262 566
1980 396 858
1980 354 841
1980 87 753
1980 373 1064
1980 262 504
1980 384 857
1980 161 723
1980 400 837
1980 285 527
1980 452 978
1980 74 414
1980 390 1054
1980 151 729
1980 85 313
1980 309 636
1980 352 841
1980 86 413
1980 218 627
1980 297 571
