1800 439 603
1800 241 538
1800 289 1118
1800 288 1141
1800 261 568
1800 317 813
1800 260 503
1800 395 821
1800 279 663
1800 281 531
1800 308 659
1800 427 823
1800 293 1128
1800 220 630
1800 299 572
1800 293 665
1800 265 61
1820 451 638
1820 225 1230
1820 239 535
1820 276 856
1820 378 844
1820 223 1227
1820 259 566
1820 259 499
1820 363 839
1820 419 837
1820 355 673
1820 283 525
1820 311 666
1820 418 631
1820 218 626
1820 299 568
1840 241 535
1840 378 849
1840 257 569
1840 391 657
1840 260 502
1840 375 299
1840 403 842
1840 278 674
1840 361 620
1840 281 527
1840 278 686
1840 218 626
1840 299 567
1840 298 670
1860 242 535
1860 386 697
1860 371 850
1860 343 504
1860 261 566
1860 344 849
1860 386 706
1860 258 504
1860 399 834
1860 280 669
1860 358 703
1860 284 531
1860 311 668
1860 218 635
1860 296 576
1860 308 666
1880 465 433
1880 241 531
1880 380 852
1880 259 566
1880 376 515
1880 314 760
1880 269 494
1880 332 748
1880 398 833
1880 286 529
1880 309 661
1880 221 628
1880 298 570
1880 307 594
1900 427 386
1900 242 534
1900 379 850
1900 354 474
1900 261 562
1900 383 510
1900 427 379
1900 260 502
1900 398 830
1900 284 532
1900 305 662
1900 461 827
1900 239 709
1900 222 634
1900 295 567
1900 305 666
1920 414 905
1920 398 543
1920 451 427
1920 84 687
1920 237 534
1920 382 732
1920 378 850
1920 263 568
1920 158 650
1920 261 502
1920 366 851
1920 411 889
1920 281 520
1920 306 664
1920 294 442
1920 404 351
1920 220 633
1920 285 644
1940 71 605
1940 452 289
1940 239 529
1940 366 851
1940 356 980
1940 263 567
1940 268 493
1940 361 837
1940 370 289
1940 344 733
1940 284 527
1940 314 672
1940 461 862
1940 218 625
1940 298 571
1940 312 675
1960 430 264
1960 427 562
1960 428 545
1960 192 744
1960 323 1079
1960 241 530
1960 383 844
1960 118 383
1960 261 563
1960 264 503
1960 371 850
1960 391 836
1960 284 527
1960 309 1077
1960 89 400
1960 308 672
1960 402 955
1960 219 627
1960 299 569
1960 306 670
1980 370 480
1980 406 1025
1980 238 531
1980 388 852
1980 353 1027
1980 270 1173
1980 333 97
1980 363 495
1980 174 486
1980 261 565
1980 363 490
1980 262 503
1980 371 859
1980 399 832
1980 284 667
1980 286 527
1980 85 395
1980 387 1044
1980 149 728
1980 307 665
1980 87 401
1980 221 628
1980 299 568
