1800 389 819
1800 432 608
1800 238 535
1800 285 1115
1800 291 1166
1800 367 763
1800 386 803
1800 42 935
1800 260 570
1800 409 825
1800 313 812
1800 259 503
1800 417 819
1800 283 531
1800 304 668
1800 437 827
1800 76 490
1800 282 1122
1800 237 66
1800 218 632
1800 299 572
1800 303 661
1820 415 632
1820 448 636
1820 232 1257
1820 236 535
1820 274 861
1820 377 845
1820 220 1242
1820 258 570
1820 416 841
1820 423 528
1820 259 502
1820 384 847
1820 416 838
1820 352 670
1820 284 532
1820 304 669
1820 374 843
1820 415 653
1820 217 627
1820 297 570
1820 307 664
1840 368 501
1840 239 533
1840 356 617
1840 362 497
1840 258 571
1840 390 651
1840 262 502
1840 376 854
1840 368 293
1840 284 526
1840 289 687
1840 419 695
1840 217 625
1840 300 570
1840 295 668
1840 316 864
1840 377 306
1860 240 535
1860 385 700
1860 373 561
1860 342 495
1860 263 567
1860 389 861
1860 343 851
1860 382 696
1860 258 503
1860 400 840
1860 278 657
1860 360 701
1860 284 529
1860 292 655
1860 305 667
1860 469 788
1860 347 833
1860 319 186
1860 217 632
1860 289 602
1860 307 667
1880 348 513
1880 71 537
1880 240 531
1880 351 514
1880 257 559
1880 309 764
1880 268 495
1880 330 753
1880 284 528
1880 281 657
1880 299 672
1880 346 863
1880 220 628
1880 297 575
1880 304 665
1900 374 493
1900 447 461
1900 353 1194
1900 240 531
1900 346 471
1900 257 562
1900 389 859
1900 429 427
1900 100 752
1900 261 506
1900 400 839
1900 284 530
1900 283 660
1900 297 668
1900 462 830
1900 348 840
1900 236 715
1900 219 626
1900 295 570
1900 306 668
1900 241 704
1920 421 920
1920 394 864
1920 395 541
1920 83 685
1920 237 530
1920 383 737
1920 261 571
1920 159 648
1920 261 502
1920 378 858
1920 280 524
1920 303 669
1920 318 461
1920 296 444
1920 398 366
1920 218 633
1920 300 627
1940 71 606
1940 419 301
1940 423 572
1940 236 530
1940 358 974
1940 354 980
1940 259 566
1940 366 866
1940 264 499
1940 237 435
1940 378 865
1940 354 289
1940 400 830
1940 353 736
1940 283 523
1940 102 593
1940 360 976
1940 310 675
1940 470 861
1940 354 837
1940 219 628
1940 152 503
1940 298 571
1940 310 664
1940 369 287
1960 418 930
1960 416 232
1960 426 549
1960 427 568
1960 103 489
1960 235 531
1960 376 843
1960 124 383
1960 342 209
1960 259 563
1960 405 825
1960 214 475
1960 264 505
1960 382 865
1960 282 525
1960 214 475
1960 303 1064
1960 90 411
1960 160 443
1960 278 672
1960 305 677
1960 341 860
1960 414 976
1960 163 442
1960 216 627
1960 300 568
1960 303 671
1980 363 492
1980 246 1261
1980 239 532
1980 352 1030
1980 105 448
1980 357 114
1980 358 490
1980 176 485
1980 262 562
1980 391 857
1980 85 753
1980 261 508
1980 382 859
1980 159 719
1980 399 831
1980 246 1147
1980 284 528
1980 445 1052
1980 86 409
1980 148 728
1980 96 295
1980 300 676
1980 351 836
1980 88 409
1980 217 629
1980 298 572
1980 340 667
