1800 441 601
1800 239 534
1800 287 1115
1800 292 1164
1800 371 762
1800 391 808
1800 49 907
1800 262 568
1800 412 831
1800 315 815
1800 259 503
1800 418 815
1800 285 531
1800 308 663
1800 440 829
1800 78 486
1800 283 1126
1800 240 65
1800 405 1012
1800 218 629
1800 300 572
1800 307 663
1820 424 523
1820 453 639
1820 227 1244
1820 238 533
1820 277 857
1820 380 846
1820 222 1244
1820 261 572
1820 424 838
1820 422 525
1820 260 501
1820 387 844
1820 419 836
1820 352 668
1820 287 532
1820 309 666
1820 373 841
1820 418 639
1820 218 627
1820 300 570
1840 241 534
1840 361 617
1840 358 615
1840 361 618
1840 260 572
1840 392 863
1840 396 658
1840 262 501
1840 381 854
1840 374 297
1840 286 533
1840 293 689
1840 342 867
1840 426 650
1840 219 627
1840 301 571
1840 301 673
1840 323 865
1840 380 308
1860 241 534
1860 388 698
1860 373 563
1860 350 507
1860 263 569
1860 393 854
1860 347 849
1860 260 503
1860 407 836
1860 359 703
1860 287 529
1860 292 653
1860 310 668
1860 352 830
1860 321 188
1860 218 632
1860 292 599
1860 309 667
1880 352 514
1880 435 500
1880 471 444
1880 79 545
1880 241 532
1880 63 861
1880 261 563
1880 387 856
1880 379 514
1880 317 760
1880 270 495
1880 287 528
1880 284 662
1880 307 666
1880 353 850
1880 221 626
1880 299 571
1880 308 666
1900 381 501
1900 450 485
1900 349 1247
1900 242 532
1900 355 477
1900 262 565
1900 391 856
1900 430 452
1900 264 512
1900 403 835
1900 286 533
1900 297 666
1900 303 665
1900 463 828
1900 356 837
1900 240 725
1900 220 626
1900 296 568
1900 308 669
1900 243 713
1920 423 905
1920 397 541
1920 406 340
1920 84 688
1920 238 532
1920 184 611
1920 394 742
1920 387 859
1920 266 569
1920 392 856
1920 159 651
1920 263 503
1920 383 856
1920 396 864
1920 291 527
1920 308 666
1920 156 650
1920 350 848
1920 457 709
1920 321 462
1920 297 442
1920 409 340
1920 219 638
1920 291 662
1940 71 595
1940 451 282
1940 237 529
1940 126 522
1940 357 979
1940 396 276
1940 264 564
1940 361 843
1940 439 334
1940 258 474
1940 267 502
1940 241 470
1940 380 861
1940 370 290
1940 403 825
1940 356 732
1940 286 524
1940 107 592
1940 360 972
1940 313 676
1940 359 833
1940 220 627
1940 151 503
1940 300 571
1940 385 270
1960 424 197
1960 432 553
1960 427 547
1960 238 531
1960 389 855
1960 122 386
1960 347 214
1960 263 567
1960 216 474
1960 264 506
1960 387 858
1960 287 528
1960 214 475
1960 303 1061
1960 91 413
1960 163 443
1960 304 669
1960 311 672
1960 346 848
1960 412 999
1960 168 438
1960 219 626
1960 301 568
1960 307 670
1980 369 483
1980 235 1258
1980 240 533
1980 275 1197
1980 356 1026
1980 276 1179
1980 334 123
1980 363 494
1980 177 486
1980 264 567
1980 394 857
1980 96 756
1980 374 1051
1980 264 503
1980 386 856
1980 162 723
1980 400 828
1980 248 1147
1980 286 527
1980 448 1018
1980 86 411
1980 305 662
1980 391 1044
1980 157 726
1980 308 665
1980 356 843
1980 90 408
1980 220 628
1980 299 570
