1800 432 609
1800 240 535
1800 289 1116
1800 294 1152
1800 367 764
1800 44 915
1800 261 569
1800 316 814
1800 260 502
1800 411 836
1800 283 530
1800 307 661
1800 438 825
1800 76 486
1800 219 625
1800 300 571
1800 305 658
1820 428 523
1820 452 632
1820 219 1253
1820 240 533
1820 276 859
1820 226 1274
1820 262 568
1820 419 837
1820 415 515
1820 259 498
1820 385 844
1820 419 837
1820 354 670
1820 284 526
1820 84 408
1820 310 665
1820 414 640
1820 218 625
1820 299 568
1820 306 665
1840 242 532
1840 356 614
1840 51 881
1840 261 575
1840 390 654
1840 261 501
1840 376 851
1840 358 608
1840 283 526
1840 288 681
1840 413 645
1840 219 627
1840 299 569
1840 297 666
1840 317 863
1860 241 532
1860 387 689
1860 373 565
1860 68 958
1860 343 495
1860 264 568
1860 353 827
1860 379 689
1860 260 503
1860 404 831
1860 360 704
1860 286 528
1860 309 664
1860 316 184
1860 217 631
1860 290 598
1860 308 665
1880 468 432
1880 69 538
1880 242 531
1880 260 562
1880 434 499
1880 313 753
1880 271 494
1880 333 748
1880 332 751
1880 287 529
1880 306 662
1880 221 623
1880 298 571
1880 305 664
1900 242 530
1900 348 472
1900 262 558
1900 262 502
1900 402 828
1900 285 530
1900 304 662
1900 465 827
1900 239 704
1900 222 629
1900 296 568
1900 311 670
1920 421 899
1920 397 539
1920 79 681
1920 237 532
1920 385 735
1920 264 565
1920 159 648
1920 263 501
1920 297 439
1920 381 853
1920 297 441
1920 401 843
1920 286 524
1920 307 661
1920 455 708
1920 295 440
1920 406 339
1920 219 630
1920 304 662
1940 72 604
1940 453 284
1940 239 529
1940 357 980
1940 263 561
1940 267 495
1940 239 512
1940 374 856
1940 358 292
1940 355 734
1940 287 526
1940 148 502
1940 312 676
1940 469 853
1940 224 624
1940 298 572
1940 316 678
1940 373 288
1960 421 929
1960 405 233
1960 430 545
1960 426 544
1960 98 489
1960 239 528
1960 385 841
1960 123 382
1960 354 212
1960 262 561
1960 264 502
1960 387 856
1960 285 527
1960 299 1060
1960 89 410
1960 309 673
1960 220 626
1960 301 569
1960 307 669
1980 360 491
1980 93 426
1980 243 1238
1980 237 530
1980 347 1035
1980 268 1176
1980 361 102
1980 360 490
1980 263 564
1980 86 751
1980 263 505
1980 390 855
1980 285 528
1980 131 264
1980 450 1007
1980 86 407
1980 387 1049
1980 153 726
1980 310 666
1980 85 409
1980 222 625
1980 299 569
