1800 443 595
1800 241 536
1800 290 1114
1800 292 1144
1800 369 763
1800 44 919
1800 262 572
1800 399 831
1800 261 501
1800 410 833
1800 283 530
1800 439 826
1800 76 486
1800 289 1114
1800 236 73
1800 218 623
1800 300 568
1800 306 658
1820 453 635
1820 225 1247
1820 241 534
1820 278 855
1820 222 1229
1820 260 570
1820 426 526
1820 259 498
1820 383 841
1820 419 833
1820 354 670
1820 284 526
1820 310 667
1820 219 625
1820 299 566
1840 240 533
1840 355 608
1840 258 574
1840 391 654
1840 262 499
1840 378 844
1840 368 294
1840 284 524
1840 281 680
1840 414 647
1840 220 629
1840 300 567
1840 308 657
1840 316 864
1840 375 302
1860 241 532
1860 385 689
1860 373 566
1860 342 499
1860 262 568
1860 386 688
1860 260 502
1860 403 831
1860 361 695
1860 284 528
1860 312 666
1860 352 829
1860 218 631
1860 290 617
1860 309 666
1880 69 537
1880 241 532
1880 347 509
1880 257 557
1880 321 762
1880 269 492
1880 332 744
1880 286 524
1880 358 845
1880 222 624
1880 296 583
1880 310 669
1880 286 91
1900 361 1180
1900 242 531
1900 344 470
1900 260 562
1900 425 452
1900 262 501
1900 399 832
1900 284 530
1900 301 663
1900 465 826
1900 355 831
1900 220 627
1900 303 577
1900 310 670
1920 421 911
1920 399 540
1920 82 685
1920 236 534
1920 385 736
1920 263 564
1920 387 860
1920 160 649
1920 264 501
1920 379 852
1920 296 439
1920 280 519
1920 304 664
1920 294 440
1920 404 338
1920 220 625
1940 73 607
1940 450 277
1940 423 565
1940 241 531
1940 357 979
1940 264 560
1940 357 834
1940 437 326
1940 266 489
1940 378 856
1940 374 289
1940 283 521
1940 101 586
1940 465 858
1940 221 625
1940 299 570
1940 371 288
1960 428 192
1960 427 545
1960 425 545
1960 242 528
1960 351 211
1960 262 563
1960 369 844
1960 264 503
1960 388 863
1960 283 525
1960 306 1060
1960 89 406
1960 162 442
1960 308 670
1960 350 836
1960 170 440
1960 221 623
1960 301 566
1960 308 669
1980 239 1254
1980 239 531
1980 356 1023
1980 265 1169
1980 363 99
1980 361 492
1980 175 484
1980 263 564
1980 395 852
1980 355 840
1980 86 752
1980 263 504
1980 387 854
1980 177 748
1980 284 526
1980 449 1025
1980 86 406
1980 385 1048
1980 149 729
1980 89 402
1980 220 623
1980 296 590
