1800 428 612
1800 240 535
1800 290 1117
1800 292 1147
1800 370 766
1800 385 793
1800 46 934
1800 263 567
1800 316 813
1800 261 503
1800 409 836
1800 284 533
1800 309 665
1800 438 832
1800 77 484
1800 292 1135
1800 220 626
1800 299 582
1800 307 660
1820 451 639
1820 226 1266
1820 237 534
1820 277 857
1820 380 844
1820 219 1248
1820 261 569
1820 260 499
1820 379 839
1820 419 836
1820 355 671
1820 287 529
1820 309 670
1820 413 645
1820 219 629
1820 303 569
1840 241 532
1840 380 851
1840 358 617
1840 49 881
1840 261 574
1840 390 659
1840 264 500
1840 372 842
1840 377 304
1840 362 621
1840 286 531
1840 280 685
1840 413 658
1840 221 631
1840 299 568
1840 312 662
1840 318 866
1860 240 533
1860 384 694
1860 384 855
1860 346 506
1860 262 569
1860 373 564
1860 260 504
1860 403 832
1860 351 710
1860 287 530
1860 311 671
1860 351 837
1860 343 503
1860 324 194
1860 221 637
1860 293 617
1860 309 668
1880 66 530
1880 354 515
1880 467 437
1880 241 531
1880 349 517
1880 383 853
1880 261 569
1880 378 514
1880 313 775
1880 271 493
1880 334 769
1880 405 830
1880 289 530
1880 307 664
1880 350 848
1880 223 628
1880 307 667
1900 389 497
1900 441 384
1900 242 533
1900 383 855
1900 351 473
1900 262 565
1900 431 383
1900 264 509
1900 402 836
1900 286 533
1900 307 666
1900 463 833
1900 355 830
1900 240 721
1900 224 632
1900 304 577
1900 308 668
1920 414 903
1920 399 541
1920 91 692
1920 237 535
1920 186 620
1920 390 745
1920 383 853
1920 264 569
1920 160 653
1920 265 505
1920 298 441
1920 367 852
1920 412 888
1920 288 526
1920 107 677
1920 306 665
1920 350 845
1920 455 708
1920 295 442
1920 407 348
1920 221 636
1920 284 666
1940 73 608
1940 462 286
1940 425 571
1940 239 531
1940 392 851
1940 359 980
1940 355 984
1940 265 562
1940 351 842
1940 439 329
1940 269 482
1940 244 478
1940 363 844
1940 373 289
1940 344 832
1940 287 529
1940 101 593
1940 370 982
1940 464 865
1940 357 840
1940 222 628
1940 154 506
1940 293 593
1940 311 673
1960 432 183
1960 429 571
1960 428 545
1960 192 743
1960 324 1075
1960 240 531
1960 387 852
1960 369 219
1960 263 564
1960 373 845
1960 264 504
1960 377 861
1960 288 530
1960 308 1075
1960 89 406
1960 309 677
1960 347 845
1960 166 442
1960 221 628
1960 301 569
1960 307 672
1980 367 486
1980 245 1171
1980 238 531
1980 273 1172
1980 280 1251
1980 400 838
1980 348 1040
1980 264 1175
1980 335 111
1980 363 493
1980 175 487
1980 263 568
1980 264 504
1980 374 864
1980 171 736
1980 352 834
1980 289 530
1980 86 404
1980 387 1048
1980 156 733
1980 309 668
1980 353 837
1980 222 629
1980 297 575
