1800 435 607
1800 240 534
1800 292 1115
1800 294 1149
1800 372 763
1800 380 790
1800 42 921
1800 266 563
1800 318 811
1800 261 501
1800 414 829
1800 285 529
1800 314 668
1800 439 822
1800 294 1138
1800 219 619
1800 300 569
1800 307 656
1820 415 626
1820 454 636
1820 224 1254
1820 239 529
1820 278 854
1820 223 1230
1820 263 566
1820 425 522
1820 260 497
1820 383 839
1820 423 833
1820 356 667
1820 286 526
1820 316 671
1820 219 620
1820 301 566
1820 308 666
1840 239 527
1840 356 603
1840 262 562
1840 391 654
1840 260 500
1840 378 839
1840 378 304
1840 363 616
1840 286 523
1840 280 675
1840 279 682
1840 418 650
1840 219 625
1840 299 568
1840 311 652
1840 320 863
1860 241 534
1860 388 698
1860 373 562
1860 344 498
1860 265 564
1860 353 826
1860 260 500
1860 403 830
1860 364 696
1860 288 525
1860 313 668
1860 472 861
1860 346 501
1860 328 194
1860 219 628
1860 292 595
1860 309 664
1880 67 531
1880 240 530
1880 262 557
1880 339 744
1880 272 493
1880 384 856
1880 336 743
1880 403 824
1880 336 745
1880 290 523
1880 282 661
1880 311 661
1880 221 618
1880 299 568
1880 316 625
1900 360 1193
1900 240 526
1900 349 471
1900 261 555
1900 390 495
1900 262 501
1900 400 831
1900 288 526
1900 241 703
1900 315 649
1900 465 824
1900 358 474
1900 242 708
1900 221 621
1900 302 568
1900 312 672
1920 418 900
1920 397 536
1920 405 339
1920 83 684
1920 236 530
1920 391 740
1920 267 557
1920 398 540
1920 159 643
1920 265 502
1920 306 442
1920 381 855
1920 322 460
1920 412 885
1920 296 534
1920 314 667
1920 454 707
1920 323 461
1920 296 437
1920 407 341
1920 219 624
1920 307 663
1940 72 598
1940 456 281
1940 427 570
1940 240 531
1940 358 976
1940 357 978
1940 268 559
1940 362 848
1940 267 489
1940 246 492
1940 379 855
1940 381 286
1940 401 819
1940 354 733
1940 288 523
1940 100 587
1940 313 674
1940 465 856
1940 221 613
1940 152 500
1940 300 570
1940 313 672
1940 387 272
1960 410 921
1960 416 229
1960 427 543
1960 433 550
1960 104 519
1960 243 530
1960 124 381
1960 370 203
1960 266 559
1960 264 501
1960 386 859
1960 288 526
1960 304 1061
1960 88 404
1960 165 438
1960 307 671
1960 98 444
1960 53 508
1960 349 177
1960 172 441
1960 222 624
1960 301 565
1960 305 670
1980 371 479
1980 245 1164
1980 409 1037
1980 239 529
1980 359 1025
1980 116 456
1980 271 1176
1980 342 107
1980 362 491
1980 176 482
1980 265 558
1980 264 503
1980 389 852
1980 400 831
1980 289 524
1980 127 259
1980 450 1018
1980 80 409
1980 158 722
1980 320 660
1980 87 400
1980 222 619
1980 300 567
