1800 437 607
1800 240 533
1800 285 1115
1800 292 1153
1800 369 769
1800 387 801
1800 58 906
1800 261 568
1800 409 829
1800 315 814
1800 260 503
1800 418 820
1800 284 531
1800 306 662
1800 439 825
1800 78 482
1800 285 1119
1800 235 72
1800 217 626
1800 299 571
1800 305 663
1820 453 639
1820 224 1247
1820 241 536
1820 275 861
1820 382 847
1820 218 1252
1820 260 569
1820 415 849
1820 420 522
1820 260 500
1820 382 846
1820 416 835
1820 353 674
1820 285 531
1820 306 667
1820 414 646
1820 217 628
1820 299 568
1820 307 667
1840 241 533
1840 359 628
1840 355 617
1840 367 500
1840 360 620
1840 260 570
1840 389 857
1840 393 658
1840 262 502
1840 378 853
1840 374 302
1840 284 527
1840 287 682
1840 403 654
1840 218 628
1840 300 569
1840 301 666
1840 317 866
1840 377 308
1860 242 534
1860 387 702
1860 373 563
1860 341 504
1860 263 567
1860 390 858
1860 345 848
1860 258 503
1860 400 831
1860 361 705
1860 284 530
1860 310 669
1860 352 826
1860 317 191
1860 217 631
1860 296 602
1860 310 669
1880 468 437
1880 70 536
1880 241 531
1880 260 565
1880 387 859
1880 435 504
1880 312 747
1880 271 493
1880 380 853
1880 400 835
1880 332 753
1880 286 529
1880 305 664
1880 349 851
1880 347 514
1880 219 621
1880 298 572
1880 307 667
1880 292 93
1900 381 505
1900 449 479
1900 351 1208
1900 245 537
1900 347 473
1900 262 564
1900 389 860
1900 262 510
1900 399 848
1900 284 531
1900 301 663
1900 462 825
1900 354 835
1900 236 710
1900 220 627
1900 295 568
1900 311 672
1900 241 699
1920 421 904
1920 390 865
1920 398 542
1920 403 342
1920 91 696
1920 237 532
1920 390 739
1920 262 565
1920 389 863
1920 159 647
1920 263 502
1920 379 853
1920 395 860
1920 288 527
1920 306 665
1920 318 463
1920 296 445
1920 404 343
1920 219 637
1940 72 597
1940 424 568
1940 239 530
1940 354 987
1940 390 270
1940 262 565
1940 267 501
1940 244 486
1940 373 864
1940 367 288
1940 401 827
1940 354 738
1940 286 525
1940 106 591
1940 312 678
1940 467 856
1940 358 841
1940 221 627
1940 299 571
1940 311 673
1940 370 290
1960 421 956
1960 413 259
1960 428 548
1960 238 530
1960 389 857
1960 121 385
1960 354 214
1960 263 563
1960 215 476
1960 264 503
1960 382 867
1960 394 868
1960 284 527
1960 304 1060
1960 90 409
1960 307 676
1960 343 845
1960 97 424
1960 42 500
1960 350 193
1960 167 438
1960 218 624
1960 300 570
1960 307 670
1980 367 491
1980 97 432
1980 240 530
1980 278 1196
1980 354 1027
1980 269 1175
1980 360 118
1980 360 492
1980 177 488
1980 262 560
1980 391 862
1980 86 753
1980 377 1057
1980 263 505
1980 385 854
1980 161 722
1980 398 836
1980 243 1155
1980 285 528
1980 449 1017
1980 88 404
1980 387 1045
1980 153 731
1980 307 669
1980 352 837
1980 92 408
1980 28 345
1980 218 623
1980 299 570
