1800 435 619
1800 241 542
1800 390 817
1800 256 563
1800 313 817
1800 258 508
1800 424 821
1800 274 663
1800 279 532
1800 213 629
1800 289 585
1800 302 656
1820 448 654
1820 235 1292
1820 236 542
1820 373 845
1820 260 565
1820 259 499
1820 418 839
1820 350 688
1820 280 527
1820 214 627
1820 293 578
1840 457 1105
1840 241 541
1840 376 853
1840 358 505
1840 253 568
1840 254 507
1840 372 863
1840 369 297
1840 409 844
1840 281 532
1840 218 626
1840 294 571
1840 295 676
1860 242 538
1860 385 701
1860 385 860
1860 338 502
1860 253 571
1860 372 564
1860 332 845
1860 255 508
1860 406 843
1860 283 531
1860 213 631
1860 287 593
1860 306 668
1880 469 436
1880 238 536
1880 382 881
1880 372 521
1880 256 580
1880 379 521
1880 328 770
1880 265 502
1880 285 530
1880 215 627
1880 294 580
1880 301 666
1900 430 452
1900 442 452
1900 238 537
1900 379 873
1900 343 471
1900 254 564
1900 437 427
1900 260 499
1900 359 843
1900 404 842
1900 287 539
1900 217 632
1900 61 766
1900 297 578
1920 235 547
1920 379 850
1920 266 574
1920 362 835
1920 260 513
1920 292 449
1920 365 845
1920 288 532
1920 217 633
1940 389 265
1940 242 529
1940 373 850
1940 361 988
1940 258 563
1940 266 491
1940 365 854
1940 358 292
1940 378 279
1940 450 877
1940 286 527
1940 212 644
1940 289 587
1940 313 678
1960 433 551
1960 243 532
1960 374 836
1960 342 205
1960 370 210
1960 257 571
1960 260 507
1960 284 528
1960 85 405
1960 211 634
1960 296 571
1980 247 1153
1980 239 546
1980 376 866
1980 249 1153
1980 354 490
1980 262 572
1980 257 512
1980 444 898
1980 286 532
1980 81 403
1980 357 1028
1980 214 637
1980 293 580
