1800 433 612
1800 240 532
1800 298 1162
1800 370 763
1800 388 802
1800 261 565
1800 318 813
1800 262 502
1800 415 836
1800 282 525
1800 309 661
1800 438 834
1800 79 486
1800 303 1185
1800 222 627
1800 300 570
1800 308 658
1820 416 644
1820 449 637
1820 225 1232
1820 242 533
1820 277 849
1820 381 838
1820 262 563
1820 261 495
1820 420 837
1820 354 666
1820 283 524
1820 310 666
1820 412 638
1820 220 625
1820 301 567
1820 309 668
1840 426 668
1840 243 527
1840 386 847
1840 259 567
1840 392 658
1840 261 498
1840 375 297
1840 407 839
1840 283 523
1840 413 657
1840 221 629
1840 300 568
1840 295 676
1840 316 863
1860 241 531
1860 387 693
1860 377 851
1860 372 561
1860 264 562
1860 348 834
1860 372 561
1860 259 499
1860 379 703
1860 402 838
1860 277 592
1860 283 530
1860 309 665
1860 220 632
1860 286 599
1860 307 664
1880 69 527
1880 376 512
1880 472 433
1880 241 529
1880 380 849
1880 260 566
1880 317 731
1880 268 494
1880 350 823
1880 286 521
1880 307 668
1880 222 627
1880 298 572
1880 306 662
1900 383 499
1900 241 529
1900 378 850
1900 350 471
1900 264 562
1900 261 498
1900 404 842
1900 288 528
1900 304 662
1900 467 820
1900 224 631
1900 297 567
1900 306 664
1920 415 902
1920 399 543
1920 100 701
1920 235 533
1920 380 766
1920 385 854
1920 265 563
1920 156 647
1920 263 500
1920 370 852
1920 317 457
1920 411 892
1920 308 667
1920 456 710
1920 294 444
1920 404 369
1920 222 635
1920 278 673
1920 303 661
1940 74 609
1940 240 529
1940 379 855
1940 361 979
1940 389 268
1940 266 560
1940 365 848
1940 269 471
1940 372 283
1940 340 839
1940 352 738
1940 287 523
1940 313 676
1940 463 872
1940 220 624
1940 299 570
1940 310 672
1960 432 546
1960 244 528
1960 385 847
1960 371 200
1960 265 559
1960 386 857
1960 264 500
1960 342 857
1960 287 526
1960 306 1075
1960 88 401
1960 308 674
1960 97 404
1960 25 562
1960 220 629
1960 300 567
1960 305 670
1980 377 493
1980 250 1176
1980 239 528
1980 389 851
1980 356 1027
1980 270 1172
1980 359 489
1980 263 562
1980 263 502
1980 400 832
1980 290 529
1980 448 1033
1980 87 393
1980 157 733
1980 310 669
1980 468 925
1980 90 413
1980 27 399
1980 223 629
1980 297 571
1980 317 693
