1800 441 607
1800 240 537
1800 285 1118
1800 291 1144
1800 372 766
1800 44 928
1800 262 567
1800 394 832
1800 316 817
1800 258 506
1800 420 826
1800 284 532
1800 304 659
1800 439 825
1800 77 486
1800 284 1127
1800 235 66
1800 219 630
1800 297 576
1800 306 664
1820 453 641
1820 226 1250
1820 241 535
1820 276 859
1820 379 845
1820 221 1235
1820 260 573
1820 413 851
1820 418 519
1820 259 501
1820 385 842
1820 418 837
1820 354 674
1820 285 532
1820 304 666
1820 416 644
1820 217 627
1820 300 568
1840 242 536
1840 361 620
1840 357 618
1840 260 573
1840 401 860
1840 392 660
1840 262 503
1840 380 852
1840 374 300
1840 284 528
1840 298 682
1840 345 844
1840 412 669
1840 217 627
1840 300 570
1840 305 663
1840 319 864
1840 379 310
1860 469 315
1860 242 536
1860 386 704
1860 372 566
1860 342 506
1860 261 570
1860 392 859
1860 351 828
1860 387 704
1860 258 505
1860 387 701
1860 405 832
1860 278 660
1860 362 708
1860 286 531
1860 295 652
1860 307 665
1860 348 832
1860 319 192
1860 218 632
1860 290 609
1860 310 668
1880 347 517
1880 469 441
1880 68 534
1880 242 533
1880 258 567
1880 391 860
1880 435 505
1880 318 760
1880 272 496
1880 331 750
1880 402 827
1880 287 527
1880 285 667
1880 304 663
1880 348 859
1880 347 518
1880 220 626
1880 299 575
1880 306 665
1900 244 537
1900 344 472
1900 259 563
1900 391 861
1900 416 555
1900 261 508
1900 404 832
1900 285 531
1900 286 672
1900 298 664
1900 468 819
1900 352 830
1900 355 480
1900 238 719
1900 432 180
1900 220 629
1900 298 572
1900 309 669
1900 243 699
1920 424 921
1920 396 542
1920 318 460
1920 402 341
1920 87 693
1920 237 533
1920 394 743
1920 384 859
1920 263 566
1920 394 875
1920 409 391
1920 160 652
1920 263 506
1920 309 455
1920 383 858
1920 287 527
1920 306 670
1920 318 465
1920 295 446
1920 404 342
1920 219 634
1920 305 631
1940 72 602
1940 451 294
1940 151 504
1940 241 532
1940 125 522
1940 357 982
1940 388 270
1940 260 569
1940 263 503
1940 238 512
1940 377 864
1940 366 302
1940 355 741
1940 286 525
1940 103 594
1940 149 506
1940 361 977
1940 313 678
1940 469 862
1940 360 832
1940 101 588
1940 221 628
1940 152 509
1940 298 573
1940 313 672
1940 373 291
1960 415 217
1960 429 548
1960 426 548
1960 240 537
1960 385 856
1960 121 385
1960 355 210
1960 261 566
1960 214 477
1960 264 506
1960 386 862
1960 285 527
1960 305 1062
1960 89 412
1960 307 675
1960 343 847
1960 95 491
1960 320 169
1960 413 970
1960 168 439
1960 217 626
1960 302 570
1960 306 672
1980 363 493
1980 99 431
1980 246 1147
1980 239 534
1980 356 1025
1980 93 424
1980 266 1177
1980 332 127
1980 363 493
1980 177 488
1980 262 566
1980 396 856
1980 96 754
1980 378 1060
1980 263 505
1980 387 855
1980 158 720
1980 401 829
1980 248 1154
1980 287 527
1980 443 1008
1980 84 410
1980 155 733
1980 86 272
1980 309 642
1980 351 838
1980 86 410
1980 218 626
1980 298 572
