1800 430 612
1800 240 541
1800 286 1121
1800 298 1171
1800 369 763
1800 385 798
1800 44 920
1800 260 572
1800 314 815
1800 257 503
1800 438 829
1800 280 536
1800 304 656
1800 439 827
1800 77 488
1800 287 1117
1800 237 73
1800 218 631
1800 297 575
1800 304 660
1820 414 636
1820 453 631
1820 227 1256
1820 456 1096
1820 241 534
1820 277 854
1820 379 845
1820 222 1252
1820 258 569
1820 416 839
1820 416 515
1820 258 500
1820 386 844
1820 421 839
1820 353 669
1820 284 532
1820 308 661
1820 363 834
1820 417 642
1820 218 626
1820 298 568
1820 305 665
1840 432 630
1840 242 540
1840 354 612
1840 260 578
1840 390 651
1840 259 502
1840 376 851
1840 368 292
1840 357 609
1840 282 531
1840 280 694
1840 343 859
1840 413 654
1840 219 630
1840 298 569
1840 297 675
1840 318 865
1860 242 533
1860 382 688
1860 373 557
1860 71 969
1860 342 503
1860 262 570
1860 350 833
1860 380 683
1860 256 502
1860 404 832
1860 358 700
1860 283 533
1860 309 664
1860 348 839
1860 320 188
1860 217 635
1860 286 607
1860 307 664
1880 470 433
1880 70 535
1880 241 535
1880 256 564
1880 387 858
1880 347 509
1880 327 756
1880 270 493
1880 333 747
1880 405 828
1880 330 754
1880 284 535
1880 304 624
1880 220 626
1880 296 574
1880 305 663
1900 427 446
1900 356 1214
1900 243 541
1900 346 473
1900 259 561
1900 388 859
1900 261 504
1900 404 835
1900 282 533
1900 453 1072
1900 302 661
1900 467 826
1900 353 827
1900 237 714
1900 219 633
1900 292 571
1900 308 668
1900 236 701
1920 418 898
1920 396 538
1920 84 695
1920 237 538
1920 183 614
1920 392 733
1920 262 568
1920 158 651
1920 260 503
1920 297 440
1920 378 859
1920 398 839
1920 279 524
1920 308 657
1920 453 706
1920 317 461
1920 294 440
1920 405 340
1920 219 634
1920 294 664
1920 303 664
1940 72 608
1940 455 282
1940 423 565
1940 240 531
1940 357 980
1940 260 565
1940 255 478
1940 264 501
1940 237 526
1940 377 859
1940 368 288
1940 354 732
1940 284 524
1940 102 588
1940 365 978
1940 317 666
1940 466 858
1940 357 837
1940 220 627
1940 150 500
1940 298 571
1940 310 674
1940 374 288
1960 404 230
1960 438 557
1960 427 546
1960 109 502
1960 241 538
1960 383 848
1960 125 387
1960 358 212
1960 259 563
1960 213 477
1960 263 504
1960 386 865
1960 284 528
1960 309 1091
1960 89 408
1960 289 676
1960 308 669
1960 345 850
1960 97 414
1960 44 506
1960 166 438
1960 217 626
1960 300 569
1960 303 668
1980 361 493
1980 95 425
1980 239 538
1980 358 1024
1980 92 319
1980 273 1177
1980 365 107
1980 359 490
1980 175 487
1980 260 564
1980 395 854
1980 88 753
1980 263 504
1980 385 855
1980 248 1149
1980 282 528
1980 454 1047
1980 87 407
1980 152 728
1980 95 301
1980 307 666
1980 351 834
1980 91 404
1980 25 263
1980 219 625
1980 296 571
