1800 438 604
1800 240 534
1800 287 1115
1800 293 1161
1800 371 765
1800 394 811
1800 43 912
1800 261 571
1800 404 823
1800 317 811
1800 259 501
1800 367 758
1800 423 818
1800 284 529
1800 439 826
1800 78 483
1800 286 1124
1800 235 65
1800 219 626
1800 299 571
1800 306 658
1820 455 639
1820 224 1251
1820 239 533
1820 277 856
1820 381 847
1820 220 1235
1820 259 571
1820 417 837
1820 430 521
1820 259 499
1820 382 846
1820 419 834
1820 355 676
1820 285 528
1820 309 667
1820 417 633
1820 217 626
1820 299 568
1840 240 532
1840 359 607
1840 356 607
1840 49 887
1840 366 497
1840 360 613
1840 258 574
1840 408 842
1840 393 655
1840 259 499
1840 378 851
1840 379 304
1840 284 526
1840 290 676
1840 423 648
1840 219 627
1840 299 569
1840 310 657
1840 323 864
1840 381 307
1860 240 534
1860 387 695
1860 373 564
1860 69 949
1860 344 498
1860 263 568
1860 394 852
1860 352 836
1860 385 691
1860 258 501
1860 406 836
1860 382 703
1860 286 528
1860 317 668
1860 351 825
1860 323 188
1860 218 630
1860 292 595
1860 307 664
1880 471 437
1880 68 533
1880 242 531
1880 356 520
1880 260 561
1880 389 858
1880 439 501
1880 317 749
1880 267 493
1880 336 744
1880 402 825
1880 287 527
1880 318 646
1880 348 853
1880 348 511
1880 221 623
1880 299 570
1880 305 664
1900 434 453
1900 450 467
1900 242 531
1900 354 473
1900 259 561
1900 392 856
1900 427 444
1900 261 502
1900 275 665
1900 401 835
1900 286 532
1900 300 664
1900 303 663
1900 467 828
1900 353 825
1900 342 469
1900 240 712
1900 221 627
1900 293 569
1900 306 667
1900 247 700
1920 425 918
1920 399 539
1920 88 693
1920 237 533
1920 186 613
1920 392 740
1920 387 861
1920 263 568
1920 389 869
1920 408 371
1920 160 644
1920 261 500
1920 320 455
1920 382 853
1920 398 855
1920 291 528
1920 156 640
1920 317 672
1920 353 837
1920 320 463
1920 297 440
1920 406 341
1920 220 630
1920 300 604
1940 71 601
1940 448 278
1940 425 568
1940 239 530
1940 126 521
1940 355 984
1940 262 565
1940 262 469
1940 264 494
1940 242 498
1940 378 858
1940 375 291
1940 402 827
1940 356 738
1940 286 524
1940 104 591
1940 368 977
1940 469 858
1940 359 828
1940 222 624
1940 298 571
1940 313 674
1940 373 289
1960 419 942
1960 429 190
1960 429 549
1960 427 545
1960 102 536
1960 241 529
1960 129 393
1960 354 210
1960 261 563
1960 393 853
1960 214 475
1960 263 502
1960 390 857
1960 285 527
1960 306 1065
1960 89 408
1960 309 671
1960 342 841
1960 94 412
1960 415 975
1960 169 439
1960 219 625
1960 300 567
1980 365 487
1980 98 429
1980 240 532
1980 356 1026
1980 267 1170
1980 337 120
1980 361 491
1980 174 485
1980 262 565
1980 390 855
1980 88 754
1980 380 1055
1980 262 504
1980 388 853
1980 162 722
1980 400 830
1980 249 1143
1980 285 527
1980 449 1008
1980 86 405
1980 158 727
1980 84 277
1980 317 644
1980 351 833
1980 90 404
1980 219 628
1980 300 570
