1800 437 603
1800 240 535
1800 285 1118
1800 292 1159
1800 369 767
1800 388 804
1800 48 912
1800 262 568
1800 398 828
1800 260 502
1800 396 826
1800 418 834
1800 283 532
1800 307 661
1800 439 825
1800 78 487
1800 284 1127
1800 239 67
1800 398 1014
1800 217 628
1800 299 572
1800 306 663
1820 424 527
1820 452 637
1820 229 1241
1820 238 534
1820 275 859
1820 380 847
1820 224 1246
1820 260 572
1820 415 842
1820 421 522
1820 260 500
1820 381 848
1820 418 835
1820 354 668
1820 285 531
1820 306 666
1820 364 830
1820 415 642
1820 218 627
1820 298 569
1840 240 532
1840 360 622
1840 378 853
1840 357 616
1840 50 891
1840 368 499
1840 261 572
1840 387 856
1840 391 657
1840 262 501
1840 381 858
1840 372 299
1840 285 529
1840 289 691
1840 342 869
1840 423 650
1840 218 626
1840 300 570
1840 302 671
1840 320 864
1840 378 308
1860 469 307
1860 241 535
1860 389 702
1860 374 567
1860 344 505
1860 263 569
1860 390 857
1860 345 849
1860 259 502
1860 401 832
1860 358 706
1860 286 528
1860 307 666
1860 470 865
1860 345 839
1860 316 193
1860 218 632
1860 286 610
1860 309 665
1880 351 515
1880 473 533
1880 68 533
1880 241 532
1880 62 861
1880 375 515
1880 260 564
1880 389 857
1880 435 499
1880 269 493
1880 330 756
1880 401 828
1880 287 527
1880 304 666
1880 350 852
1880 347 511
1880 458 612
1880 220 626
1880 299 575
1880 306 665
1900 391 498
1900 449 481
1900 352 1210
1900 242 534
1900 349 474
1900 259 567
1900 391 857
1900 416 536
1900 262 508
1900 402 837
1900 286 532
1900 300 668
1900 463 830
1900 351 836
1900 237 721
1900 220 627
1900 295 572
1900 307 668
1900 235 705
1920 423 922
1920 406 830
1920 394 540
1920 82 685
1920 238 530
1920 390 743
1920 383 859
1920 265 567
1920 391 866
1920 159 650
1920 263 503
1920 380 860
1920 397 882
1920 290 526
1920 303 667
1920 156 649
1920 347 848
1920 455 709
1920 320 460
1920 296 445
1920 405 340
1920 218 636
1920 288 653
1940 71 603
1940 451 289
1940 425 566
1940 236 528
1940 126 522
1940 353 983
1940 262 568
1940 356 848
1940 265 496
1940 243 467
1940 375 867
1940 368 291
1940 403 823
1940 354 737
1940 285 523
1940 103 593
1940 364 981
1940 314 675
1940 471 860
1940 358 830
1940 221 626
1940 151 507
1940 299 571
1940 314 674
1940 370 289
1960 419 940
1960 427 200
1960 429 550
1960 426 545
1960 237 532
1960 385 843
1960 123 385
1960 341 215
1960 262 568
1960 391 857
1960 216 475
1960 263 503
1960 382 864
1960 285 526
1960 305 1060
1960 92 413
1960 161 444
1960 307 676
1960 344 846
1960 93 420
1960 414 981
1960 167 440
1960 217 627
1960 300 568
1960 308 668
1980 364 493
1980 98 426
1980 246 1250
1980 240 532
1980 278 1197
1980 356 1025
1980 116 466
1980 275 1182
1980 336 124
1980 361 492
1980 177 486
1980 264 567
1980 392 852
1980 100 757
1980 372 1058
1980 263 505
1980 384 858
1980 162 722
1980 400 830
1980 248 1147
1980 286 526
1980 442 1013
1980 87 411
1980 388 1041
1980 155 733
1980 305 671
1980 353 839
1980 87 407
1980 26 330
1980 218 629
1980 298 571
