1800 427 614
1800 243 540
1800 368 765
1800 382 794
1800 261 572
1800 316 814
1800 261 504
1800 410 815
1800 283 537
1800 309 662
1800 427 825
1800 294 1132
1800 222 627
1800 300 586
1800 306 660
1800 267 70
1820 419 656
1820 449 640
1820 226 1249
1820 244 540
1820 277 857
1820 380 845
1820 225 1255
1820 261 570
1820 412 539
1820 259 499
1820 417 842
1820 351 678
1820 285 531
1820 309 665
1820 222 628
1820 303 570
1840 369 500
1840 243 538
1840 377 854
1840 358 616
1840 261 571
1840 390 656
1840 262 502
1840 374 298
1840 407 832
1840 285 534
1840 279 691
1840 414 654
1840 222 628
1840 300 574
1840 301 672
1840 318 864
1860 471 526
1860 243 536
1860 385 702
1860 377 855
1860 341 505
1860 264 566
1860 383 713
1860 258 505
1860 399 836
1860 287 533
1860 310 665
1860 220 634
1860 291 617
1860 309 667
1880 376 516
1880 72 542
1880 243 535
1880 344 513
1880 381 856
1880 263 567
1880 435 510
1880 321 758
1880 268 496
1880 333 751
1880 401 826
1880 333 754
1880 289 533
1880 310 666
1880 224 630
1880 300 593
1880 306 665
1900 376 500
1900 244 542
1900 379 851
1900 343 470
1900 266 565
1900 262 504
1900 398 845
1900 288 534
1900 305 663
1900 467 826
1900 237 722
1900 225 632
1900 303 577
1900 306 666
1920 410 924
1920 416 358
1920 396 544
1920 447 414
1920 380 373
1920 102 702
1920 240 542
1920 380 753
1920 384 860
1920 267 575
1920 159 650
1920 264 507
1920 366 854
1920 317 462
1920 397 851
1920 286 527
1920 104 683
1920 308 667
1920 459 730
1920 451 708
1920 296 442
1920 401 379
1920 222 632
1920 295 683
1920 300 668
1940 77 611
1940 451 337
1940 241 531
1940 380 862
1940 364 974
1940 386 268
1940 360 983
1940 267 567
1940 440 331
1940 267 487
1940 362 851
1940 371 288
1940 400 823
1940 347 744
1940 289 529
1940 366 980
1940 312 677
1940 464 871
1940 224 628
1940 152 508
1940 299 572
1940 310 676
1960 405 964
1960 433 184
1960 426 580
1960 427 547
1960 192 743
1960 427 177
1960 248 536
1960 385 853
1960 120 383
1960 267 565
1960 215 477
1960 264 505
1960 288 530
1960 308 1076
1960 90 401
1960 306 672
1960 31 565
1960 359 181
1960 166 439
1960 220 630
1960 301 569
1960 307 673
1980 365 492
1980 248 1158
1980 239 539
1980 388 856
1980 353 1030
1980 274 1178
1980 361 491
1980 264 567
1980 261 507
1980 158 720
1980 397 832
1980 289 531
1980 70 420
1980 152 732
1980 311 669
1980 88 415
1980 29 393
1980 223 628
1980 298 581
