1800 393 825
1800 435 609
1800 240 535
1800 286 1116
1800 294 1166
1800 369 767
1800 389 814
1800 44 910
1800 262 566
1800 399 829
1800 315 816
1800 259 503
1800 425 826
1800 284 532
1800 281 663
1800 306 661
1800 440 825
1800 77 488
1800 288 1130
1800 239 70
1800 218 626
1800 299 571
1800 305 658
1820 416 629
1820 452 639
1820 227 1243
1820 239 533
1820 279 855
1820 380 848
1820 220 1245
1820 260 571
1820 401 872
1820 418 515
1820 260 500
1820 383 849
1820 417 839
1820 353 670
1820 285 532
1820 305 668
1820 414 640
1820 218 629
1820 298 570
1840 429 645
1840 240 532
1840 360 623
1840 356 617
1840 360 614
1840 261 570
1840 387 855
1840 393 657
1840 261 501
1840 377 850
1840 372 297
1840 285 529
1840 289 687
1840 344 838
1840 421 651
1840 218 627
1840 300 570
1840 300 679
1840 320 865
1840 376 311
1860 241 536
1860 389 707
1860 374 565
1860 350 509
1860 263 568
1860 391 855
1860 344 851
1860 259 502
1860 403 834
1860 357 707
1860 286 529
1860 290 656
1860 307 667
1860 349 829
1860 319 187
1860 218 631
1860 296 589
1860 307 667
1880 472 537
1880 71 536
1880 241 531
1880 65 855
1880 262 560
1880 390 854
1880 378 515
1880 434 500
1880 318 765
1880 266 495
1880 330 751
1880 401 831
1880 286 529
1880 308 669
1880 352 850
1880 221 625
1880 298 574
1880 307 662
1900 448 452
1900 366 1211
1900 242 533
1900 89 756
1900 349 474
1900 261 565
1900 392 855
1900 429 447
1900 98 751
1900 264 511
1900 402 841
1900 285 532
1900 246 735
1900 288 668
1900 300 669
1900 464 826
1900 353 841
1900 241 714
1900 219 627
1900 293 572
1900 304 667
1920 424 921
1920 403 827
1920 398 540
1920 86 691
1920 239 529
1920 389 743
1920 385 862
1920 265 567
1920 389 861
1920 161 646
1920 262 501
1920 312 453
1920 378 863
1920 397 853
1920 297 536
1920 306 669
1920 348 846
1920 297 443
1920 405 344
1920 219 634
1920 307 631
1940 70 598
1940 454 287
1940 425 571
1940 237 528
1940 126 522
1940 355 982
1940 263 562
1940 363 854
1940 265 500
1940 245 456
1940 377 863
1940 367 287
1940 402 824
1940 354 734
1940 285 525
1940 102 590
1940 367 985
1940 312 675
1940 357 832
1940 221 626
1940 151 503
1940 299 571
1940 313 674
1940 372 289
1960 418 935
1960 402 228
1960 430 551
1960 426 549
1960 101 503
1960 237 531
1960 387 861
1960 123 383
1960 341 213
1960 263 566
1960 389 858
1960 394 860
1960 216 476
1960 264 505
1960 384 862
1960 399 854
1960 286 527
1960 216 474
1960 302 1063
1960 91 410
1960 163 441
1960 285 671
1960 306 674
1960 345 847
1960 92 412
1960 44 501
1960 414 983
1960 166 440
1960 219 626
1960 300 568
1960 305 668
1980 99 427
1980 241 1240
1980 241 532
1980 283 1197
1980 358 1031
1980 274 1171
1980 334 125
1980 362 493
1980 263 565
1980 394 851
1980 357 847
1980 89 752
1980 372 1108
1980 262 506
1980 383 860
1980 162 722
1980 401 833
1980 248 1147
1980 286 527
1980 447 1029
1980 88 405
1980 386 1047
1980 161 720
1980 85 272
1980 305 669
1980 353 839
1980 86 403
1980 399 1030
1980 219 630
1980 298 571
