1800 430 610
1800 237 534
1800 255 560
1800 314 811
1800 258 502
1800 427 811
1800 276 526
1800 434 836
1800 292 1127
1800 216 620
1800 295 554
1800 305 645
1820 407 639
1820 446 638
1820 236 538
1820 375 843
1820 222 1225
1820 257 565
1820 258 496
1820 418 837
1820 353 668
1820 278 523
1820 216 622
1820 298 565
1840 397 649
1840 239 533
1840 374 850
1840 358 502
1840 255 563
1840 257 499
1840 363 285
1840 278 527
1840 218 623
1840 292 532
1840 280 596
1860 239 534
1860 376 692
1860 372 851
1860 254 569
1860 255 501
1860 360 701
1860 402 832
1860 278 529
1860 217 616
1860 295 562
1860 305 663
1880 236 530
1880 381 853
1880 258 570
1880 325 737
1880 264 494
1880 346 830
1880 280 519
1880 219 627
1880 297 562
1880 292 560
1900 434 383
1900 237 531
1900 349 470
1900 256 561
1900 255 497
1900 401 830
1900 283 530
1900 465 816
1900 218 629
1900 299 563
1920 409 895
1920 88 688
1920 233 538
1920 378 729
1920 377 849
1920 409 368
1920 261 566
1920 161 652
1920 256 501
1920 292 446
1920 382 838
1920 300 438
1920 418 920
1920 282 523
1920 100 678
1920 217 625
1920 301 662
1940 271 479
1940 70 609
1940 239 528
1940 382 852
1940 359 982
1940 261 560
1940 263 465
1940 371 283
1940 280 518
1940 216 620
1940 298 568
1940 311 666
1960 435 548
1960 436 179
1960 319 1075
1960 242 528
1960 382 854
1960 257 566
1960 260 503
1960 281 525
1960 86 391
1960 99 396
1960 216 628
1960 295 553
1960 302 670
1980 233 533
1980 383 858
1980 252 1160
1980 355 483
1980 258 568
1980 258 502
1980 443 882
1980 281 527
1980 84 399
1980 379 1057
1980 93 398
1980 216 620
1980 295 564
