1800 433 612
1800 241 537
1800 284 1119
1800 295 1171
1800 366 769
1800 388 814
1800 41 927
1800 261 573
1800 401 831
1800 314 817
1800 259 505
1800 417 831
1800 279 537
1800 279 662
1800 304 658
1800 438 832
1800 78 490
1800 284 1127
1800 236 72
1800 397 1026
1800 217 631
1800 299 572
1800 304 661
1820 416 636
1820 452 642
1820 225 1245
1820 239 534
1820 275 862
1820 379 848
1820 220 1234
1820 259 577
1820 409 854
1820 419 520
1820 259 502
1820 382 850
1820 417 838
1820 352 677
1820 284 532
1820 304 666
1820 413 642
1820 217 629
1820 299 571
1840 241 536
1840 359 626
1840 357 623
1840 260 574
1840 393 662
1840 262 504
1840 379 856
1840 373 300
1840 361 621
1840 284 532
1840 288 683
1840 405 660
1840 218 627
1840 299 572
1840 298 680
1840 319 866
1840 375 307
1860 472 313
1860 241 537
1860 388 707
1860 372 573
1860 343 506
1860 262 571
1860 390 859
1860 343 849
1860 259 506
1860 401 837
1860 356 708
1860 284 530
1860 292 671
1860 306 666
1860 345 852
1860 320 190
1860 218 634
1860 297 611
1860 306 668
1880 473 449
1880 66 531
1880 242 534
1880 63 861
1880 259 568
1880 388 860
1880 378 518
1880 432 504
1880 324 763
1880 268 496
1880 330 754
1880 400 831
1880 285 532
1880 307 671
1880 352 853
1880 347 516
1880 219 625
1880 299 578
1880 305 666
1900 414 539
1900 358 1193
1900 242 539
1900 348 477
1900 259 566
1900 390 860
1900 429 456
1900 263 511
1900 400 850
1900 285 535
1900 239 731
1900 301 666
1900 464 828
1900 349 851
1900 234 723
1900 220 629
1900 300 576
1900 305 669
1900 237 706
1920 421 913
1920 396 543
1920 81 694
1920 238 534
1920 391 746
1920 383 859
1920 316 459
1920 264 569
1920 387 867
1920 400 546
1920 158 653
1920 261 504
1920 317 460
1920 377 863
1920 293 531
1920 305 666
1920 350 856
1920 296 449
1920 403 350
1920 219 637
1920 299 663
1940 71 608
1940 455 298
1940 423 575
1940 148 503
1940 237 532
1940 126 527
1940 353 985
1940 261 569
1940 361 848
1940 437 341
1940 264 503
1940 236 526
1940 370 866
1940 367 292
1940 401 831
1940 354 732
1940 285 525
1940 101 595
1940 362 985
1940 312 674
1940 474 875
1940 67 601
1940 354 837
1940 219 628
1940 150 508
1940 298 572
1940 313 675
1940 372 291
1960 419 950
1960 428 237
1960 428 551
1960 425 555
1960 88 521
1960 239 536
1960 122 386
1960 344 216
1960 263 571
1960 216 478
1960 263 504
1960 382 864
1960 285 528
1960 216 478
1960 299 1064
1960 90 416
1960 159 445
1960 304 674
1960 344 863
1960 322 162
1960 412 987
1960 165 442
1960 217 627
1960 299 569
1960 304 669
1980 367 495
1980 97 431
1980 246 1242
1980 241 535
1980 359 1033
1980 272 1174
1980 364 120
1980 364 499
1980 176 487
1980 262 568
1980 392 857
1980 92 760
1980 376 1067
1980 261 507
1980 382 861
1980 158 720
1980 398 837
1980 244 1148
1980 286 529
1980 442 1004
1980 74 416
1980 149 732
1980 83 278
1980 305 670
1980 353 840
1980 84 412
1980 28 332
1980 218 632
1980 298 573
