1800 434 608
1800 239 535
1800 293 1154
1800 366 761
1800 385 791
1800 44 927
1800 259 565
1800 318 812
1800 261 502
1800 413 814
1800 283 662
1800 284 529
1800 309 662
1800 438 831
1800 77 487
1800 220 625
1800 299 569
1800 310 655
1820 453 632
1820 226 1264
1820 239 534
1820 278 853
1820 377 839
1820 224 1230
1820 258 566
1820 419 523
1820 260 496
1820 379 843
1820 420 831
1820 355 672
1820 285 523
1820 311 667
1820 219 622
1820 299 567
1840 241 531
1840 388 846
1840 256 563
1840 392 648
1840 260 500
1840 374 304
1840 407 831
1840 283 524
1840 412 652
1840 220 627
1840 299 567
1840 309 650
1840 314 866
1860 241 531
1860 386 698
1860 383 852
1860 342 504
1860 262 562
1860 342 837
1860 259 500
1860 404 828
1860 282 660
1860 357 704
1860 286 528
1860 312 668
1860 320 192
1860 219 634
1860 297 572
1860 309 666
1880 469 432
1880 241 529
1880 346 509
1880 385 851
1880 259 558
1880 322 750
1880 268 493
1880 327 762
1880 404 824
1880 287 522
1880 309 667
1880 222 624
1880 297 570
1880 315 588
1900 390 496
1900 242 532
1900 388 851
1900 342 471
1900 261 560
1900 388 494
1900 435 445
1900 262 500
1900 399 828
1900 278 668
1900 286 528
1900 306 663
1900 463 835
1900 239 707
1900 221 627
1900 297 567
1900 241 719
1920 415 911
1920 399 541
1920 86 690
1920 236 532
1920 384 750
1920 382 851
1920 260 562
1920 157 648
1920 263 501
1920 295 438
1920 364 847
1920 412 881
1920 284 523
1920 306 667
1920 451 703
1920 293 442
1920 400 383
1920 220 628
1920 285 652
1940 72 601
1940 457 282
1940 426 575
1940 239 530
1940 390 854
1940 360 972
1940 357 979
1940 263 560
1940 352 846
1940 440 332
1940 435 326
1940 270 479
1940 245 475
1940 359 844
1940 378 283
1940 397 820
1940 286 523
1940 99 591
1940 312 668
1940 463 874
1940 220 622
1940 299 569
1940 311 672
1960 418 953
1960 447 253
1960 436 550
1960 430 546
1960 191 741
1960 244 530
1960 389 851
1960 364 209
1960 260 559
1960 369 847
1960 263 502
1960 370 851
1960 388 855
1960 285 524
1960 301 1061
1960 89 400
1960 309 674
1960 168 439
1960 218 627
1960 299 564
1980 367 487
1980 244 1175
1980 238 533
1980 391 844
1980 355 1031
1980 273 1181
1980 342 105
1980 362 492
1980 173 484
1980 261 561
1980 369 486
1980 263 502
1980 401 832
1980 289 662
1980 287 526
1980 445 1022
1980 85 403
1980 157 731
1980 310 669
1980 89 405
1980 26 361
1980 222 626
1980 300 566
