1800 451 834
1800 355 831
1800 295 588
1800 262 522
1800 238 542
1800 473 700
1820 307 613
1820 282 537
1820 239 544
1840 305 548
1840 277 550
1860 301 571
1860 323 603
1860 263 504
1860 242 525
1860 268 537
1880 355 858
1880 295 625
1880 12 582
1880 383 528
1880 290 577
1900 353 877
1900 328 473
1900 472 812
1900 40 624
1900 9 639
1900 389 512
1900 268 536
1920 379 776
1920 311 462
1920 434 1007
1920 40 710
1920 437 369
1920 257 570
1920 79 673
1940 290 571
1940 285 593
1940 471 847
1940 276 509
1940 456 316
1940 394 957
1960 423 1010
1960 298 635
1960 286 529
1960 10 538
1980 354 879
1980 282 563
1980 407 886
1980 290 652
1980 256 524
1980 40 293
1980 365 115
1980 83 432
