1800 375 42
1800 7 465
1800 33 850
1800 228 100
1800 433 829
1800 395 178
1800 373 768
1800 38 874
1800 189 1377
1800 400 125
1800 404 827
1800 296 1112
1800 30 183
1800 12 363
1800 250 59
1800 258 501
1800 101 36
1800 29 812
1800 285 665
1800 240 530
1800 188 1317
1800 264 555
1800 283 661
1800 11 431
1800 266 528
1800 238 84
1800 188 1299
1800 369 766
1800 37 1272
1800 319 815
1800 49 1427
1800 264 60
1800 213 630
1800 232 80
1800 219 625
1800 393 822
1800 191 1293
1800 11 511
1800 49 1334
1800 285 1119
1800 212 643
1800 210 607
1800 466 1110
1800 43 887
1800 472 300
1800 28 1133
1800 283 531
1800 378 78
1800 15 189
1800 286 1165
1800 218 636
1800 96 157
1800 285 1115
1800 429 827
1800 51 955
1800 280 1126
1800 308 665
1800 307 816
1800 410 806
1800 23 725
1800 239 530
1800 270 558
1800 407 821
1800 115 203
1800 286 658
1800 184 1351
1800 414 831
1800 21 722
1800 461 630
1800 189 1364
1800 188 1313
1800 37 1332
1800 458 28
1800 197 50
1800 209 610
1800 446 602
1800 438 255
1800 295 582
1800 301 647
1800 268 565
1800 263 521
1800 458 632
1800 40 1232
1800 187 1291
1800 313 820
1800 249 528
1800 261 569
1800 42 516
1800 376 1146
1800 302 569
1800 14 315
1800 258 519
1800 269 567
1800 30 837
1800 403 111
1800 230 47
1800 23 377
1800 470 97
1800 9 174
1800 102 95
1820 366 201
1820 15 383
1820 29 870
1820 211 77
1820 412 648
1820 475 450
1820 374 842
1820 28 845
1820 236 1292
1820 415 93
1820 474 1032
1820 339 1190
1820 24 404
1820 25 179
1820 220 29
1820 259 500
1820 91 36
1820 41 889
1820 276 680
1820 260 506
1820 165 1406
1820 264 537
1820 268 666
1820 58 428
1820 251 59
1820 360 171
1820 170 1415
1820 364 837
1820 23 1105
1820 362 841
1820 67 1425
1820 423 182
1820 127 206
1820 429 149
1820 218 623
1820 414 846
1820 172 1406
1820 10 424
1820 36 1106
1820 278 1312
1820 217 623
1820 176 457
1820 453 1049
1820 31 795
1820 473 405
1820 29 869
1820 286 527
1820 362 16
1820 11 191
1820 244 1338
1820 215 618
1820 14 221
1820 266 1283
1820 270 857
1820 48 1286
1820 323 1149
1820 360 692
1820 380 833
1820 402 830
1820 17 717
1820 240 536
1820 266 526
1820 342 1176
1820 215 605
1820 279 667
1820 224 1252
1820 438 880
1820 13 732
1820 417 515
1820 231 1276
1820 190 1354
1820 35 1350
1820 464 35
1820 177 27
1820 248 532
1820 441 555
1820 470 493
1820 382 811
1820 301 648
1820 254 545
1820 239 538
1820 421 513
1820 116 1388
1820 112 1361
1820 412 833
1820 214 614
1820 261 567
1820 22 406
1820 326 1144
1820 300 568
1820 17 380
1820 259 502
1820 270 580
1820 24 789
1820 451 178
1820 319 77
1820 86 414
1820 479 633
1820 13 179
1820 25 167
1840 352 58
1840 14 349
1840 21 770
1840 113 82
1840 391 657
1840 477 481
1840 347 848
1840 27 832
1840 188 1399
1840 452 343
1840 479 831
1840 206 1431
1840 32 152
1840 8 353
1840 267 7
1840 260 499
1840 85 20
1840 76 917
1840 277 694
1840 212 619
1840 180 1354
1840 264 569
1840 270 675
1840 75 456
1840 264 511
1840 412 295
1840 171 1358
1840 342 846
1840 33 1099
1840 355 639
1840 59 1432
1840 365 92
1840 217 626
1840 360 68
1840 219 628
1840 407 840
1840 192 1393
1840 26 820
1840 66 1414
1840 256 1408
1840 218 624
1840 215 618
1840 449 1055
1840 26 740
1840 475 300
1840 56 911
1840 283 526
1840 464 50
1840 81 454
1840 196 1428
1840 218 619
1840 38 396
1840 251 1416
1840 369 851
1840 37 1266
1840 289 1378
1840 310 678
1840 84 457
1840 329 866
1840 19 748
1840 242 536
1840 273 563
1840 321 891
1840 218 620
1840 277 670
1840 192 1396
1840 376 871
1840 16 752
1840 429 641
1840 193 1409
1840 79 1380
1840 25 1378
1840 476 346
1840 217 6
1840 222 46
1840 477 935
1840 471 401
1840 360 626
1840 282 670
1840 279 694
1840 258 554
1840 474 744
1840 68 902
1840 124 1384
1840 361 753
1840 217 620
1840 263 576
1840 20 187
1840 250 1422
1840 299 571
1840 11 403
1840 262 515
1840 292 607
1840 21 773
1840 472 326
1840 332 39
1840 25 377
1840 479 590
1840 13 193
1840 76 459
1860 355 36
1860 13 333
1860 28 799
1860 161 72
1860 379 693
1860 385 103
1860 378 700
1860 23 742
1860 222 1402
1860 406 160
1860 472 899
1860 275 1430
1860 13 198
1860 9 371
1860 226 2
1860 258 502
1860 143 6
1860 34 835
1860 283 674
1860 242 538
1860 155 1423
1860 251 543
1860 271 670
1860 60 466
1860 269 524
1860 321 169
1860 125 1428
1860 356 829
1860 46 1359
1860 373 572
1860 47 1433
1860 320 187
1860 73 459
1860 362 115
1860 220 629
1860 401 850
1860 131 1408
1860 26 779
1860 75 1005
1860 147 1411
1860 216 629
1860 122 220
1860 456 1110
1860 37 937
1860 473 523
1860 47 1097
1860 284 529
1860 383 73
1860 20 333
1860 107 1427
1860 136 549
1860 33 403
1860 165 1418
1860 452 1148
1860 76 960
1860 298 1417
1860 308 675
1860 72 1023
1860 346 847
1860 23 718
1860 242 534
1860 282 583
1860 349 722
1860 42 323
1860 279 663
1860 107 1423
1860 460 1047
1860 16 724
1860 337 499
1860 156 1417
1860 78 1002
1860 31 1335
1860 472 483
1860 187 9
1860 77 456
1860 478 682
1860 442 157
1860 303 643
1860 300 662
1860 268 573
1860 249 537
1860 373 560
1860 75 908
1860 69 1064
1860 395 867
1860 252 530
1860 261 569
1860 24 356
1860 289 1412
1860 300 572
1860 6 197
1860 269 543
1860 287 617
1860 74 463
1860 470 523
1860 351 171
1860 73 459
1860 477 518
1860 4 172
1860 19 335
1880 338 7
1880 16 392
1880 20 578
1880 135 36
1880 468 438
1880 460 79
1880 353 840
1880 28 834
1880 283 1365
1880 431 277
1880 478 747
1880 224 1419
1880 13 286
1880 47 111
1880 262 6
1880 261 495
1880 76 12
1880 25 787
1880 272 671
1880 236 533
1880 192 1428
1880 249 544
1880 264 605
1880 18 418
1880 269 506
1880 327 57
1880 144 1419
1880 355 833
1880 25 1244
1880 335 732
1880 112 1359
1880 439 174
1880 217 621
1880 260 24
1880 218 623
1880 389 849
1880 102 1415
1880 25 811
1880 39 1260
1880 344 1344
1880 218 623
1880 212 613
1880 475 1045
1880 28 937
1880 460 442
1880 34 982
1880 290 522
1880 362 35
1880 46 105
1880 172 1426
1880 219 641
1880 30 373
1880 248 1234
1880 398 809
1880 43 871
1880 357 838
1880 309 671
1880 18 498
1880 352 840
1880 64 527
1880 237 533
1880 263 567
1880 275 651
1880 56 259
1880 269 685
1880 110 1427
1880 471 617
1880 21 731
1880 343 518
1880 230 1419
1880 120 1282
1880 42 1234
1880 462 435
1880 165 38
1880 218 613
1880 435 508
1880 423 507
1880 297 578
1880 293 681
1880 248 543
1880 238 535
1880 371 522
1880 59 839
1880 52 1224
1880 338 750
1880 242 542
1880 257 576
1880 9 314
1880 398 1010
1880 302 569
1880 7 373
1880 249 540
1880 259 579
1880 68 549
1880 458 439
1880 327 47
1880 25 186
1880 476 426
1880 50 260
1880 51 82
1900 362 53
1900 8 414
1900 38 678
1900 118 47
1900 459 823
1900 443 23
1900 355 821
1900 64 655
1900 271 1280
1900 350 58
1900 465 1087
1900 352 1295
1900 10 206
1900 8 63
1900 226 3
1900 257 496
1900 99 21
1900 65 656
1900 283 726
1900 209 617
1900 164 1431
1900 240 727
1900 267 574
1900 13 356
1900 234 628
1900 346 94
1900 107 1426
1900 341 843
1900 37 998
1900 383 504
1900 53 1412
1900 454 320
1900 237 677
1900 348 24
1900 220 631
1900 404 842
1900 88 1413
1900 87 758
1900 90 737
1900 276 1340
1900 216 630
1900 216 630
1900 465 1121
1900 35 795
1900 435 389
1900 61 794
1900 290 525
1900 393 55
1900 215 615
1900 202 1429
1900 234 702
1900 246 673
1900 404 1048
1900 354 819
1900 86 753
1900 356 826
1900 316 670
1900 229 696
1900 398 846
1900 64 651
1900 240 532
1900 271 714
1900 298 668
1900 218 620
1900 290 715
1900 219 1426
1900 467 1047
1900 17 736
1900 336 499
1900 256 1406
1900 80 832
1900 50 1310
1900 341 474
1900 296 9
1900 211 617
1900 473 754
1900 424 451
1900 297 672
1900 294 692
1900 242 674
1900 234 658
1900 372 495
1900 218 624
1900 58 648
1900 382 858
1900 219 623
1900 262 561
1900 62 648
1900 351 1248
1900 306 570
1900 6 248
1900 266 512
1900 295 581
1900 69 662
1900 430 442
1900 266 20
1900 6 279
1900 476 395
1900 12 224
1900 218 632
1920 418 19
1920 4 449
1920 78 675
1920 203 45
1920 390 744
1920 447 103
1920 388 754
1920 69 872
1920 245 633
1920 428 91
1920 415 905
1920 297 1260
1920 41 249
1920 3 312
1920 207 8
1920 263 500
1920 196 11
1920 158 650
1920 288 678
1920 229 540
1920 100 1426
1920 299 593
1920 279 664
1920 180 604
1920 263 521
1920 296 442
1920 103 1425
1920 353 802
1920 13 1271
1920 390 550
1920 70 1430
1920 454 99
1920 218 626
1920 335 57
1920 221 634
1920 403 849
1920 76 1414
1920 81 689
1920 69 1272
1920 362 1176
1920 212 637
1920 217 619
1920 462 1053
1920 33 728
1920 403 342
1920 7 1132
1920 288 525
1920 458 36
1920 220 605
1920 266 1163
1920 216 626
1920 219 628
1920 395 1078
1920 465 902
1920 86 724
1920 456 1084
1920 393 532
1920 284 610
1920 375 731
1920 158 643
1920 233 539
1920 293 537
1920 291 677
1920 183 607
1920 278 666
1920 281 1336
1920 417 904
1920 23 535
1920 327 477
1920 289 1358
1920 109 1141
1920 7 1196
1920 437 373
1920 198 16
1920 172 606
1920 474 666
1920 297 444
1920 288 624
1920 292 679
1920 266 563
1920 280 530
1920 373 542
1920 179 601
1920 157 641
1920 388 742
1920 244 537
1920 265 569
1920 156 641
1920 365 1259
1920 304 569
1920 3 331
1920 265 514
1920 273 558
1920 157 635
1920 332 475
1920 300 46
1920 180 609
1920 397 335
1920 40 254
1920 204 656
1940 457 119
1940 127 523
1940 71 577
1940 130 35
1940 455 870
1940 454 310
1940 358 735
1940 68 835
1940 369 825
1940 457 294
1940 452 876
1940 298 1322
1940 123 518
1940 14 166
1940 254 17
1940 259 475
1940 91 11
1940 75 595
1940 270 693
1940 234 535
1940 185 1364
1940 249 547
1940 270 580
1940 127 500
1940 383 280
1940 295 49
1940 217 1313
1940 347 754
1940 16 1193
1940 351 818
1940 49 1419
1940 446 319
1940 216 620
1940 337 35
1940 218 627
1940 400 845
1940 117 1373
1940 26 789
1940 60 991
1940 250 1292
1940 213 621
1940 206 599
1940 472 1055
1940 12 1028
1940 432 345
1940 24 1050
1940 289 527
1940 447 101
1940 132 495
1940 247 1227
1940 145 496
1940 130 507
1940 237 1095
1940 360 973
1940 62 948
1940 357 834
1940 460 636
1940 74 945
1940 353 817
1940 72 589
1940 238 534
1940 289 570
1940 345 1000
1940 210 86
1940 279 665
1940 226 1294
1940 391 855
1940 14 709
1940 417 573
1940 236 1243
1940 84 1015
1940 37 1299
1940 466 119
1940 229 429
1940 205 611
1940 432 585
1940 387 269
1940 310 671
1940 306 674
1940 260 543
1940 248 532
1940 469 693
1940 75 845
1940 67 1020
1940 359 732
1940 244 530
1940 257 577
1940 101 571
1940 346 1168
1940 300 570
1940 41 263
1940 259 510
1940 260 576
1940 42 787
1940 443 315
1940 295 32
1940 125 525
1940 461 300
1940 46 259
1940 138 516
1960 363 176
1960 85 493
1960 99 431
1960 213 476
1960 475 566
1960 455 44
1960 361 835
1960 91 818
1960 60 749
1960 216 477
1960 413 1001
1960 322 1061
1960 157 446
1960 116 389
1960 223 26
1960 264 500
1960 216 31
1960 197 736
1960 294 710
1960 203 606
1960 211 1404
1960 252 739
1960 282 678
1960 138 398
1960 251 602
1960 354 184
1960 178 1400
1960 347 839
1960 16 1114
1960 425 572
1960 39 1406
1960 365 174
1960 244 684
1960 362 26
1960 218 628
1960 401 881
1960 68 1118
1960 30 827
1960 82 1140
1960 324 1237
1960 207 641
1960 198 597
1960 454 1068
1960 8 1094
1960 429 230
1960 74 873
1960 289 528
1960 365 177
1960 225 621
1960 332 1273
1960 208 624
1960 220 614
1960 323 1079
1960 383 855
1960 36 1100
1960 289 1068
1960 436 556
1960 244 691
1960 399 838
1960 67 501
1960 230 473
1960 259 729
1960 245 719
1960 212 611
1960 289 699
1960 286 1315
1960 411 1005
1960 32 536
1960 422 548
1960 291 1285
1960 91 709
1960 27 1414
1960 451 138
1960 285 10
1960 201 604
1960 434 551
1960 382 237
1960 300 673
1960 301 676
1960 242 719
1960 244 707
1960 477 659
1960 257 590
1960 116 688
1960 405 898
1960 262 514
1960 266 568
1960 102 405
1960 335 1078
1960 301 569
1960 91 402
1960 264 524
1960 265 589
1960 116 508
1960 370 90
1960 346 53
1960 121 385
1960 476 154
1960 154 437
1960 226 632
1980 308 37
1980 104 443
1980 88 748
1980 170 258
1980 475 928
1980 325 72
1980 352 833
1980 11 576
1980 254 1153
1980 356 72
1980 395 1025
1980 337 1213
1980 170 486
1980 49 273
1980 287 10
1980 263 504
1980 271 43
1980 26 801
1980 292 678
1980 251 531
1980 315 1375
1980 253 588
1980 273 584
1980 122 480
1980 238 537
1980 295 119
1980 291 1314
1980 353 829
1980 28 1288
1980 471 648
1980 47 1423
1980 323 124
1980 115 288
1980 315 45
1980 214 621
1980 398 842
1980 112 1407
1980 89 747
1980 66 841
1980 285 1148
1980 214 611
1980 228 367
1980 404 1029
1980 25 944
1980 476 330
1980 28 1029
1980 286 527
1980 309 78
1980 177 488
1980 250 1153
1980 214 603
1980 173 485
1980 267 1159
1980 396 821
1980 30 1005
1980 335 1081
1980 386 494
1980 65 790
1980 350 843
1980 30 458
1980 236 536
1980 262 562
1980 356 1050
1980 230 304
1980 283 662
1980 306 1196
1980 356 1008
1980 67 270
1980 476 815
1980 343 1150
1980 120 1308
1980 38 1394
1980 475 393
1980 291 25
1980 316 224
1980 473 926
1980 394 87
1980 297 636
1980 303 670
1980 252 549
1980 234 539
1980 362 485
1980 82 751
1980 57 761
1980 398 844
1980 247 583
1980 256 579
1980 189 749
1980 344 1215
1980 301 568
1980 79 301
1980 256 527
1980 267 573
1980 185 738
1980 472 259
1980 311 123
1980 83 424
1980 479 422
1980 177 493
1980 165 508
