1800 420 72
1800 13 443
1800 23 774
1800 184 78
1800 436 836
1800 465 116
1800 369 763
1800 50 907
1800 279 1112
1800 373 79
1800 442 847
1800 282 1136
1800 27 341
1800 20 255
1800 235 57
1800 260 506
1800 109 11
1800 33 706
1800 291 624
1800 270 654
1800 328 1241
1800 283 570
1800 275 588
1800 26 286
1800 290 571
1800 393 147
1800 185 1346
1800 368 757
1800 48 1323
1800 319 816
1800 182 1341
1800 323 124
1800 290 561
1800 252 78
1800 220 629
1800 419 826
1800 77 1417
1800 25 779
1800 179 1373
1800 279 1128
1800 218 631
1800 156 180
1800 469 1148
1800 51 934
1800 474 442
1800 39 1230
1800 283 533
1800 399 175
1800 392 339
1800 290 1179
1800 221 623
1800 267 550
1800 278 1136
1800 376 786
1800 91 1027
1800 334 1102
1800 307 659
1800 344 1084
1800 420 1108
1800 32 606
1800 241 530
1800 284 659
1800 446 1244
1800 259 560
1800 286 651
1800 329 1271
1800 439 840
1800 17 717
1800 465 628
1800 297 1184
1800 284 1188
1800 75 1342
1800 463 166
1800 241 62
1800 218 616
1800 460 630
1800 469 619
1800 271 595
1800 304 653
1800 275 670
1800 286 630
1800 476 432
1800 186 1314
1800 186 1330
1800 303 870
1800 219 619
1800 265 574
1800 74 496
1800 438 1110
1800 303 571
1800 24 419
1800 267 524
1800 274 571
1800 23 763
1800 403 170
1800 292 86
1800 20 448
1800 477 329
1800 24 238
1800 135 95
1820 431 110
1820 21 376
1820 27 841
1820 211 74
1820 396 652
1820 465 188
1820 351 831
1820 48 895
1820 347 1240
1820 380 93
1820 474 843
1820 328 1082
1820 25 397
1820 13 302
1820 178 11
1820 260 502
1820 107 43
1820 28 788
1820 299 660
1820 237 531
1820 233 1289
1820 277 565
1820 269 639
1820 91 416
1820 268 514
1820 426 249
1820 232 1392
1820 409 841
1820 30 1308
1820 356 840
1820 207 1378
1820 346 198
1820 234 624
1820 432 190
1820 220 625
1820 419 848
1820 182 1357
1820 14 751
1820 182 1281
1820 334 1135
1820 168 177
1820 157 234
1820 465 1051
1820 35 868
1820 476 320
1820 38 903
1820 287 534
1820 424 86
1820 256 540
1820 247 1356
1820 217 611
1820 220 618
1820 304 1354
1820 369 683
1820 60 1064
1820 329 1169
1820 311 662
1820 334 1054
1820 459 1109
1820 16 378
1820 245 537
1820 280 578
1820 360 1253
1820 231 611
1820 289 667
1820 249 1305
1820 458 1045
1820 18 711
1820 418 522
1820 317 1378
1820 191 1300
1820 82 1388
1820 475 338
1820 320 133
1820 217 604
1820 434 527
1820 432 397
1820 272 666
1820 308 674
1820 267 576
1820 279 666
1820 429 514
1820 226 1278
1820 238 1281
1820 276 866
1820 248 613
1820 269 583
1820 27 815
1820 325 1160
1820 301 571
1820 10 542
1820 278 550
1820 276 580
1820 17 754
1820 466 427
1820 339 132
1820 21 321
1820 478 416
1820 17 250
1820 116 142
1840 368 111
1840 37 418
1840 22 763
1840 204 73
1840 428 659
1840 468 106
1840 346 838
1840 52 881
1840 342 1349
1840 450 214
1840 478 900
1840 337 1417
1840 30 452
1840 22 204
1840 217 23
1840 261 502
1840 102 17
1840 79 819
1840 278 675
1840 257 560
1840 268 1422
1840 276 676
1840 277 666
1840 84 457
1840 269 583
1840 467 324
1840 202 1429
1840 378 840
1840 44 1204
1840 371 847
1840 142 1361
1840 361 129
1840 291 676
1840 378 153
1840 219 633
1840 412 802
1840 127 1398
1840 25 869
1840 129 1398
1840 342 1366
1840 215 631
1840 175 416
1840 459 1066
1840 38 1039
1840 476 669
1840 50 1099
1840 288 530
1840 463 104
1840 229 626
1840 265 1429
1840 220 618
1840 229 629
1840 338 1385
1840 330 855
1840 55 965
1840 341 1268
1840 296 668
1840 406 940
1840 392 844
1840 26 781
1840 240 536
1840 292 683
1840 436 949
1840 234 638
1840 288 669
1840 265 1433
1840 380 848
1840 24 732
1840 475 832
1840 304 1378
1840 244 1307
1840 75 1419
1840 471 107
1840 331 59
1840 266 551
1840 479 889
1840 474 681
1840 277 665
1840 290 686
1840 235 655
1840 278 665
1840 371 632
1840 80 1014
1840 325 1290
1840 336 865
1840 286 595
1840 267 586
1840 22 503
1840 350 1328
1840 302 571
1840 22 390
1840 273 536
1840 293 617
1840 30 819
1840 472 569
1840 330 91
1840 36 443
1840 478 320
1840 35 233
1840 47 349
1860 357 86
1860 18 396
1860 25 730
1860 260 71
1860 384 714
1860 468 77
1860 348 840
1860 42 785
1860 340 1267
1860 455 265
1860 473 888
1860 298 1429
1860 25 496
1860 14 285
1860 224 7
1860 262 510
1860 90 14
1860 26 658
1860 295 642
1860 274 674
1860 300 1428
1860 281 590
1860 273 664
1860 71 464
1860 216 622
1860 441 176
1860 188 1431
1860 376 843
1860 86 1324
1860 383 865
1860 143 1419
1860 329 195
1860 201 654
1860 363 121
1860 220 633
1860 401 848
1860 110 1400
1860 47 950
1860 192 1398
1860 297 1407
1860 218 629
1860 186 424
1860 459 1086
1860 66 1218
1860 473 525
1860 48 1174
1860 285 532
1860 410 61
1860 225 620
1860 185 1428
1860 218 621
1860 222 623
1860 250 1412
1860 371 854
1860 91 1024
1860 336 1411
1860 307 670
1860 316 1226
1860 336 873
1860 17 702
1860 244 535
1860 291 683
1860 353 847
1860 224 618
1860 295 670
1860 172 1430
1860 459 1067
1860 19 726
1860 337 500
1860 363 1394
1860 180 1351
1860 71 1313
1860 473 583
1860 354 89
1860 141 448
1860 477 738
1860 471 537
1860 294 658
1860 307 664
1860 291 818
1860 298 659
1860 375 559
1860 177 1298
1860 210 1351
1860 395 847
1860 222 621
1860 268 576
1860 16 281
1860 343 1320
1860 310 589
1860 21 376
1860 274 553
1860 293 617
1860 12 483
1860 470 484
1860 315 76
1860 16 403
1860 476 500
1860 37 400
1860 236 73
1880 382 79
1880 10 389
1880 64 526
1880 274 63
1880 477 494
1880 447 120
1880 353 851
1880 26 849
1880 363 1177
1880 454 191
1880 478 968
1880 264 1383
1880 30 480
1880 40 113
1880 247 4
1880 277 496
1880 88 20
1880 33 736
1880 291 666
1880 212 612
1880 238 1429
1880 293 577
1880 269 668
1880 27 430
1880 277 582
1880 395 109
1880 203 1426
1880 368 832
1880 41 1297
1880 317 672
1880 162 1426
1880 328 47
1880 219 627
1880 362 62
1880 221 629
1880 394 825
1880 104 1387
1880 25 872
1880 215 1404
1880 360 1217
1880 209 653
1880 214 636
1880 469 1048
1880 35 1146
1880 452 511
1880 35 1248
1880 294 527
1880 428 45
1880 224 618
1880 194 1424
1880 214 629
1880 225 619
1880 305 1338
1880 394 781
1880 46 1122
1880 464 1049
1880 305 655
1880 429 1077
1880 398 847
1880 62 534
1880 238 530
1880 286 675
1880 435 1181
1880 222 616
1880 276 679
1880 166 1431
1880 475 781
1880 25 767
1880 345 519
1880 311 1350
1880 229 1352
1880 32 1156
1880 466 434
1880 263 23
1880 218 616
1880 434 511
1880 426 509
1880 281 640
1880 299 672
1880 252 679
1880 280 547
1880 462 428
1880 215 1310
1880 248 1365
1880 338 750
1880 287 585
1880 269 595
1880 65 538
1880 461 1048
1880 303 572
1880 18 420
1880 280 556
1880 281 602
1880 64 531
1880 460 451
1880 276 86
1880 45 252
1880 473 433
1880 22 420
1880 133 96
1900 447 75
1900 16 402
1900 67 640
1900 165 57
1900 460 830
1900 439 164
1900 330 849
1900 88 764
1900 345 929
1900 372 85
1900 455 846
1900 455 1271
1900 24 447
1900 32 181
1900 249 10
1900 261 499
1900 105 23
1900 77 662
1900 295 686
1900 219 604
1900 314 1407
1900 251 736
1900 279 616
1900 23 512
1900 238 672
1900 427 240
1900 206 1432
1900 379 819
1900 35 1071
1900 343 859
1900 166 1424
1900 402 175
1900 236 668
1900 355 68
1900 221 634
1900 408 843
1900 130 1408
1900 87 760
1900 216 1388
1900 457 1073
1900 213 635
1900 218 637
1900 468 1119
1900 48 813
1900 353 476
1900 57 988
1900 296 536
1900 413 44
1900 239 667
1900 273 1418
1900 218 631
1900 242 678
1900 455 1101
1900 364 826
1900 187 1241
1900 467 1114
1900 316 660
1900 229 685
1900 462 1081
1900 71 652
1900 241 532
1900 260 740
1900 322 684
1900 235 614
1900 295 700
1900 251 1425
1900 465 998
1900 19 739
1900 338 497
1900 344 1350
1900 227 643
1900 99 1240
1900 442 386
1900 306 32
1900 219 625
1900 475 756
1900 429 384
1900 285 656
1900 314 670
1900 268 760
1900 233 643
1900 428 438
1900 235 671
1900 233 706
1900 379 852
1900 238 650
1900 272 575
1900 17 293
1900 451 1371
1900 309 584
1900 17 384
1900 278 535
1900 311 615
1900 72 656
1900 467 421
1900 306 98
1900 29 319
1900 473 406
1900 50 321
1900 219 633
1920 443 38
1920 20 515
1920 158 636
1920 239 76
1920 381 746
1920 450 177
1920 359 831
1920 89 699
1920 410 719
1920 430 81
1920 403 842
1920 307 1289
1920 189 617
1920 37 160
1920 333 11
1920 265 504
1920 108 9
1920 155 635
1920 296 674
1920 252 549
1920 321 1323
1920 296 600
1920 285 669
1920 176 610
1920 298 566
1920 299 445
1920 305 1397
1920 376 811
1920 69 1381
1920 442 695
1920 135 1419
1920 444 102
1920 221 646
1920 452 180
1920 223 639
1920 400 811
1920 131 1337
1920 89 699
1920 246 1370
1920 405 1113
1920 214 645
1920 218 642
1920 472 1092
1920 54 1086
1920 448 383
1920 34 1207
1920 293 533
1920 457 57
1920 226 621
1920 259 1234
1920 240 544
1920 218 637
1920 369 1123
1920 350 831
1920 94 757
1920 360 1208
1920 303 663
1920 404 923
1920 390 825
1920 158 639
1920 235 542
1920 301 669
1920 362 1211
1920 223 641
1920 287 689
1920 289 1340
1920 411 916
1920 13 506
1920 329 472
1920 293 1210
1920 253 568
1920 74 1150
1920 439 372
1920 323 61
1920 184 601
1920 473 619
1920 300 448
1920 298 606
1920 302 673
1920 266 597
1920 297 667
1920 396 542
1920 379 844
1920 292 668
1920 390 817
1920 270 534
1920 272 579
1920 158 652
1920 363 1240
1920 315 609
1920 18 379
1920 279 527
1920 288 612
1920 103 678
1920 327 475
1920 304 52
1920 172 612
1920 471 357
1920 195 148
1920 183 607
1940 370 90
1940 128 523
1940 75 582
1940 311 67
1940 402 829
1940 464 275
1940 351 825
1940 80 876
1940 374 1087
1940 421 141
1940 468 1014
1940 385 1013
1940 290 134
1940 19 156
1940 287 24
1940 262 502
1940 91 10
1940 107 589
1940 282 659
1940 257 582
1940 349 1377
1940 250 594
1940 273 595
1940 147 503
1940 252 533
1940 422 324
1940 245 1316
1940 348 743
1940 32 1255
1940 338 800
1940 130 1414
1940 339 113
1940 279 598
1940 340 93
1940 218 625
1940 448 871
1940 129 1309
1940 22 788
1940 249 1187
1940 312 1171
1940 210 626
1940 212 628
1940 464 1077
1940 18 1261
1940 439 329
1940 36 1174
1940 293 530
1940 463 135
1940 217 630
1940 232 1223
1940 216 614
1940 222 626
1940 284 1210
1940 344 778
1940 76 920
1940 375 844
1940 309 668
1940 215 1131
1940 353 812
1940 109 576
1940 240 530
1940 248 631
1940 373 1155
1940 218 616
1940 283 663
1940 231 1264
1940 355 834
1940 21 436
1940 463 624
1940 275 1182
1940 291 1198
1940 22 1246
1940 468 192
1940 327 83
1940 215 616
1940 466 619
1940 386 265
1940 281 644
1940 308 678
1940 273 720
1940 271 683
1940 465 277
1940 230 1130
1940 169 1214
1940 394 844
1940 250 589
1940 265 590
1940 110 583
1940 349 1202
1940 303 571
1940 16 419
1940 276 546
1940 276 604
1940 24 573
1940 393 268
1940 308 46
1940 147 498
1940 457 306
1940 52 286
1940 280 117
1960 369 176
1960 125 494
1960 123 560
1960 221 470
1960 476 1037
1960 439 120
1960 365 843
1960 61 687
1960 193 739
1960 221 474
1960 413 1002
1960 328 1138
1960 182 455
1960 123 380
1960 227 8
1960 267 502
1960 211 27
1960 190 730
1960 295 691
1960 247 682
1960 295 1310
1960 256 733
1960 278 670
1960 120 551
1960 255 722
1960 364 176
1960 287 1346
1960 387 801
1960 51 1139
1960 407 852
1960 151 1406
1960 411 103
1960 275 737
1960 359 64
1960 218 631
1960 428 950
1960 19 1129
1960 30 818
1960 128 1354
1960 315 1035
1960 207 648
1960 214 631
1960 429 957
1960 18 1107
1960 477 386
1960 103 921
1960 292 533
1960 388 62
1960 230 641
1960 285 1205
1960 208 628
1960 226 627
1960 303 1054
1960 381 815
1960 60 830
1960 288 1083
1960 317 676
1960 383 1019
1960 370 820
1960 83 496
1960 230 474
1960 266 724
1960 376 905
1960 225 610
1960 297 768
1960 308 1164
1960 412 1008
1960 37 547
1960 446 559
1960 285 1191
1960 248 735
1960 35 1090
1960 435 175
1960 360 85
1960 209 634
1960 435 551
1960 413 283
1960 258 729
1960 310 679
1960 254 734
1960 258 731
1960 478 320
1960 263 725
1960 173 714
1960 383 831
1960 265 714
1960 272 591
1960 85 501
1960 339 1084
1960 302 570
1960 106 398
1960 278 535
1960 300 699
1960 71 630
1960 421 249
1960 348 77
1960 213 625
1960 478 197
1960 159 437
1960 214 475
1980 355 128
1980 87 413
1980 77 425
1980 181 487
1980 467 903
1980 472 188
1980 349 853
1980 26 485
1980 252 1150
1980 332 95
1980 447 984
1980 353 1265
1980 171 489
1980 48 259
1980 280 38
1980 266 506
1980 140 22
1980 63 541
1980 297 670
1980 273 704
1980 356 1245
1980 248 596
1980 271 594
1980 114 459
1980 252 544
1980 445 248
1980 322 1332
1980 353 826
1980 45 1164
1980 380 872
1980 197 1397
1980 348 118
1980 87 503
1980 326 101
1980 219 627
1980 398 833
1980 85 1226
1980 85 755
1980 139 1176
1980 380 1154
1980 243 592
1980 215 599
1980 411 1029
1980 23 1224
1980 358 491
1980 27 1295
1980 289 532
1980 341 127
1980 417 382
1980 257 1154
1980 226 629
1980 175 499
1980 267 1168
1980 351 827
1980 68 868
1980 320 1085
1980 307 619
1980 215 1266
1980 391 835
1980 73 416
1980 236 539
1980 294 607
1980 415 973
1980 251 592
1980 292 680
1980 346 1242
1980 363 1029
1980 81 322
1980 475 651
1980 258 1157
1980 161 717
1980 48 1331
1980 477 418
1980 312 73
1980 211 621
1980 475 931
1980 475 422
1980 248 566
1980 418 617
1980 234 642
1980 280 704
1980 479 328
1980 138 682
1980 71 1055
1980 396 834
1980 249 612
1980 267 577
1980 169 733
1980 374 1080
1980 302 572
1980 84 315
1980 271 535
1980 287 605
1980 81 423
1980 473 364
1980 312 119
1980 169 504
1980 479 392
1980 116 296
1980 285 209
