1800 379 94
1800 6 410
1800 11 686
1800 109 64
1800 421 816
1800 400 174
1800 371 765
1800 33 852
1800 184 1318
1800 239 60
1800 410 878
1800 295 1118
1800 13 235
1800 0 441
1800 236 53
1800 252 520
1800 33 12
1800 26 760
1800 276 664
1800 210 1208
1800 304 1192
1800 275 559
1800 275 591
1800 12 169
1800 253 544
1800 382 154
1800 184 1357
1800 350 828
1800 32 1314
1800 321 818
1800 47 1423
1800 197 62
1800 222 630
1800 226 66
1800 219 632
1800 381 798
1800 45 1415
1800 15 706
1800 66 1269
1800 281 1120
1800 33 216
1800 37 174
1800 477 1295
1800 31 1214
1800 475 429
1800 40 1150
1800 279 540
1800 351 24
1800 208 123
1800 293 1131
1800 216 607
1800 267 519
1800 295 1188
1800 410 1000
1800 34 1266
1800 343 1124
1800 305 668
1800 109 1372
1800 337 1122
1800 18 688
1800 240 526
1800 287 659
1800 294 1130
1800 48 138
1800 288 563
1800 183 1363
1800 430 1135
1800 15 702
1800 449 619
1800 185 1328
1800 90 1303
1800 47 1334
1800 466 262
1800 257 66
1800 37 196
1800 468 865
1800 452 416
1800 280 636
1800 303 663
1800 254 801
1800 287 563
1800 471 643
1800 82 1309
1800 83 1356
1800 320 825
1800 212 618
1800 259 579
1800 14 223
1800 441 1066
1800 302 570
1800 5 418
1800 271 522
1800 290 563
1800 20 869
1800 356 128
1800 267 53
1800 25 119
1800 477 467
1800 9 155
1800 108 96
1820 311 113
1820 24 387
1820 21 773
1820 95 60
1820 396 672
1820 468 152
1820 403 876
1820 45 885
1820 164 1337
1820 206 37
1820 410 834
1820 255 1351
1820 15 261
1820 8 127
1820 203 11
1820 257 502
1820 44 10
1820 37 897
1820 264 720
1820 203 588
1820 248 1337
1820 277 557
1820 280 664
1820 15 234
1820 264 503
1820 362 139
1820 166 1395
1820 353 843
1820 19 1218
1820 357 847
1820 64 1416
1820 203 81
1820 235 595
1820 265 97
1820 217 631
1820 379 875
1820 75 1373
1820 12 661
1820 83 1406
1820 246 1311
1820 13 305
1820 62 207
1820 454 1079
1820 27 936
1820 470 429
1820 45 920
1820 285 539
1820 354 18
1820 24 203
1820 240 1384
1820 252 543
1820 63 203
1820 250 1317
1820 398 815
1820 46 942
1820 319 1203
1820 308 668
1820 218 1258
1820 347 1308
1820 16 350
1820 242 537
1820 281 558
1820 251 1351
1820 40 177
1820 286 663
1820 159 1403
1820 445 1189
1820 2 467
1820 413 660
1820 155 1348
1820 147 1322
1820 29 1314
1820 466 201
1820 225 77
1820 93 207
1820 430 515
1820 451 348
1820 276 679
1820 317 684
1820 271 574
1820 272 555
1820 416 526
1820 89 1348
1820 82 1368
1820 291 938
1820 253 521
1820 264 594
1820 33 890
1820 317 1214
1820 299 563
1820 3 246
1820 281 535
1820 285 548
1820 16 770
1820 426 146
1820 222 78
1820 11 254
1820 477 412
1820 19 192
1820 29 157
1840 332 101
1840 21 386
1840 22 875
1840 41 187
1840 475 907
1840 464 186
1840 338 880
1840 59 898
1840 214 1349
1840 188 47
1840 470 890
1840 208 1421
1840 23 196
1840 0 508
1840 213 34
1840 259 511
1840 77 15
1840 24 861
1840 275 700
1840 207 608
1840 239 1427
1840 280 689
1840 276 686
1840 23 351
1840 259 586
1840 397 344
1840 196 1363
1840 345 841
1840 30 1288
1840 323 688
1840 55 1422
1840 221 41
1840 231 1134
1840 346 74
1840 218 635
1840 403 814
1840 69 1407
1840 18 787
1840 80 1391
1840 181 1393
1840 30 407
1840 23 172
1840 466 1065
1840 15 1226
1840 367 507
1840 45 954
1840 289 532
1840 292 26
1840 225 620
1840 191 1422
1840 215 602
1840 48 205
1840 239 1409
1840 443 1004
1840 62 1225
1840 442 814
1840 317 677
1840 216 896
1840 458 1100
1840 20 726
1840 240 538
1840 295 693
1840 344 1286
1840 18 239
1840 287 674
1840 194 1389
1840 447 1089
1840 5 487
1840 414 661
1840 187 1341
1840 74 1343
1840 36 1417
1840 473 586
1840 320 27
1840 50 156
1840 477 906
1840 460 585
1840 284 662
1840 289 685
1840 281 691
1840 292 667
1840 366 627
1840 66 1030
1840 96 1372
1840 341 885
1840 216 616
1840 256 606
1840 11 483
1840 303 1408
1840 302 572
1840 9 377
1840 279 543
1840 296 593
1840 18 785
1840 448 240
1840 190 86
1840 13 397
1840 477 430
1840 23 232
1840 24 228
1860 358 54
1860 5 433
1860 21 709
1860 87 39
1860 381 711
1860 468 59
1860 361 854
1860 28 778
1860 189 1354
1860 187 47
1860 468 885
1860 186 1430
1860 16 345
1860 1 474
1860 228 2
1860 256 510
1860 24 8
1860 31 756
1860 278 686
1860 153 1205
1860 153 1429
1860 268 570
1860 280 675
1860 16 300
1860 249 535
1860 435 186
1860 104 1425
1860 349 840
1860 38 1207
1860 375 885
1860 46 1429
1860 303 37
1860 61 795
1860 352 49
1860 219 630
1860 387 886
1860 46 1405
1860 29 844
1860 69 1379
1860 153 1397
1860 19 412
1860 22 288
1860 455 1118
1860 36 1206
1860 351 514
1860 43 1178
1860 281 532
1860 344 78
1860 226 584
1860 121 1423
1860 199 607
1860 126 174
1860 136 1412
1860 350 1165
1860 70 949
1860 149 1401
1860 312 674
1860 83 1282
1860 253 1398
1860 5 699
1860 244 535
1860 223 623
1860 289 1362
1860 40 153
1860 294 664
1860 95 1424
1860 471 1386
1860 7 650
1860 330 521
1860 129 1409
1860 66 1074
1860 42 1407
1860 469 558
1860 236 20
1860 48 237
1860 478 1008
1860 465 610
1860 366 844
1860 304 666
1860 281 696
1860 253 739
1860 363 562
1860 61 945
1860 82 1284
1860 454 1018
1860 217 608
1860 260 593
1860 31 787
1860 296 1395
1860 301 573
1860 7 415
1860 278 549
1860 286 580
1860 21 727
1860 455 91
1860 250 67
1860 8 342
1860 475 536
1860 7 258
1860 16 247
1880 374 35
1880 6 386
1880 22 738
1880 43 68
1880 478 1021
1880 461 71
1880 363 858
1880 37 912
1880 121 1355
1880 262 40
1880 393 832
1880 196 1414
1880 33 193
1880 1 394
1880 245 3
1880 270 495
1880 14 13
1880 51 544
1880 262 699
1880 202 638
1880 192 1422
1880 276 589
1880 265 668
1880 25 268
1880 261 550
1880 391 145
1880 78 1422
1880 345 863
1880 25 1287
1880 307 763
1880 61 1414
1880 234 24
1880 39 380
1880 263 23
1880 219 633
1880 378 862
1880 55 1390
1880 19 738
1880 78 1294
1880 149 1404
1880 24 394
1880 57 277
1880 464 1074
1880 29 1164
1880 381 523
1880 28 1246
1880 290 528
1880 308 21
1880 45 144
1880 124 1417
1880 204 661
1880 66 194
1880 125 1411
1880 471 670
1880 35 1184
1880 279 1362
1880 310 671
1880 95 1243
1880 438 1220
1880 8 397
1880 238 530
1880 259 789
1880 257 1358
1880 28 194
1880 266 670
1880 57 1426
1880 457 1112
1880 16 724
1880 327 537
1880 83 1384
1880 40 1176
1880 44 1326
1880 460 481
1880 270 10
1880 53 135
1880 432 524
1880 350 543
1880 280 578
1880 300 683
1880 288 767
1880 278 565
1880 388 530
1880 97 1244
1880 63 1230
1880 362 887
1880 268 659
1880 252 592
1880 58 542
1880 349 1305
1880 304 572
1880 4 332
1880 288 530
1880 292 568
1880 19 784
1880 453 452
1880 164 27
1880 50 290
1880 472 408
1880 37 118
1880 34 74
1900 378 61
1900 9 402
1900 67 631
1900 95 70
1900 454 826
1900 464 70
1900 349 837
1900 84 766
1900 71 1122
1900 237 12
1900 410 849
1900 318 1359
1900 12 289
1900 2 92
1900 189 3
1900 253 499
1900 35 16
1900 64 651
1900 278 677
1900 211 601
1900 198 1427
1900 239 722
1900 293 668
1900 22 270
1900 226 615
1900 422 182
1900 120 1427
1900 335 885
1900 16 1230
1900 380 884
1900 53 1415
1900 255 19
1900 234 662
1900 310 12
1900 222 641
1900 393 845
1900 70 1393
1900 85 746
1900 95 1380
1900 342 1301
1900 16 425
1900 213 637
1900 471 1261
1900 29 1011
1900 354 473
1900 66 888
1900 288 537
1900 252 14
1900 248 669
1900 182 1418
1900 216 631
1900 240 672
1900 242 1389
1900 347 824
1900 87 653
1900 359 1356
1900 313 666
1900 225 632
1900 430 1325
1900 57 638
1900 238 533
1900 293 716
1900 372 706
1900 52 148
1900 290 684
1900 128 1424
1900 457 1347
1900 10 645
1900 323 539
1900 125 1405
1900 231 714
1900 77 1308
1900 435 393
1900 280 16
1900 217 609
1900 461 797
1900 426 459
1900 246 682
1900 321 678
1900 249 691
1900 240 642
1900 423 455
1900 227 642
1900 71 652
1900 402 870
1900 222 619
1900 261 587
1900 9 386
1900 345 1351
1900 300 574
1900 2 235
1900 285 533
1900 305 610
1900 72 652
1900 439 405
1900 188 21
1900 14 388
1900 473 427
1900 11 250
1900 220 622
1920 358 68
1920 4 451
1920 15 569
1920 110 53
1920 374 785
1920 448 224
1920 380 871
1920 86 707
1920 119 1158
1920 293 25
1920 387 879
1920 286 1335
1920 196 628
1920 1 417
1920 199 16
1920 251 529
1920 81 6
1920 157 657
1920 279 724
1920 261 726
1920 272 1412
1920 291 629
1920 299 657
1920 175 609
1920 269 521
1920 307 456
1920 101 1433
1920 347 828
1920 15 1263
1920 393 808
1920 55 1430
1920 292 19
1920 245 681
1920 309 61
1920 224 659
1920 389 883
1920 64 1396
1920 38 744
1920 76 1399
1920 335 1322
1920 207 647
1920 154 117
1920 424 996
1920 8 1216
1920 420 384
1920 34 1177
1920 293 537
1920 396 34
1920 226 629
1920 297 1240
1920 238 536
1920 220 629
1920 260 1319
1920 393 876
1920 35 1150
1920 361 1254
1920 310 667
1920 166 1366
1920 453 1110
1920 161 620
1920 233 540
1920 290 704
1920 269 1323
1920 216 641
1920 290 680
1920 182 1414
1920 458 1252
1920 20 514
1920 312 464
1920 95 1415
1920 288 688
1920 44 1389
1920 465 449
1920 289 14
1920 186 599
1920 457 637
1920 295 446
1920 295 662
1920 432 552
1920 292 677
1920 306 658
1920 443 449
1920 159 1311
1920 79 1081
1920 383 897
1920 288 615
1920 266 602
1920 159 641
1920 369 1312
1920 309 609
1920 34 268
1920 288 536
1920 298 570
1920 107 680
1920 332 472
1920 182 35
1920 189 610
1920 381 370
1920 25 226
1920 184 603
1940 422 49
1940 128 524
1940 51 950
1940 112 56
1940 399 842
1940 457 113
1940 349 862
1940 63 950
1940 235 1272
1940 295 14
1940 470 982
1940 299 1354
1940 34 187
1940 1 360
1940 245 4
1940 255 517
1940 56 4
1940 37 772
1940 268 700
1940 270 746
1940 183 1403
1940 260 553
1940 275 657
1940 148 501
1940 259 522
1940 445 186
1940 159 1402
1940 345 828
1940 24 1281
1940 333 841
1940 45 1419
1940 271 50
1940 244 638
1940 322 28
1940 218 638
1940 442 900
1940 48 1395
1940 10 730
1940 90 1284
1940 249 1255
1940 155 511
1940 88 299
1940 451 1124
1940 9 1260
1940 436 344
1940 11 1277
1940 291 531
1940 252 28
1940 161 500
1940 212 1346
1940 211 593
1940 189 73
1940 213 1316
1940 356 978
1940 51 1084
1940 338 1259
1940 315 677
1940 92 1283
1940 350 981
1940 109 570
1940 242 537
1940 235 596
1940 237 1282
1940 75 162
1940 286 651
1940 54 1406
1940 375 974
1940 6 464
1940 464 757
1940 71 1388
1940 61 1207
1940 37 1346
1940 459 311
1940 319 29
1940 153 496
1940 457 633
1940 400 333
1940 288 653
1940 309 679
1940 289 746
1940 264 531
1940 476 680
1940 104 1273
1940 62 1180
1940 408 853
1940 256 522
1940 249 607
1940 111 575
1940 349 1244
1940 302 572
1940 24 240
1940 285 533
1940 290 563
1940 8 840
1940 378 272
1940 214 32
1940 158 507
1940 450 327
1940 16 173
1940 123 524
1960 376 37
1960 96 409
1960 49 673
1960 222 474
1960 468 1054
1960 412 89
1960 351 899
1960 40 827
1960 56 667
1960 296 28
1960 409 1010
1960 316 1310
1960 212 481
1960 123 382
1960 189 16
1960 260 506
1960 67 15
1960 177 702
1960 275 752
1960 239 749
1960 287 1326
1960 252 739
1960 280 678
1960 106 521
1960 253 722
1960 353 208
1960 158 1434
1960 346 890
1960 30 1128
1960 418 587
1960 39 1411
1960 297 70
1960 285 761
1960 312 64
1960 217 637
1960 424 961
1960 47 1268
1960 16 806
1960 58 1278
1960 328 1130
1960 206 640
1960 210 641
1960 416 1042
1960 6 1138
1960 478 466
1960 103 859
1960 291 533
1960 363 174
1960 229 627
1960 262 1255
1960 205 629
1960 215 636
1960 266 1267
1960 395 991
1960 19 661
1960 322 1039
1960 315 684
1960 296 1170
1960 387 1063
1960 75 659
1960 225 472
1960 270 740
1960 322 1076
1960 218 618
1960 289 756
1960 230 1322
1960 400 1385
1960 30 552
1960 428 543
1960 157 1394
1960 261 714
1960 38 1312
1960 413 265
1960 306 55
1960 193 636
1960 433 549
1960 407 276
1960 295 763
1960 424 804
1960 267 747
1960 275 743
1960 478 691
1960 285 750
1960 38 611
1960 401 878
1960 252 717
1960 249 661
1960 63 642
1960 394 1226
1960 303 570
1960 93 401
1960 280 538
1960 302 584
1960 9 729
1960 396 224
1960 196 25
1960 101 477
1960 473 247
1960 153 429
1960 150 563
1980 340 87
1980 109 456
1980 35 720
1980 178 73
1980 444 899
1980 367 137
1980 356 907
1980 68 793
1980 103 1108
1980 296 23
1980 441 922
1980 312 1280
1980 169 501
1980 40 270
1980 272 15
1980 260 515
1980 100 13
1980 116 741
1980 269 729
1980 78 752
1980 326 1266
1980 271 592
1980 283 671
1980 105 428
1980 240 545
1980 398 245
1980 178 1406
1980 341 856
1980 31 1263
1980 396 845
1980 51 1397
1980 263 24
1980 92 760
1980 310 37
1980 210 646
1980 389 864
1980 51 1285
1980 10 475
1980 57 1348
1980 353 1289
1980 171 494
1980 169 496
1980 401 1019
1980 18 1303
1980 357 490
1980 26 1040
1980 287 533
1980 349 136
1980 158 496
1980 272 1182
1980 231 614
1980 176 496
1980 256 1177
1980 390 949
1980 39 984
1980 351 1126
1980 314 593
1980 52 1245
1980 362 1057
1980 68 429
1980 237 542
1980 250 595
1980 247 1275
1980 218 609
1980 288 665
1980 285 1276
1980 363 1079
1980 51 319
1980 475 869
1980 280 1316
1980 85 761
1980 45 1289
1980 475 568
1980 281 23
1980 171 493
1980 474 1001
1980 463 360
1980 249 567
1980 423 640
1980 285 612
1980 190 959
1980 478 394
1980 69 839
1980 90 744
1980 394 868
1980 235 617
1980 251 615
1980 168 721
1980 377 1108
1980 303 571
1980 82 312
1980 281 527
1980 303 593
1980 159 712
1980 439 207
1980 222 61
1980 86 349
1980 478 406
1980 77 333
1980 104 290
