1800 462 83
1800 10 305
1800 12 485
1800 114 59
1800 430 825
1800 464 73
1800 418 810
1800 9 438
1800 352 1094
1800 258 73
1800 413 834
1800 289 1123
1800 17 233
1800 6 311
1800 257 45
1800 262 507
1800 103 51
1800 18 716
1800 286 647
1800 209 616
1800 208 1399
1800 280 551
1800 281 597
1800 9 191
1800 264 526
1800 448 155
1800 192 1318
1800 368 765
1800 19 1278
1800 319 817
1800 93 1426
1800 402 174
1800 297 619
1800 280 50
1800 219 626
1800 389 805
1800 184 1309
1800 15 728
1800 43 1197
1800 283 1104
1800 211 613
1800 210 606
1800 475 1175
1800 43 875
1800 477 412
1800 24 1114
1800 286 534
1800 398 188
1800 125 145
1800 279 1130
1800 223 625
1800 217 119
1800 291 1192
1800 432 698
1800 54 905
1800 279 1152
1800 311 672
1800 391 813
1800 407 809
1800 19 620
1800 238 528
1800 261 553
1800 370 761
1800 58 256
1800 283 656
1800 187 1368
1800 430 833
1800 17 719
1800 471 622
1800 280 1115
1800 292 1170
1800 39 1338
1800 472 87
1800 236 43
1800 210 83
1800 460 630
1800 465 356
1800 307 670
1800 303 649
1800 220 628
1800 297 557
1800 458 629
1800 86 1358
1800 182 1358
1800 310 835
1800 267 545
1800 265 570
1800 16 177
1800 466 1129
1800 303 570
1800 15 315
1800 262 507
1800 273 568
1800 11 679
1800 463 163
1800 403 166
1800 15 491
1800 478 402
1800 5 197
1800 114 75
1820 444 198
1820 7 242
1820 19 738
1820 141 115
1820 412 649
1820 478 611
1820 437 846
1820 11 689
1820 239 1342
1820 338 55
1820 479 967
1820 305 1342
1820 33 378
1820 7 295
1820 209 28
1820 261 503
1820 104 61
1820 27 812
1820 279 667
1820 249 535
1820 170 1420
1820 273 550
1820 285 665
1820 14 233
1820 437 415
1820 434 398
1820 234 1330
1820 363 833
1820 19 1072
1820 343 699
1820 180 1377
1820 457 330
1820 274 571
1820 462 321
1820 219 623
1820 406 837
1820 80 1396
1820 5 405
1820 37 1249
1820 341 1112
1820 214 613
1820 86 195
1820 473 1071
1820 26 805
1820 477 458
1820 11 1067
1820 287 535
1820 413 127
1820 8 225
1820 236 1348
1820 216 610
1820 64 266
1820 295 1367
1820 284 842
1820 36 856
1820 330 1180
1820 310 670
1820 284 887
1820 470 833
1820 9 329
1820 243 535
1820 275 539
1820 375 841
1820 157 170
1820 284 670
1820 222 1246
1820 472 903
1820 10 626
1820 425 510
1820 211 1240
1820 203 1354
1820 20 1160
1820 471 36
1820 315 190
1820 392 191
1820 432 513
1820 475 579
1820 307 672
1820 303 655
1820 273 546
1820 271 548
1820 423 637
1820 181 1308
1820 52 1091
1820 275 864
1820 250 537
1820 269 579
1820 12 314
1820 339 1209
1820 303 565
1820 18 393
1820 267 508
1820 277 583
1820 7 642
1820 428 395
1820 364 190
1820 50 392
1820 479 277
1820 6 249
1820 94 415
1840 455 231
1840 8 342
1840 7 396
1840 45 186
1840 429 642
1840 466 495
1840 383 830
1840 9 641
1840 309 1339
1840 388 225
1840 479 821
1840 198 1430
1840 10 153
1840 4 389
1840 214 32
1840 263 508
1840 124 3
1840 54 902
1840 280 668
1840 256 557
1840 135 1358
1840 285 686
1840 278 658
1840 76 453
1840 260 522
1840 396 413
1840 200 1381
1840 360 838
1840 36 914
1840 360 626
1840 58 1437
1840 383 206
1840 222 629
1840 470 256
1840 218 631
1840 395 848
1840 57 1428
1840 23 813
1840 62 1419
1840 337 1404
1840 216 620
1840 217 631
1840 465 1066
1840 16 866
1840 478 463
1840 33 879
1840 291 534
1840 469 56
1840 80 448
1840 181 1427
1840 219 617
1840 24 443
1840 247 1419
1840 477 783
1840 42 899
1840 277 1374
1840 313 674
1840 281 681
1840 463 805
1840 3 504
1840 241 536
1840 283 677
1840 299 675
1840 36 152
1840 280 660
1840 189 1417
1840 412 822
1840 15 759
1840 475 702
1840 262 1397
1840 155 1335
1840 18 1306
1840 476 127
1840 338 37
1840 185 99
1840 479 968
1840 476 656
1840 369 846
1840 287 679
1840 283 681
1840 284 681
1840 475 708
1840 29 847
1840 150 1361
1840 333 856
1840 226 620
1840 265 578
1840 32 314
1840 250 1424
1840 301 571
1840 23 383
1840 265 516
1840 284 611
1840 12 447
1840 469 93
1840 341 89
1840 7 255
1840 479 370
1840 8 352
1840 42 300
1860 377 92
1860 1 236
1860 12 731
1860 85 29
1860 384 694
1860 473 413
1860 395 857
1860 28 751
1860 285 1410
1860 365 112
1860 477 867
1860 186 1433
1860 13 383
1860 4 171
1860 359 10
1860 263 508
1860 85 19
1860 16 705
1860 279 649
1860 214 613
1860 152 1428
1860 270 563
1860 271 631
1860 74 465
1860 218 616
1860 461 126
1860 118 1427
1860 362 829
1860 37 1299
1860 364 707
1860 87 1428
1860 325 191
1860 219 625
1860 369 152
1860 220 630
1860 389 862
1860 63 1413
1860 25 869
1860 67 1404
1860 248 1420
1860 211 650
1860 64 203
1860 467 1107
1860 45 899
1860 478 614
1860 57 987
1860 287 531
1860 453 18
1860 14 344
1860 98 1426
1860 130 588
1860 22 384
1860 155 1418
1860 399 848
1860 24 1118
1860 201 1427
1860 317 676
1860 300 1271
1860 470 1031
1860 6 363
1860 244 534
1860 234 591
1860 297 677
1860 13 387
1860 299 670
1860 107 1427
1860 466 1078
1860 9 646
1860 337 505
1860 265 1420
1860 65 1374
1860 34 1226
1860 474 520
1860 356 33
1860 33 424
1860 479 865
1860 475 521
1860 312 676
1860 303 660
1860 271 588
1860 290 596
1860 373 565
1860 56 1236
1860 74 1038
1860 386 850
1860 270 542
1860 267 572
1860 21 340
1860 272 1424
1860 308 585
1860 9 317
1860 271 545
1860 274 587
1860 23 373
1860 472 562
1860 326 189
1860 51 440
1860 479 494
1860 6 241
1860 35 229
1880 460 45
1880 5 254
1880 8 381
1880 188 96
1880 477 398
1880 473 424
1880 464 531
1880 13 361
1880 427 997
1880 325 59
1880 477 761
1880 252 1362
1880 22 198
1880 5 367
1880 350 20
1880 274 493
1880 81 12
1880 61 547
1880 280 657
1880 235 536
1880 204 1430
1880 268 572
1880 261 578
1880 15 369
1880 265 591
1880 444 402
1880 185 1429
1880 358 835
1880 24 1254
1880 319 707
1880 133 1409
1880 405 83
1880 217 626
1880 382 52
1880 220 626
1880 378 844
1880 92 1392
1880 22 814
1880 36 1262
1880 434 1026
1880 217 623
1880 213 653
1880 476 1081
1880 18 928
1880 460 445
1880 20 1145
1880 295 530
1880 370 52
1880 23 371
1880 199 1412
1880 206 654
1880 45 150
1880 334 1362
1880 476 546
1880 43 872
1880 327 1342
1880 314 670
1880 317 769
1880 389 740
1880 62 528
1880 238 530
1880 277 580
1880 326 765
1880 17 373
1880 269 684
1880 145 1431
1880 475 772
1880 17 727
1880 342 522
1880 360 1246
1880 52 1256
1880 16 1150
1880 466 423
1880 343 31
1880 230 131
1880 432 493
1880 461 432
1880 301 658
1880 302 663
1880 264 586
1880 257 550
1880 372 525
1880 22 437
1880 67 1300
1880 457 626
1880 263 548
1880 260 582
1880 65 538
1880 469 745
1880 305 568
1880 10 385
1880 259 554
1880 267 583
1880 69 537
1880 465 435
1880 361 87
1880 4 361
1880 477 433
1880 22 279
1880 36 95
1900 456 47
1900 3 395
1900 7 447
1900 179 38
1900 460 810
1900 472 407
1900 409 839
1900 68 659
1900 295 679
1900 330 39
1900 471 1067
1900 332 1336
1900 11 321
1900 1 67
1900 321 12
1900 263 505
1900 92 13
1900 56 673
1900 285 683
1900 218 612
1900 68 1420
1900 240 726
1900 282 623
1900 19 361
1900 244 691
1900 434 389
1900 163 1431
1900 354 824
1900 32 1010
1900 410 520
1900 48 1411
1900 452 334
1900 234 659
1900 409 114
1900 220 633
1900 397 832
1900 63 1393
1900 85 761
1900 65 994
1900 453 1223
1900 217 630
1900 214 633
1900 468 1146
1900 60 773
1900 428 448
1900 26 994
1900 296 533
1900 445 21
1900 222 616
1900 240 1392
1900 225 680
1900 235 704
1900 461 1070
1900 357 821
1900 97 751
1900 455 1109
1900 319 671
1900 231 695
1900 462 1074
1900 64 656
1900 240 530
1900 258 736
1900 302 667
1900 55 209
1900 300 669
1900 228 1424
1900 470 1071
1900 12 648
1900 338 502
1900 371 1258
1900 274 607
1900 18 1327
1900 433 385
1900 359 19
1900 214 610
1900 475 744
1900 439 387
1900 469 793
1900 304 667
1900 267 769
1900 239 665
1900 385 499
1900 217 625
1900 219 735
1900 384 844
1900 243 631
1900 263 564
1900 14 323
1900 425 1310
1900 310 581
1900 7 323
1900 270 518
1900 298 600
1900 62 649
1900 435 387
1900 425 274
1900 10 279
1900 479 272
1900 17 194
1900 217 624
1920 468 58
1920 10 433
1920 155 635
1920 228 68
1920 385 740
1920 455 103
1920 407 771
1920 81 693
1920 220 611
1920 418 171
1920 437 907
1920 285 1208
1920 169 606
1920 17 228
1920 344 9
1920 267 503
1920 199 15
1920 155 657
1920 295 673
1920 242 529
1920 98 1423
1920 308 612
1920 294 660
1920 183 604
1920 287 567
1920 298 445
1920 95 1423
1920 384 836
1920 10 1194
1920 386 551
1920 69 1432
1920 459 104
1920 264 574
1920 440 126
1920 221 635
1920 397 795
1920 70 1409
1920 80 686
1920 95 964
1920 361 1215
1920 214 623
1920 189 620
1920 475 1094
1920 17 696
1920 477 426
1920 9 1080
1920 293 535
1920 453 66
1920 221 615
1920 281 1180
1920 211 626
1920 180 606
1920 353 1163
1920 438 838
1920 46 1034
1920 356 1177
1920 305 672
1920 390 838
1920 404 841
1920 159 652
1920 232 538
1920 299 612
1920 290 625
1920 182 601
1920 297 670
1920 279 1391
1920 423 922
1920 21 493
1920 426 502
1920 298 1267
1920 266 572
1920 5 1145
1920 477 281
1920 355 17
1920 177 602
1920 479 691
1920 301 448
1920 291 634
1920 313 624
1920 275 574
1920 302 669
1920 393 543
1920 308 657
1920 42 528
1920 402 761
1920 260 532
1920 271 573
1920 156 645
1920 368 1356
1920 320 606
1920 4 344
1920 270 518
1920 279 573
1920 61 695
1920 316 461
1920 315 103
1920 183 608
1920 410 342
1920 40 253
1920 186 613
1940 461 285
1940 128 524
1940 68 572
1940 310 57
1940 466 864
1940 413 305
1940 386 845
1940 9 734
1940 381 862
1940 364 48
1940 453 874
1940 276 1186
1940 123 521
1940 3 134
1940 355 25
1940 271 483
1940 78 10
1940 71 590
1940 280 654
1940 243 530
1940 187 1392
1940 270 578
1940 282 654
1940 144 501
1940 234 431
1940 375 280
1940 241 1333
1940 365 814
1940 11 1203
1940 333 797
1940 54 1426
1940 456 306
1940 270 580
1940 345 130
1940 218 628
1940 446 869
1940 177 1368
1940 14 630
1940 29 1111
1940 287 1238
1940 210 619
1940 171 531
1940 471 1066
1940 4 1165
1940 451 326
1940 14 1231
1940 291 531
1940 455 152
1940 127 528
1940 227 1314
1940 211 631
1940 148 506
1940 257 1235
1940 367 845
1940 27 1103
1940 380 850
1940 314 672
1940 298 736
1940 363 973
1940 68 582
1940 237 529
1940 263 558
1940 302 747
1940 169 150
1940 281 659
1940 217 1350
1940 394 847
1940 11 522
1940 470 666
1940 249 1294
1940 75 1131
1940 26 1313
1940 467 155
1940 340 103
1940 284 121
1940 464 601
1940 373 284
1940 302 707
1940 305 676
1940 264 579
1940 296 569
1940 477 288
1940 219 1245
1940 57 1004
1940 399 829
1940 256 530
1940 261 590
1940 127 523
1940 467 1109
1940 302 570
1940 11 452
1940 263 506
1940 269 576
1940 112 574
1940 416 299
1940 444 268
1940 127 528
1940 458 307
1940 31 246
1940 197 154
1960 382 221
1960 91 404
1960 123 526
1960 326 189
1960 473 993
1960 440 176
1960 470 622
1960 31 736
1960 47 586
1960 216 475
1960 415 990
1960 311 1064
1960 158 443
1960 123 383
1960 350 35
1960 266 503
1960 232 86
1960 159 707
1960 294 704
1960 246 680
1960 274 1412
1960 265 737
1960 291 669
1960 121 486
1960 248 692
1960 375 211
1960 313 1338
1960 379 820
1960 35 1207
1960 419 576
1960 43 1430
1960 361 78
1960 261 723
1960 391 46
1960 218 629
1960 470 1001
1960 36 1405
1960 14 544
1960 56 1029
1960 331 1017
1960 208 636
1960 198 597
1960 432 959
1960 6 1071
1960 476 386
1960 28 1022
1960 291 533
1960 379 104
1960 216 615
1960 253 1278
1960 207 643
1960 218 613
1960 293 1040
1960 363 846
1960 18 884
1960 291 1069
1960 320 675
1960 245 698
1960 466 982
1960 84 493
1960 242 486
1960 267 731
1960 351 741
1960 224 597
1960 295 737
1960 286 1304
1960 455 1079
1960 25 550
1960 437 543
1960 332 1248
1960 53 763
1960 15 1077
1960 452 132
1960 346 59
1960 203 627
1960 432 548
1960 410 374
1960 302 680
1960 302 677
1960 260 730
1960 265 733
1960 478 605
1960 246 689
1960 49 746
1960 434 951
1960 289 572
1960 269 575
1960 206 651
1960 333 1057
1960 302 569
1960 90 402
1960 266 524
1960 278 605
1960 108 482
1960 405 219
1960 351 65
1960 107 393
1960 474 112
1960 160 439
1960 206 637
1980 364 92
1980 78 409
1980 26 411
1980 172 489
1980 464 876
1980 396 109
1980 399 840
1980 23 402
1980 245 1151
1980 357 35
1980 399 1008
1980 271 1168
1980 172 488
1980 14 404
1980 332 13
1980 264 507
1980 147 19
1980 45 427
1980 288 640
1980 228 601
1980 375 1255
1980 268 571
1980 277 591
1980 158 547
1980 246 540
1980 418 143
1980 363 1294
1980 354 826
1980 7 1286
1980 474 773
1980 111 1414
1980 411 183
1980 100 428
1980 366 69
1980 212 628
1980 393 849
1980 85 1381
1980 13 731
1980 50 955
1980 283 1158
1980 217 593
1980 171 484
1980 426 1038
1980 3 950
1980 478 738
1980 26 1004
1980 290 532
1980 360 60
1980 113 291
1980 245 1156
1980 217 618
1980 177 492
1980 259 1166
1980 393 814
1980 28 992
1980 272 1164
1980 320 645
1980 62 1299
1980 367 1053
1980 67 422
1980 236 536
1980 286 684
1980 258 586
1980 175 497
1980 287 670
1980 351 1248
1980 394 963
1980 64 271
1980 478 409
1980 243 1151
1980 67 826
1980 23 1362
1980 474 120
1980 299 41
1980 173 188
1980 478 933
1980 477 400
1980 281 656
1980 470 573
1980 255 610
1980 249 542
1980 369 485
1980 65 555
1980 61 624
1980 398 840
1980 252 582
1980 264 577
1980 190 746
1980 397 1056
1980 303 567
1980 82 295
1980 262 527
1980 275 581
1980 85 407
1980 472 54
1980 315 117
1980 68 428
1980 479 246
1980 112 251
1980 176 493
