1800 458 12
1800 33 128
1800 228 212
1800 381 68
1800 387 796
1800 452 44
1800 294 871
1800 83 482
1800 442 1066
1800 402 47
1800 452 905
1800 281 1153
1800 300 100
1800 22 120
1800 258 59
1800 257 499
1800 149 3
1800 229 91
1800 247 564
1800 254 673
1800 335 1242
1800 288 563
1800 265 561
1800 409 94
1800 428 110
1800 419 100
1800 163 1391
1800 312 818
1800 31 1209
1800 295 638
1800 67 1420
1800 372 68
1800 283 602
1800 400 57
1800 221 634
1800 396 816
1800 92 1356
1800 26 567
1800 71 1231
1800 284 1155
1800 192 539
1800 234 549
1800 471 1003
1800 79 915
1800 476 118
1800 85 946
1800 260 534
1800 456 13
1800 266 533
1800 286 1111
1800 203 661
1800 256 548
1800 285 1122
1800 372 756
1800 95 997
1800 368 1040
1800 467 551
1800 298 825
1800 400 791
1800 209 38
1800 234 534
1800 295 566
1800 417 814
1800 211 618
1800 270 552
1800 187 1376
1800 382 853
1800 12 629
1800 477 322
1800 278 1194
1800 406 978
1800 44 1302
1800 473 119
1800 450 24
1800 258 500
1800 464 670
1800 426 87
1800 292 592
1800 298 586
1800 335 648
1800 298 558
1800 477 197
1800 288 612
1800 279 1239
1800 389 846
1800 275 592
1800 243 564
1800 42 291
1800 361 1182
1800 303 551
1800 19 402
1800 278 541
1800 298 549
1800 33 523
1800 455 68
1800 372 61
1800 233 71
1800 474 44
1800 220 50
1800 245 528
1820 428 23
1820 27 132
1820 293 131
1820 392 53
1820 420 836
1820 469 43
1820 357 796
1820 69 811
1820 465 863
1820 412 37
1820 476 916
1820 312 1355
1820 338 72
1820 19 61
1820 319 35
1820 262 494
1820 173 3
1820 210 87
1820 256 681
1820 238 505
1820 242 1314
1820 275 678
1820 274 547
1820 344 106
1820 314 502
1820 440 85
1820 168 1327
1820 412 826
1820 25 1248
1820 317 678
1820 87 1407
1820 397 55
1820 275 636
1820 401 55
1820 216 598
1820 406 823
1820 89 1351
1820 17 725
1820 61 1290
1820 294 1292
1820 200 652
1820 245 396
1820 459 1041
1820 48 971
1820 476 111
1820 38 1085
1820 269 545
1820 447 22
1820 248 516
1820 257 1417
1820 251 549
1820 258 574
1820 418 1132
1820 351 834
1820 132 701
1820 445 1163
1820 360 697
1820 274 857
1820 404 802
1820 229 52
1820 233 537
1820 291 553
1820 400 820
1820 242 536
1820 265 597
1820 196 1348
1820 411 843
1820 9 468
1820 448 507
1820 302 1288
1820 270 862
1820 45 1296
1820 474 99
1820 447 29
1820 249 477
1820 445 537
1820 449 91
1820 302 645
1820 299 601
1820 273 555
1820 293 572
1820 468 395
1820 343 690
1820 338 1212
1820 365 842
1820 264 663
1820 246 543
1820 83 413
1820 369 1234
1820 293 534
1820 17 389
1820 283 552
1820 301 593
1820 31 845
1820 466 71
1820 375 86
1820 326 99
1820 478 21
1820 211 48
1820 240 534
1840 462 12
1840 66 74
1840 175 212
1840 342 69
1840 475 843
1840 468 28
1840 319 835
1840 57 447
1840 347 853
1840 373 77
1840 478 753
1840 278 1388
1840 356 38
1840 48 32
1840 367 14
1840 262 495
1840 160 4
1840 196 107
1840 264 729
1840 244 585
1840 300 1402
1840 269 693
1840 266 653
1840 326 129
1840 277 533
1840 402 177
1840 198 1386
1840 386 804
1840 33 1146
1840 298 679
1840 101 1405
1840 347 64
1840 282 665
1840 407 32
1840 221 633
1840 411 705
1840 207 1345
1840 17 752
1840 78 1310
1840 272 1357
1840 201 646
1840 200 401
1840 474 1018
1840 66 877
1840 477 209
1840 63 928
1840 267 543
1840 467 15
1840 257 553
1840 244 1423
1840 213 616
1840 237 627
1840 268 1376
1840 347 839
1840 242 1141
1840 464 951
1840 321 651
1840 311 838
1840 343 835
1840 151 84
1840 235 554
1840 293 669
1840 407 778
1840 224 576
1840 271 626
1840 193 1418
1840 358 840
1840 14 402
1840 476 493
1840 297 1312
1840 339 841
1840 44 1359
1840 474 300
1840 362 78
1840 255 492
1840 478 726
1840 431 158
1840 315 679
1840 284 690
1840 299 667
1840 287 589
1840 377 646
1840 316 678
1840 360 1200
1840 352 875
1840 266 687
1840 245 597
1840 53 229
1840 379 1275
1840 305 554
1840 16 358
1840 285 543
1840 302 587
1840 19 617
1840 468 66
1840 351 53
1840 354 71
1840 478 26
1840 192 52
1840 231 545
1860 463 9
1860 36 44
1860 258 90
1860 326 81
1860 390 677
1860 469 19
1860 334 837
1860 54 253
1860 470 807
1860 374 82
1860 472 895
1860 212 1412
1860 360 81
1860 20 151
1860 368 24
1860 260 496
1860 199 3
1860 288 64
1860 258 646
1860 258 610
1860 229 1424
1860 275 679
1860 265 597
1860 373 95
1860 282 532
1860 461 44
1860 124 1426
1860 392 816
1860 31 1202
1860 305 669
1860 90 1411
1860 383 86
1860 291 652
1860 438 30
1860 214 624
1860 399 854
1860 182 1375
1860 30 782
1860 83 1289
1860 208 1396
1860 192 612
1860 187 358
1860 474 911
1860 62 918
1860 472 319
1860 66 938
1860 259 522
1860 461 9
1860 265 534
1860 132 1426
1860 213 609
1860 258 548
1860 315 1302
1860 367 866
1860 191 320
1860 328 1294
1860 364 679
1860 351 809
1860 389 803
1860 167 59
1860 237 541
1860 296 673
1860 394 838
1860 210 612
1860 284 602
1860 131 1419
1860 457 777
1860 12 386
1860 324 504
1860 361 1150
1860 377 845
1860 53 1316
1860 471 425
1860 453 37
1860 246 503
1860 478 732
1860 464 60
1860 311 664
1860 291 663
1860 285 690
1860 295 569
1860 372 555
1860 300 666
1860 348 1179
1860 404 832
1860 277 657
1860 244 542
1860 42 290
1860 345 1371
1860 307 527
1860 9 325
1860 281 541
1860 307 577
1860 20 674
1860 462 53
1860 357 104
1860 287 58
1860 478 21
1860 256 26
1860 242 524
1880 406 34
1880 52 116
1880 171 491
1880 349 44
1880 478 796
1880 468 29
1880 393 783
1880 65 253
1880 471 787
1880 409 56
1880 478 748
1880 327 1350
1880 329 58
1880 29 77
1880 380 12
1880 264 487
1880 142 5
1880 94 156
1880 261 597
1880 254 536
1880 229 1412
1880 289 546
1880 268 596
1880 296 263
1880 309 579
1880 440 83
1880 99 1396
1880 325 751
1880 26 1169
1880 309 781
1880 99 1380
1880 421 20
1880 273 659
1880 455 9
1880 219 625
1880 417 832
1880 125 1368
1880 33 572
1880 103 1191
1880 450 879
1880 201 642
1880 191 541
1880 477 995
1880 51 883
1880 473 375
1880 43 1136
1880 263 493
1880 434 22
1880 255 527
1880 309 1400
1880 223 599
1880 254 561
1880 354 1237
1880 301 682
1880 128 1105
1880 461 806
1880 384 544
1880 309 721
1880 391 816
1880 108 87
1880 237 528
1880 288 624
1880 339 777
1880 210 620
1880 263 632
1880 98 1421
1880 450 815
1880 8 570
1880 343 510
1880 426 829
1880 336 767
1880 47 1201
1880 467 395
1880 438 34
1880 211 595
1880 456 448
1880 260 523
1880 309 590
1880 292 678
1880 271 711
1880 296 555
1880 476 262
1880 302 645
1880 441 1032
1880 380 817
1880 277 613
1880 256 600
1880 36 322
1880 462 1062
1880 306 536
1880 6 388
1880 290 531
1880 305 576
1880 54 533
1880 464 86
1880 398 26
1880 253 138
1880 477 65
1880 281 18
1880 244 535
1900 409 56
1900 37 91
1900 193 219
1900 382 38
1900 455 804
1900 435 65
1900 338 811
1900 45 276
1900 360 822
1900 421 45
1900 462 856
1900 367 1243
1900 339 47
1900 16 101
1900 395 9
1900 254 495
1900 90 5
1900 178 175
1900 276 585
1900 202 564
1900 397 1367
1900 232 722
1900 273 611
1900 247 534
1900 236 599
1900 404 149
1900 141 1426
1900 455 786
1900 36 1024
1900 338 670
1900 123 1409
1900 424 41
1900 274 657
1900 432 17
1900 224 634
1900 414 851
1900 346 1087
1900 68 658
1900 107 1255
1900 453 1008
1900 206 651
1900 205 638
1900 472 1014
1900 61 783
1900 427 369
1900 80 759
1900 271 542
1900 392 118
1900 227 671
1900 362 1362
1900 250 523
1900 230 715
1900 463 913
1900 453 634
1900 233 693
1900 459 835
1900 377 489
1900 285 641
1900 383 803
1900 49 195
1900 234 549
1900 282 699
1900 441 571
1900 260 514
1900 280 601
1900 296 1397
1900 451 824
1900 3 569
1900 327 478
1900 387 842
1900 451 862
1900 72 1211
1900 334 464
1900 433 36
1900 241 504
1900 468 642
1900 431 140
1900 301 682
1900 348 542
1900 297 728
1900 269 634
1900 439 368
1900 228 721
1900 443 708
1900 399 832
1900 241 610
1900 246 556
1900 38 281
1900 457 1254
1900 324 466
1900 7 294
1900 291 527
1900 326 612
1900 75 769
1900 434 149
1900 414 74
1900 137 292
1900 478 79
1900 217 33
1900 242 574
1920 431 22
1920 32 191
1920 210 600
1920 346 49
1920 388 719
1920 447 72
1920 359 740
1920 117 685
1920 373 841
1920 338 65
1920 410 928
1920 430 987
1920 357 77
1920 37 81
1920 370 14
1920 262 493
1920 167 15
1920 179 618
1920 275 708
1920 248 527
1920 317 1279
1920 289 672
1920 282 604
1920 180 597
1920 304 452
1920 284 379
1920 139 1419
1920 386 736
1920 26 1216
1920 383 575
1920 98 1409
1920 384 36
1920 305 635
1920 359 61
1920 223 629
1920 410 796
1920 107 1197
1920 87 713
1920 95 1250
1920 369 1137
1920 200 641
1920 216 548
1920 473 978
1920 62 904
1920 472 202
1920 103 689
1920 277 531
1920 436 76
1920 263 559
1920 317 1237
1920 243 548
1920 241 603
1920 459 986
1920 349 818
1920 213 612
1920 399 898
1920 389 530
1920 380 572
1920 406 759
1920 174 607
1920 231 542
1920 298 653
1920 444 463
1920 217 594
1920 294 568
1920 258 1268
1920 392 872
1920 19 497
1920 311 462
1920 276 1159
1920 373 560
1920 58 1286
1920 439 443
1920 427 36
1920 185 596
1920 474 555
1920 286 456
1920 308 610
1920 378 555
1920 285 709
1920 327 547
1920 478 247
1920 332 603
1920 435 566
1920 394 798
1920 283 567
1920 250 579
1920 156 655
1920 372 1272
1920 315 457
1920 10 379
1920 287 535
1920 302 579
1920 90 693
1920 435 140
1920 368 51
1920 188 607
1920 384 338
1920 216 45
1920 199 658
1940 436 24
1940 130 488
1940 128 511
1940 322 81
1940 409 799
1940 453 37
1940 331 766
1940 88 864
1940 392 838
1940 328 141
1940 373 972
1940 336 1301
1940 341 58
1940 36 48
1940 352 25
1940 259 460
1940 142 4
1940 112 581
1940 263 572
1940 252 502
1940 394 1332
1940 291 583
1940 271 590
1940 229 547
1940 282 539
1940 341 276
1940 188 1371
1940 341 745
1940 20 1238
1940 335 788
1940 72 1409
1940 429 21
1940 284 593
1940 325 35
1940 220 615
1940 433 871
1940 205 1239
1940 7 694
1940 69 1190
1940 323 1174
1940 199 647
1940 198 555
1940 468 881
1940 28 1105
1940 452 235
1940 45 1110
1940 275 538
1940 449 12
1940 260 521
1940 290 1375
1940 211 601
1940 254 543
1940 371 1147
1940 365 844
1940 111 564
1940 363 873
1940 457 519
1940 341 733
1940 435 833
1940 143 501
1940 228 545
1940 294 577
1940 342 761
1940 215 608
1940 280 560
1940 165 1362
1940 354 851
1940 6 519
1940 476 444
1940 256 1060
1940 366 950
1940 40 1277
1940 427 269
1940 432 68
1940 236 409
1940 471 536
1940 254 500
1940 310 628
1940 291 696
1940 279 685
1940 304 564
1940 476 249
1940 315 666
1940 237 1244
1940 392 856
1940 282 559
1940 249 563
1940 132 528
1940 362 1185
1940 299 542
1940 5 351
1940 284 537
1940 302 581
1940 63 920
1940 419 257
1940 355 36
1940 230 76
1940 474 63
1940 320 42
1940 206 603
1960 383 51
1960 122 370
1960 138 397
1960 215 473
1960 461 976
1960 427 95
1960 340 825
1960 114 561
1960 385 841
1960 331 122
1960 402 1023
1960 310 1206
1960 208 493
1960 45 275
1960 363 18
1960 265 496
1960 168 9
1960 145 758
1960 271 610
1960 241 690
1960 293 1328
1960 258 736
1960 279 656
1960 197 598
1960 255 702
1960 365 197
1960 130 1426
1960 469 582
1960 26 1174
1960 461 381
1960 46 1414
1960 389 32
1960 267 719
1960 374 27
1960 223 633
1960 444 930
1960 58 1143
1960 9 666
1960 63 1168
1960 311 1022
1960 202 636
1960 199 630
1960 457 1047
1960 49 1044
1960 475 136
1960 38 637
1960 270 542
1960 413 44
1960 271 580
1960 286 1318
1960 215 611
1960 264 595
1960 311 1054
1960 378 777
1960 220 488
1960 294 1086
1960 432 538
1960 282 674
1960 392 942
1960 128 384
1960 226 469
1960 261 757
1960 418 559
1960 236 567
1960 263 691
1960 250 1311
1960 367 991
1960 12 357
1960 478 443
1960 374 884
1960 436 502
1960 39 1159
1960 466 331
1960 254 462
1960 211 561
1960 474 545
1960 379 199
1960 303 682
1960 427 569
1960 246 730
1960 290 684
1960 478 163
1960 251 731
1960 265 717
1960 404 840
1960 252 699
1960 246 630
1960 65 669
1960 436 1100
1960 296 548
1960 85 399
1960 285 541
1960 305 576
1960 51 667
1960 415 132
1960 369 43
1960 193 638
1960 463 93
1960 208 310
1960 213 587
1980 337 93
1980 118 447
1980 129 251
1980 323 53
1980 455 873
1980 400 96
1980 341 825
1980 123 725
1980 435 929
1980 379 67
1980 386 970
1980 307 1273
1980 170 497
1980 91 298
1980 329 22
1980 265 496
1980 145 6
1980 150 735
1980 255 760
1980 272 695
1980 372 1287
1980 280 709
1980 269 655
1980 352 175
1980 276 523
1980 432 192
1980 253 1308
1980 383 825
1980 28 1220
1980 341 658
1980 137 1354
1980 331 49
1980 304 691
1980 325 39
1980 222 629
1980 389 826
1980 104 1095
1980 23 674
1980 56 1074
1980 264 1179
1980 229 595
1980 204 563
1980 450 941
1980 63 731
1980 477 168
1980 95 758
1980 267 530
1980 432 62
1980 256 565
1980 255 1154
1980 241 592
1980 239 583
1980 294 1183
1980 338 823
1980 113 660
1980 346 1078
1980 473 435
1980 358 843
1980 348 826
1980 125 445
1980 232 541
1980 298 679
1980 440 868
1980 250 536
1980 284 691
1980 234 1172
1980 381 847
1980 49 396
1980 478 256
1980 283 1141
1980 380 851
1980 42 1291
1980 474 159
1980 365 119
1980 409 219
1980 478 610
1980 402 202
1980 311 605
1980 368 494
1980 290 695
1980 289 615
1980 479 96
1980 299 653
1980 277 1165
1980 397 837
1980 278 560
1980 240 590
1980 150 735
1980 381 1049
1980 299 564
1980 73 303
1980 283 533
1980 303 574
1980 89 749
1980 464 84
1980 343 99
1980 162 500
1980 478 31
1980 164 485
1980 219 589
