1800 473 622
1800 469 825
1800 269 505
1800 295 554
1800 245 552
1800 285 522
1800 284 1221
1800 295 1107
1800 372 779
1800 393 797
1800 430 832
1800 450 810
1800 291 1186
1800 255 538
1800 326 707
1800 266 510
1800 469 643
1800 241 541
1800 274 546
1800 257 524
1800 376 794
1800 334 816
1800 445 850
1800 216 619
1800 233 82
1820 471 573
1820 253 492
1820 295 555
1820 239 602
1820 284 520
1820 463 682
1820 425 504
1820 393 817
1820 231 1309
1820 432 833
1820 431 640
1820 255 550
1820 86 409
1820 88 415
1820 266 506
1820 296 886
1820 468 339
1820 470 667
1820 239 550
1820 282 571
1820 257 523
1820 379 837
1820 288 668
1820 463 1124
1820 216 632
1820 407 633
1840 39 397
1840 337 858
1840 268 517
1840 295 554
1840 245 556
1840 364 885
1840 285 516
1840 438 661
1840 409 658
1840 258 532
1840 379 835
1840 267 508
1840 241 555
1840 299 589
1840 257 524
1840 377 816
1840 336 849
1840 463 1124
1840 215 601
1840 332 862
1840 413 604
1860 269 516
1860 306 970
1860 296 560
1860 247 555
1860 360 810
1860 284 517
1860 308 581
1860 257 546
1860 354 825
1860 265 496
1860 318 955
1860 240 546
1860 298 600
1860 258 528
1860 375 833
1860 345 813
1860 217 620
1860 395 524
1880 471 563
1880 276 510
1880 295 555
1880 243 543
1880 451 549
1880 363 855
1880 283 506
1880 305 585
1880 378 846
1880 260 566
1880 326 710
1880 273 493
1880 357 1170
1880 465 570
1880 238 544
1880 292 582
1880 259 540
1880 376 815
1880 236 550
1880 463 1124
1880 217 618
1880 395 527
1900 464 411
1900 415 467
1900 297 576
1900 245 559
1900 437 440
1900 365 876
1900 285 525
1900 441 378
1900 469 827
1900 416 432
1900 264 598
1900 359 805
1900 283 523
1900 357 1168
1900 468 346
1900 458 467
1900 240 547
1900 315 639
1900 262 555
1900 378 834
1900 288 676
1900 357 472
1900 216 636
1900 394 493
1900 458 373
1920 395 365
1920 90 665
1920 258 502
1920 296 565
1920 244 550
1920 426 397
1920 364 890
1920 283 510
1920 443 917
1920 388 378
1920 398 346
1920 104 651
1920 37 711
1920 439 891
1920 460 927
1920 258 546
1920 181 626
1920 101 655
1920 356 819
1920 264 502
1920 405 353
1920 368 1218
1920 41 707
1920 240 535
1920 298 603
1920 258 533
1920 375 834
1920 156 649
1920 239 554
1920 463 1123
1920 166 644
1920 216 626
1920 410 352
1920 378 471
1940 374 294
1940 376 978
1940 473 880
1940 82 641
1940 266 463
1940 263 487
1940 295 556
1940 243 553
1940 363 847
1940 280 489
1940 435 349
1940 456 1146
1940 471 889
1940 381 291
1940 455 871
1940 389 979
1940 256 551
1940 151 494
1940 358 816
1940 467 296
1940 239 537
1940 284 549
1940 377 278
1940 258 532
1940 376 814
1940 288 668
1940 465 1155
1940 149 501
1940 215 613
1940 453 317
1960 29 258
1960 467 477
1960 436 553
1960 338 221
1960 461 537
1960 338 241
1960 301 603
1960 226 495
1960 284 515
1960 450 961
1960 350 216
1960 396 844
1960 251 513
1960 91 434
1960 266 503
1960 305 1079
1960 35 457
1960 333 191
1960 461 518
1960 220 480
1960 302 654
1960 337 210
1960 258 527
1960 376 824
1960 419 547
1960 257 525
1960 261 740
1960 345 199
1960 426 212
1980 28 248
1980 259 488
1980 173 524
1980 267 512
1980 295 557
1980 248 606
1980 364 853
1980 284 513
1980 456 1146
1980 402 824
1980 249 1177
1980 406 1055
1980 258 552
1980 90 454
1980 266 502
1980 36 443
1980 240 544
1980 282 564
1980 258 528
1980 378 831
1980 164 734
1980 375 511
1980 463 1124
1980 446 903
1980 341 191
1980 392 526
