1800 440 210
1800 435 635
1800 456 873
1800 306 1126
1800 274 509
1800 326 1106
1800 327 839
1800 413 896
1800 323 1115
1800 410 789
1800 228 81
1800 463 649
1800 450 698
1800 412 801
1800 432 639
1800 301 1170
1800 378 790
1800 277 568
1800 328 1177
1800 459 644
1800 244 575
1800 315 746
1800 366 769
1800 342 792
1800 414 833
1800 299 766
1800 328 1280
1800 250 529
1800 232 648
1800 419 1003
1800 271 514
1800 435 900
1800 423 617
1800 245 96
1800 304 565
1800 412 830
1820 448 1134
1820 427 412
1820 264 1303
1820 87 463
1820 462 1080
1820 234 1302
1820 284 896
1820 271 499
1820 413 895
1820 232 88
1820 238 599
1820 463 649
1820 447 553
1820 408 674
1820 431 573
1820 212 1382
1820 386 858
1820 246 1258
1820 276 567
1820 458 616
1820 244 572
1820 315 750
1820 402 691
1820 302 779
1820 217 1295
1820 251 537
1820 230 643
1820 270 493
1820 439 884
1820 415 412
1820 302 558
1820 421 934
1840 437 680
1840 373 296
1840 272 501
1840 334 881
1840 124 1373
1840 413 896
1840 322 331
1840 382 335
1840 353 937
1840 114 1379
1840 147 1324
1840 408 641
1840 434 727
1840 349 965
1840 385 844
1840 168 1315
1840 333 719
1840 346 631
1840 276 568
1840 367 312
1840 337 932
1840 353 991
1840 134 1346
1840 244 576
1840 315 746
1840 336 738
1840 397 653
1840 300 770
1840 249 526
1840 230 640
1840 270 497
1840 302 558
1840 414 847
1860 273 506
1860 326 1083
1860 413 896
1860 314 1015
1860 465 813
1860 380 810
1860 333 720
1860 350 687
1860 276 569
1860 244 572
1860 315 747
1860 348 500
1860 393 616
1860 300 767
1860 249 526
1860 230 647
1860 271 501
1860 302 558
1860 413 835
1880 437 181
1880 432 553
1880 463 1087
1880 270 492
1880 328 844
1880 413 896
1880 317 623
1880 239 600
1880 445 522
1880 417 881
1880 428 534
1880 384 835
1880 338 753
1880 356 779
1880 277 568
1880 455 470
1880 245 573
1880 315 747
1880 352 532
1880 409 873
1880 252 540
1880 231 641
1880 268 485
1880 303 559
1880 462 134
1880 413 836
1900 437 182
1900 422 380
1900 456 878
1900 387 500
1900 274 509
1900 414 897
1900 319 313
1900 320 621
1900 465 766
1900 441 470
1900 399 509
1900 395 896
1900 275 570
1900 248 586
1900 316 749
1900 414 833
1900 252 532
1900 230 644
1900 270 505
1900 302 558
1900 414 844
1920 200 655
1920 437 182
1920 421 361
1920 380 366
1920 270 492
1920 413 897
1920 382 337
1920 326 741
1920 235 545
1920 464 712
1920 392 425
1920 379 801
1920 319 450
1920 358 872
1920 276 569
1920 453 502
1920 244 575
1920 315 748
1920 344 829
1920 395 625
1920 300 767
1920 251 535
1920 231 643
1920 419 1002
1920 266 485
1920 34 282
1920 436 858
1920 302 558
1920 462 134
1920 412 825
1940 226 440
1940 451 1195
1940 437 182
1940 421 359
1940 456 875
1940 370 279
1940 271 498
1940 297 799
1940 414 896
1940 382 335
1940 442 1256
1940 355 948
1940 159 540
1940 318 633
1940 445 1261
1940 466 840
1940 454 865
1940 414 827
1940 433 627
1940 349 965
1940 378 790
1940 334 719
1940 355 790
1940 277 569
1940 370 285
1940 359 1048
1940 356 1017
1940 434 280
1940 451 413
1940 240 484
1940 315 747
1940 414 834
1940 300 767
1940 250 531
1940 232 642
1940 433 1246
1940 270 502
1940 439 883
1940 361 1037
1940 407 278
1940 303 558
1940 462 135
1940 411 819
1960 437 182
1960 432 604
1960 462 1082
1960 351 174
1960 265 753
1960 273 505
1960 324 1083
1960 414 897
1960 322 1114
1960 334 1099
1960 227 484
1960 448 573
1960 430 600
1960 386 850
1960 356 845
1960 277 568
1960 328 1177
1960 353 210
1960 430 235
1960 243 552
1960 316 748
1960 416 1172
1960 416 858
1960 248 522
1960 232 644
1960 419 1001
1960 270 494
1960 441 936
1960 401 229
1960 303 559
1960 462 135
1960 415 860
1980 191 539
1980 442 882
1980 88 453
1980 456 874
1980 344 155
1980 309 1144
1980 273 507
1980 329 1126
1980 413 896
1980 329 1150
1980 410 824
1980 343 1159
1980 290 1174
1980 281 1345
1980 366 1194
1980 238 603
1980 467 897
1980 454 863
1980 400 530
1980 439 891
1980 386 848
1980 347 876
1980 283 1201
1980 298 1201
1980 276 567
1980 329 1182
1980 353 210
1980 354 1052
1980 356 1024
1980 462 874
1980 243 574
1980 316 752
1980 350 490
1980 407 1091
1980 414 833
1980 328 1294
1980 253 545
1980 231 644
1980 422 1028
1980 269 504
1980 440 906
1980 265 1217
1980 365 1064
1980 303 558
1980 414 846
