1800 348 959
1800 462 627
1800 282 1209
1800 64 532
1800 221 622
1800 265 679
1800 329 709
1800 259 493
1800 301 559
1800 466 842
1800 295 1145
1800 33 863
1800 396 806
1800 429 805
1800 303 559
1800 262 579
1800 439 603
1800 241 90
1800 289 537
1800 366 763
1800 73 538
1800 421 876
1800 230 601
1820 461 599
1820 216 1323
1820 221 622
1820 259 494
1820 212 1232
1820 301 556
1820 213 1272
1820 293 524
1820 397 836
1820 424 621
1820 399 668
1820 302 567
1820 222 560
1820 295 883
1820 214 1231
1820 262 584
1820 431 403
1820 363 696
1820 303 567
1820 450 1122
1820 99 463
1820 420 850
1820 233 550
1840 362 285
1840 346 908
1840 221 621
1840 329 711
1840 390 944
1840 259 494
1840 299 544
1840 466 760
1840 355 493
1840 33 846
1840 397 829
1840 303 549
1840 263 590
1840 444 695
1840 289 518
1840 361 611
1840 301 628
1840 78 534
1840 421 865
1860 221 627
1860 259 495
1860 299 541
1860 353 506
1860 396 814
1860 303 549
1860 359 815
1860 263 581
1860 289 518
1860 309 610
1860 420 853
1860 232 545
1860 321 185
1880 461 482
1880 64 532
1880 221 621
1880 358 1151
1880 259 499
1880 298 535
1880 343 508
1880 33 845
1880 397 821
1880 424 648
1880 303 550
1880 332 749
1880 359 815
1880 263 582
1880 433 509
1880 289 516
1880 370 833
1880 381 497
1880 421 868
1880 231 538
1900 221 622
1900 325 673
1900 359 1146
1900 259 494
1900 298 537
1900 466 841
1900 354 495
1900 396 809
1900 407 498
1900 303 552
1900 102 776
1900 358 813
1900 263 590
1900 432 461
1900 289 518
1900 370 844
1900 381 498
1900 420 843
1900 231 543
1920 32 254
1920 460 430
1920 464 705
1920 222 630
1920 390 952
1920 259 497
1920 400 340
1920 116 673
1920 299 438
1920 465 703
1920 425 684
1920 401 338
1920 303 553
1920 227 558
1920 262 586
1920 445 701
1920 288 521
1920 371 854
1920 328 475
1920 450 1126
1920 421 859
1920 229 571
1920 429 907
1940 32 252
1940 458 293
1940 221 622
1940 423 307
1940 259 491
1940 394 288
1940 447 865
1940 305 578
1940 396 807
1940 414 587
1940 303 557
1940 235 532
1940 295 687
1940 337 754
1940 358 788
1940 263 578
1940 437 592
1940 155 501
1940 289 514
1940 364 714
1940 161 512
1940 146 549
1940 420 852
1940 233 435
1940 87 614
1960 32 250
1960 354 243
1960 338 226
1960 318 1102
1960 64 524
1960 221 617
1960 263 678
1960 413 230
1960 259 501
1960 447 972
1960 299 546
1960 331 218
1960 413 563
1960 303 559
1960 128 410
1960 358 820
1960 263 595
1960 449 161
1960 437 551
1960 201 490
1960 289 517
1960 373 874
1960 305 576
1960 422 928
1960 238 517
1960 429 935
1980 347 1039
1980 222 634
1980 260 497
1980 242 1148
1980 245 1161
1980 447 886
1980 299 539
1980 467 865
1980 224 1268
1980 395 819
1980 105 462
1980 303 551
1980 262 577
1980 370 836
1980 305 561
1980 379 505
1980 450 1128
1980 99 466
1980 420 859
1980 229 590
1980 317 148
