1800 457 595
1800 415 597
1800 276 1167
1800 25 699
1800 28 221
1800 273 121
1800 255 541
1800 216 887
1800 294 617
1800 194 605
1800 285 595
1800 135 214
1800 408 615
1800 219 915
1800 234 551
1800 462 649
1800 427 846
1800 48 979
1800 358 799
1800 394 792
1800 359 796
1800 421 817
1800 270 1179
1800 289 1168
1800 309 667
1800 68 470
1800 219 521
1800 309 802
1800 454 209
1800 26 686
1800 241 577
1800 275 509
1800 315 680
1800 374 806
1800 296 1168
1800 381 797
1800 219 645
1800 298 557
1800 419 890
1800 205 612
1800 388 961
1800 233 102
1800 234 496
1800 296 1180
1820 450 321
1820 390 651
1820 413 504
1820 26 694
1820 28 218
1820 235 1265
1820 255 544
1820 213 894
1820 285 620
1820 236 1259
1820 388 646
1820 269 612
1820 231 1247
1820 406 518
1820 239 544
1820 462 664
1820 412 380
1820 48 980
1820 356 696
1820 387 827
1820 197 1224
1820 354 867
1820 413 480
1820 281 868
1820 308 675
1820 334 714
1820 252 1331
1820 454 358
1820 26 682
1820 451 689
1820 230 526
1820 273 511
1820 313 699
1820 375 827
1820 230 1236
1820 340 691
1820 372 704
1820 218 632
1820 266 354
1820 87 405
1820 415 673
1820 205 612
1820 386 962
1820 422 153
1840 454 621
1840 374 308
1840 415 650
1840 26 697
1840 27 218
1840 451 622
1840 254 546
1840 289 658
1840 369 349
1840 274 609
1840 319 920
1840 408 666
1840 234 552
1840 461 674
1840 424 660
1840 48 980
1840 384 803
1840 34 795
1840 420 832
1840 281 851
1840 308 681
1840 75 448
1840 340 1004
1840 295 824
1840 334 994
1840 26 681
1840 450 697
1840 242 577
1840 276 507
1840 315 680
1840 373 811
1840 368 493
1840 218 633
1840 296 535
1840 417 648
1840 205 612
1840 385 965
1840 240 480
1840 421 153
1860 387 591
1860 26 694
1860 28 224
1860 255 545
1860 213 891
1860 294 980
1860 200 597
1860 380 543
1860 285 599
1860 239 548
1860 423 862
1860 48 978
1860 323 226
1860 387 802
1860 354 802
1860 412 719
1860 308 681
1860 74 447
1860 293 1056
1860 458 535
1860 26 686
1860 242 577
1860 275 505
1860 322 144
1860 315 684
1860 373 822
1860 333 502
1860 364 621
1860 221 646
1860 297 534
1860 205 613
1860 386 962
1860 323 178
1880 31 376
1880 386 521
1880 26 695
1880 28 225
1880 283 121
1880 183 585
1880 247 554
1880 227 882
1880 295 651
1880 195 586
1880 387 514
1880 276 609
1880 402 513
1880 239 541
1880 460 932
1880 416 663
1880 44 836
1880 349 517
1880 384 833
1880 34 793
1880 357 797
1880 410 481
1880 308 682
1880 335 758
1880 24 387
1880 369 488
1880 457 469
1880 26 690
1880 448 505
1880 282 491
1880 314 693
1880 374 830
1880 331 514
1880 367 498
1880 221 648
1880 445 1167
1880 266 350
1880 85 413
1880 413 907
1880 206 615
1880 386 962
1880 325 318
1880 236 477
1880 418 153
1900 106 800
1900 455 475
1900 385 479
1900 405 451
1900 26 810
1900 28 197
1900 456 812
1900 103 784
1900 214 329
1900 255 545
1900 198 605
1900 386 528
1900 233 547
1900 462 931
1900 42 840
1900 348 523
1900 389 799
1900 91 748
1900 45 662
1900 353 903
1900 411 504
1900 309 661
1900 73 668
1900 362 447
1900 458 407
1900 26 686
1900 449 468
1900 239 581
1900 274 505
1900 314 668
1900 365 841
1900 330 513
1900 367 478
1900 221 651
1900 415 901
1900 205 611
1900 386 962
1900 354 527
1900 237 536
1900 436 390
1920 29 275
1920 117 684
1920 380 392
1920 405 336
1920 26 697
1920 28 198
1920 457 1087
1920 253 549
1920 212 903
1920 195 644
1920 385 531
1920 265 613
1920 164 623
1920 237 549
1920 463 1059
1920 416 360
1920 385 813
1920 104 663
1920 43 705
1920 351 817
1920 304 681
1920 69 670
1920 119 717
1920 28 367
1920 363 419
1920 459 483
1920 27 633
1920 448 472
1920 226 536
1920 276 503
1920 308 450
1920 365 840
1920 213 614
1920 286 482
1920 410 820
1920 206 619
1920 385 965
1920 237 480
1920 425 259
1940 28 391
1940 453 300
1940 375 300
1940 390 255
1940 27 200
1940 453 605
1940 227 416
1940 253 541
1940 295 617
1940 193 616
1940 373 285
1940 287 594
1940 382 213
1940 222 919
1940 240 542
1940 463 899
1940 359 726
1940 394 799
1940 40 737
1940 351 810
1940 421 833
1940 303 682
1940 165 536
1940 77 603
1940 141 516
1940 130 1065
1940 26 381
1940 359 285
1940 458 331
1940 24 714
1940 453 869
1940 223 417
1940 282 489
1940 324 146
1940 315 692
1940 364 854
1940 134 481
1940 344 712
1940 379 721
1940 219 644
1940 288 506
1940 422 870
1940 205 608
1940 387 966
1940 247 471
1940 420 154
1960 30 254
1960 454 502
1960 363 173
1960 390 248
1960 25 839
1960 29 213
1960 455 587
1960 253 545
1960 217 886
1960 302 614
1960 197 476
1960 399 811
1960 306 1075
1960 291 1118
1960 383 212
1960 172 440
1960 220 916
1960 235 771
1960 422 546
1960 325 219
1960 386 799
1960 99 518
1960 35 766
1960 417 835
1960 308 676
1960 128 414
1960 231 495
1960 348 194
1960 455 185
1960 22 733
1960 230 430
1960 276 498
1960 345 206
1960 314 692
1960 374 810
1960 345 812
1960 213 621
1960 294 554
1960 78 389
1960 419 890
1960 205 617
1960 239 537
1960 419 154
1980 28 387
1980 388 254
1980 25 700
1980 28 256
1980 457 902
1980 229 1228
1980 255 543
1980 156 752
1980 226 1144
1980 385 526
1980 273 604
1980 223 1141
1980 379 213
1980 170 510
1980 231 1148
1980 239 545
1980 461 870
1980 425 891
1980 315 231
1980 392 801
1980 110 472
1980 37 777
1980 353 811
1980 304 686
1980 57 758
1980 136 709
1980 246 1206
1980 25 381
1980 371 509
1980 327 988
1980 26 690
1980 452 903
1980 240 578
1980 276 504
1980 330 138
1980 314 695
1980 373 823
1980 368 493
1980 221 649
1980 296 535
1980 90 410
1980 419 891
1980 206 618
1980 385 964
1980 321 186
1980 236 482
1980 423 148
