1800 233 80
1800 457 603
1800 449 650
1800 229 636
1800 266 532
1800 238 538
1800 463 629
1800 442 604
1800 416 815
1800 373 814
1800 421 809
1800 291 590
1800 305 556
1800 361 800
1800 244 524
1800 302 1158
1800 451 655
1800 257 491
1800 407 845
1800 261 497
1800 228 632
1800 256 87
1800 285 532
1820 449 634
1820 228 618
1820 266 531
1820 239 536
1820 462 621
1820 373 827
1820 415 632
1820 292 615
1820 306 553
1820 247 555
1820 451 656
1820 258 490
1820 325 722
1820 407 903
1820 226 1286
1820 261 495
1820 442 899
1820 227 622
1820 285 519
1840 228 620
1840 266 530
1840 340 888
1840 328 906
1840 239 539
1840 410 696
1840 373 825
1840 415 634
1840 293 635
1840 305 545
1840 247 562
1840 345 894
1840 256 490
1840 325 707
1840 407 847
1840 367 495
1840 261 497
1840 226 613
1840 285 529
1860 229 633
1860 266 531
1860 465 865
1860 373 838
1860 421 829
1860 291 590
1860 305 544
1860 354 706
1860 243 518
1860 256 494
1860 324 683
1860 407 848
1860 262 495
1860 227 629
1860 285 518
1880 229 631
1880 267 545
1880 327 657
1880 438 500
1880 373 830
1880 291 590
1880 305 538
1880 362 817
1880 247 559
1880 255 498
1880 407 851
1880 261 497
1880 228 622
1880 285 518
1880 59 864
1900 454 412
1900 453 856
1900 229 632
1900 267 532
1900 330 674
1900 239 533
1900 464 817
1900 434 438
1900 52 632
1900 375 832
1900 292 625
1900 305 549
1900 363 803
1900 241 522
1900 448 492
1900 257 492
1900 325 696
1900 407 846
1900 365 457
1900 261 499
1900 227 632
1900 285 527
1920 399 345
1920 229 636
1920 266 531
1920 388 338
1920 239 540
1920 373 831
1920 422 843
1920 291 590
1920 305 540
1920 362 826
1920 247 553
1920 454 705
1920 257 498
1920 313 455
1920 407 842
1920 261 498
1920 228 625
1920 285 531
1940 229 632
1940 267 526
1940 327 654
1940 240 521
1940 466 877
1940 112 522
1940 422 853
1940 291 590
1940 305 550
1940 98 618
1940 144 492
1940 356 735
1940 243 529
1940 459 310
1940 253 468
1940 407 842
1940 156 514
1940 340 295
1940 258 470
1940 228 629
1940 285 518
1960 229 632
1960 266 530
1960 320 1071
1960 328 1062
1960 439 541
1960 345 211
1960 373 831
1960 291 606
1960 305 547
1960 242 517
1960 360 206
1960 457 212
1960 257 496
1960 410 957
1960 304 1058
1960 443 920
1960 228 626
1960 285 519
1980 453 870
1980 232 621
1980 266 531
1980 239 542
1980 465 855
1980 417 852
1980 373 843
1980 291 610
1980 305 549
1980 363 822
1980 159 725
1980 247 563
1980 32 464
1980 255 502
1980 407 842
1980 365 502
1980 261 508
1980 442 901
1980 285 518
