1800 464 605
1800 289 1157
1800 364 816
1800 311 575
1800 439 821
1800 465 835
1800 402 795
1800 316 670
1800 299 552
1800 279 519
1800 255 499
1800 256 106
1800 257 535
1800 380 784
1800 432 615
1800 215 614
1800 238 81
1820 462 383
1820 362 813
1820 223 1233
1820 440 869
1820 402 850
1820 409 627
1820 317 686
1820 299 554
1820 281 520
1820 353 836
1820 254 498
1820 257 530
1820 382 834
1820 435 673
1820 215 612
1840 466 698
1840 366 835
1840 405 879
1840 411 638
1840 411 615
1840 319 694
1840 295 526
1840 280 522
1840 254 503
1840 258 534
1840 382 831
1840 433 652
1840 214 609
1860 463 541
1860 402 815
1860 419 784
1860 315 670
1860 295 525
1860 280 522
1860 353 822
1860 254 499
1860 257 531
1860 372 679
1860 215 613
1880 67 558
1880 423 495
1880 351 513
1880 41 865
1880 404 876
1880 422 853
1880 404 514
1880 316 664
1880 296 533
1880 282 527
1880 349 786
1880 442 501
1880 260 545
1880 260 542
1880 383 842
1880 217 620
1900 462 383
1900 467 818
1900 231 698
1900 419 445
1900 347 480
1900 464 835
1900 403 860
1900 421 843
1900 403 483
1900 316 668
1900 296 534
1900 282 523
1900 350 818
1900 358 1118
1900 435 384
1900 254 501
1900 261 551
1900 217 627
1920 30 250
1920 463 437
1920 402 330
1920 225 550
1920 362 818
1920 412 361
1920 463 750
1920 372 383
1920 399 756
1920 421 833
1920 407 562
1920 318 697
1920 297 534
1920 280 519
1920 352 826
1920 261 550
1920 372 718
1920 217 622
1920 420 860
1940 30 248
1940 461 328
1940 392 263
1940 70 596
1940 228 561
1940 356 725
1940 465 866
1940 311 1239
1940 358 319
1940 401 816
1940 423 862
1940 299 550
1940 279 519
1940 458 304
1940 432 341
1940 258 541
1940 261 553
1940 377 756
1940 154 515
1940 442 873
1940 215 614
1940 87 601
1960 30 248
1960 465 495
1960 332 203
1960 464 577
1960 67 561
1960 210 472
1960 426 542
1960 441 931
1960 403 867
1960 409 595
1960 318 687
1960 297 528
1960 280 519
1960 349 815
1960 272 676
1960 450 137
1960 444 526
1960 255 501
1960 260 545
1960 382 822
1960 115 387
1960 216 622
1960 408 176
1960 422 951
1980 30 249
1980 185 510
1980 362 816
1980 391 1038
1980 442 897
1980 223 1253
1980 465 868
1980 401 832
1980 105 507
1980 422 856
1980 404 515
1980 319 687
1980 298 537
1980 280 520
1980 357 1045
1980 154 750
1980 255 506
1980 259 538
1980 382 826
1980 217 623
