1800 307 561
1800 262 560
1800 273 104
1800 321 693
1800 221 622
1820 307 568
1820 262 552
1820 290 540
1820 110 488
1820 221 624
1840 307 561
1840 221 626
1860 211 623
1860 307 566
1860 290 542
1860 221 628
1880 307 564
1880 221 626
1900 221 629
1920 307 550
1920 319 479
1920 221 631
1940 211 619
1940 264 488
1940 262 557
1940 290 569
1940 233 442
1940 221 621
1960 216 513
1960 308 550
1960 262 551
1960 167 460
1960 290 535
1960 112 387
1960 220 623
1960 363 848
1980 307 566
1980 262 556
1980 290 544
1980 110 488
