1800 314 814
1800 463 638
1800 286 1131
1800 66 545
1800 222 651
1800 319 678
1800 298 1153
1800 392 1010
1800 286 537
1800 465 853
1800 394 850
1800 423 612
1800 421 804
1800 293 558
1800 262 500
1800 302 661
1800 268 721
1800 244 95
1800 263 552
1800 352 919
1800 319 1218
1800 331 701
1800 426 821
1800 244 537
1800 326 1047
1820 460 391
1820 463 660
1820 222 639
1820 318 680
1820 420 387
1820 394 1126
1820 286 534
1820 283 885
1820 464 774
1820 393 857
1820 423 643
1820 410 625
1820 293 565
1820 262 501
1820 302 661
1820 347 670
1820 233 1265
1820 380 802
1820 434 417
1820 264 551
1820 353 933
1820 428 855
1820 245 542
1840 358 294
1840 318 855
1840 463 697
1840 66 546
1840 222 640
1840 319 696
1840 285 535
1840 367 511
1840 394 874
1840 424 642
1840 411 642
1840 293 559
1840 262 501
1840 302 667
1840 382 805
1840 268 706
1840 264 552
1840 348 875
1840 319 610
1840 364 501
1840 420 775
1840 244 536
1840 323 846
1860 462 541
1860 313 952
1860 66 547
1860 223 654
1860 318 670
1860 286 534
1860 335 710
1860 370 536
1860 391 680
1860 293 563
1860 262 504
1860 302 663
1860 343 498
1860 383 830
1860 264 554
1860 346 822
1860 326 685
1860 368 547
1860 245 539
1860 321 238
1880 461 480
1880 66 546
1880 222 640
1880 317 685
1880 285 531
1880 370 532
1880 394 827
1880 293 565
1880 259 492
1880 302 662
1880 345 517
1880 381 799
1880 349 1149
1880 439 513
1880 264 562
1880 345 786
1880 366 541
1880 245 542
1900 460 430
1900 223 654
1900 317 665
1900 424 451
1900 283 517
1900 331 667
1900 465 822
1900 365 489
1900 393 843
1900 406 484
1900 294 569
1900 260 498
1900 302 662
1900 343 480
1900 382 822
1900 349 1150
1900 457 398
1900 434 386
1900 264 557
1900 346 840
1900 359 477
1900 243 542
1920 30 291
1920 460 439
1920 311 1042
1920 222 648
1920 321 714
1920 416 355
1920 392 1094
1920 286 537
1920 396 350
1920 443 892
1920 157 641
1920 463 707
1920 393 736
1920 430 857
1920 413 663
1920 297 645
1920 261 500
1920 303 660
1920 360 828
1920 381 789
1920 263 549
1920 346 833
1920 319 615
1920 429 870
1920 244 537
1920 421 904
1940 29 267
1940 460 300
1940 351 287
1940 314 988
1940 223 652
1940 319 728
1940 305 1264
1940 283 506
1940 381 262
1940 466 888
1940 350 284
1940 393 851
1940 293 562
1940 257 475
1940 303 665
1940 381 809
1940 453 311
1940 433 346
1940 264 549
1940 342 724
1940 332 1186
1940 430 889
1940 234 437
1940 82 643
1960 29 264
1960 462 505
1960 353 222
1960 334 210
1960 463 603
1960 66 541
1960 222 644
1960 409 230
1960 392 1009
1960 284 518
1960 370 182
1960 444 947
1960 208 929
1960 339 206
1960 394 844
1960 101 543
1960 432 923
1960 292 561
1960 262 504
1960 302 661
1960 358 810
1960 382 810
1960 263 667
1960 449 143
1960 441 553
1960 263 549
1960 351 911
1960 339 1087
1960 109 384
1960 430 944
1960 408 174
1960 423 961
1980 29 265
1980 172 484
1980 222 638
1980 318 673
1980 393 1056
1980 285 530
1980 444 930
1980 154 754
1980 213 1248
1980 260 1208
1980 364 493
1980 335 161
1980 394 831
1980 100 523
1980 406 545
1980 293 560
1980 262 502
1980 302 660
1980 383 839
1980 352 1051
1980 266 685
1980 263 550
1980 348 851
1980 178 502
1980 330 1180
1980 320 615
1980 361 494
1980 244 537
