1800 298 573
1800 318 820
1800 463 625
1800 279 1210
1800 236 573
1800 322 683
1800 299 1252
1800 289 525
1800 90 533
1800 295 587
1800 464 855
1800 290 1139
1800 41 920
1800 387 836
1800 418 871
1800 407 794
1800 311 636
1800 55 525
1800 305 567
1800 253 516
1800 443 643
1800 246 539
1800 279 112
1800 262 566
1800 372 838
1800 303 1191
1800 295 581
1800 89 514
1800 437 611
1800 224 644
1800 237 97
1820 292 574
1820 463 625
1820 253 1318
1820 234 569
1820 322 682
1820 357 845
1820 290 529
1820 220 1232
1820 103 493
1820 294 586
1820 462 1119
1820 42 932
1820 386 853
1820 21 910
1820 414 715
1820 413 654
1820 311 637
1820 69 478
1820 305 566
1820 253 516
1820 236 1264
1820 277 899
1820 246 541
1820 261 563
1820 365 719
1820 292 581
1820 290 517
1820 106 464
1820 438 644
1820 224 641
1840 374 314
1840 212 648
1840 322 685
1840 357 844
1840 290 529
1840 90 534
1840 293 576
1840 361 524
1840 41 922
1840 387 842
1840 16 950
1840 414 718
1840 413 650
1840 65 473
1840 303 555
1840 253 517
1840 246 536
1840 261 563
1840 372 848
1840 293 517
1840 89 518
1840 440 727
1840 224 642
1860 212 649
1860 322 685
1860 357 845
1860 289 525
1860 90 534
1860 295 585
1860 353 548
1860 41 917
1860 388 866
1860 16 950
1860 418 876
1860 311 639
1860 69 459
1860 303 555
1860 252 512
1860 318 188
1860 246 537
1860 261 563
1860 365 711
1860 295 579
1860 89 520
1860 224 644
1860 307 188
1880 22 391
1880 460 457
1880 301 574
1880 461 496
1880 76 611
1880 235 571
1880 322 687
1880 57 888
1880 404 551
1880 357 840
1880 290 528
1880 70 605
1880 295 589
1880 351 558
1880 91 598
1880 418 874
1880 305 565
1880 445 521
1880 246 538
1880 262 567
1880 372 850
1880 297 584
1880 295 521
1880 87 607
1880 74 573
1880 224 645
1900 461 413
1900 357 507
1900 306 570
1900 461 494
1900 69 661
1900 210 653
1900 322 684
1900 357 842
1900 290 531
1900 53 668
1900 294 585
1900 464 822
1900 359 483
1900 72 674
1900 52 708
1900 417 868
1900 409 471
1900 311 649
1900 304 556
1900 253 516
1900 452 391
1900 20 673
1900 446 426
1900 246 536
1900 262 569
1900 372 847
1900 298 583
1900 297 522
1900 440 831
1900 224 644
1900 100 753
1920 460 463
1920 370 377
1920 312 488
1920 24 218
1920 463 715
1920 53 737
1920 180 666
1920 234 576
1920 173 649
1920 324 706
1920 413 370
1920 357 847
1920 290 528
1920 308 499
1920 52 715
1920 418 875
1920 410 541
1920 312 649
1920 182 618
1920 99 736
1920 305 565
1920 255 527
1920 105 721
1920 246 541
1920 262 567
1920 373 851
1920 188 619
1920 308 505
1920 307 446
1920 451 1127
1920 224 644
1920 101 744
1940 31 271
1940 459 295
1940 376 324
1940 347 303
1940 24 217
1940 76 614
1940 235 451
1940 357 846
1940 290 528
1940 295 586
1940 465 937
1940 92 600
1940 418 875
1940 415 596
1940 311 641
1940 151 508
1940 305 565
1940 244 625
1940 27 459
1940 453 338
1940 443 346
1940 161 575
1940 246 535
1940 262 566
1940 365 724
1940 295 578
1940 294 515
1940 84 594
1940 437 607
1940 224 644
1960 31 271
1960 459 518
1960 341 240
1960 216 626
1960 260 725
1960 322 685
1960 357 842
1960 290 527
1960 363 214
1960 442 961
1960 110 465
1960 293 576
1960 355 216
1960 412 989
1960 415 595
1960 311 630
1960 305 564
1960 253 519
1960 289 1099
1960 454 180
1960 444 570
1960 245 548
1960 262 566
1960 372 851
1960 334 251
1960 113 432
1960 437 603
1960 225 645
1960 427 992
1980 32 277
1980 353 507
1980 235 574
1980 155 739
1980 322 685
1980 357 829
1980 291 525
1980 152 753
1980 110 459
1980 294 575
1980 465 934
1980 246 1244
1980 362 480
1980 350 162
1980 387 834
1980 103 499
1980 35 806
1980 418 871
1980 409 485
1980 311 636
1980 69 458
1980 305 563
1980 253 516
1980 241 1150
1980 16 710
1980 186 492
1980 245 541
1980 262 564
1980 372 842
1980 192 536
1980 293 570
1980 292 518
1980 111 528
1980 106 463
1980 225 644
1980 405 146
