1800 457 816
1800 256 124
1800 452 645
1800 45 881
1800 361 752
1800 278 655
1800 265 524
1800 340 836
1800 320 643
1800 393 772
1800 320 820
1800 301 539
1800 219 610
1800 419 834
1820 412 368
1820 281 493
1820 428 611
1820 226 1255
1820 94 463
1820 367 826
1820 278 655
1820 282 501
1820 265 524
1820 319 648
1820 385 718
1820 301 538
1820 220 600
1820 419 833
1820 425 827
1840 281 487
1840 326 821
1840 94 464
1840 278 658
1840 282 504
1840 265 524
1840 340 836
1840 346 333
1840 218 582
1840 319 654
1840 386 662
1840 302 538
1840 220 600
1840 419 834
1860 434 268
1860 281 485
1860 321 475
1860 399 762
1860 361 741
1860 278 657
1860 282 498
1860 265 524
1860 340 835
1860 320 648
1860 386 662
1860 302 538
1860 219 614
1860 419 833
1880 448 1122
1880 421 501
1880 62 567
1880 282 476
1880 322 741
1880 325 492
1880 86 586
1880 401 896
1880 394 513
1880 364 877
1880 278 655
1880 282 497
1880 265 524
1880 340 835
1880 460 434
1880 319 649
1880 395 824
1880 320 820
1880 302 538
1880 219 609
1880 424 835
1900 412 372
1900 457 801
1900 202 615
1900 257 705
1900 450 385
1900 79 632
1900 396 478
1900 364 877
1900 277 666
1900 282 497
1900 265 523
1900 340 835
1900 319 645
1900 301 539
1900 220 602
1900 419 835
1920 171 573
1920 413 364
1920 282 477
1920 402 346
1920 322 449
1920 85 645
1920 452 673
1920 449 397
1920 398 766
1920 364 877
1920 277 664
1920 282 495
1920 149 653
1920 264 524
1920 340 835
1920 214 550
1920 319 648
1920 302 536
1920 319 471
1920 419 833
1920 394 962
1920 233 515
1920 419 766
1940 457 809
1940 203 611
1940 281 481
1940 105 498
1940 443 301
1940 428 601
1940 86 613
1940 397 801
1940 361 760
1940 278 655
1940 104 627
1940 282 498
1940 265 523
1940 340 834
1940 318 662
1940 395 826
1940 301 538
1940 219 608
1940 419 872
1940 440 823
1940 394 961
1940 236 483
1940 452 277
1940 424 828
1960 426 191
1960 62 570
1960 101 396
1960 452 560
1960 428 595
1960 95 464
1960 278 657
1960 282 495
1960 265 523
1960 332 226
1960 319 660
1960 302 537
1960 220 602
1960 236 486
1960 445 152
1960 424 843
1980 426 192
1980 207 620
1980 281 486
1980 94 463
1980 396 491
1980 364 877
1980 277 657
1980 282 500
1980 265 523
1980 340 834
1980 318 679
1980 302 537
1980 419 833
1980 234 512
