1800 432 849
1800 304 630
1800 283 87
1800 72 484
1800 241 548
1800 264 508
1820 84 422
1820 72 258
1820 101 494
1820 450 684
1820 73 487
1820 268 511
1840 359 617
1840 72 483
1840 289 552
1840 294 565
1840 237 538
1840 262 508
1860 370 690
1860 371 97
1860 72 483
1860 292 645
1860 364 562
1860 263 508
1880 272 487
1880 282 554
1880 281 593
1880 264 508
1900 370 98
1900 66 634
1900 75 714
1900 445 380
1920 38 282
1920 328 478
1920 407 394
1920 75 699
1940 277 671
1940 120 511
1940 418 559
1940 271 487
1940 291 553
1940 290 553
1960 446 998
1960 367 175
1960 417 557
1960 291 576
1960 221 473
1960 324 210
1960 287 551
1960 290 553
1960 265 509
1980 372 96
1980 446 875
1980 265 478
1980 282 552
1980 290 550
1980 20 212
1980 263 507
