1800 455 583
1800 219 645
1800 265 560
1800 303 549
1800 71 71
1800 461 647
1800 417 762
1800 385 924
1800 400 886
1800 331 756
1800 283 533
1800 356 830
1800 238 521
1800 458 585
1800 231 492
1800 318 679
1800 287 526
1800 367 838
1800 220 638
1800 451 853
1800 271 495
1800 403 845
1820 455 578
1820 222 648
1820 265 560
1820 302 548
1820 404 633
1820 309 740
1820 71 71
1820 461 546
1820 418 622
1820 385 924
1820 402 885
1820 283 534
1820 358 834
1820 238 521
1820 339 1166
1820 17 371
1820 457 529
1820 312 666
1820 288 528
1820 365 849
1820 313 721
1820 220 639
1820 211 601
1820 271 495
1820 403 832
1840 455 583
1840 221 647
1840 265 560
1840 303 549
1840 318 884
1840 68 84
1840 272 411
1840 461 557
1840 443 529
1840 412 576
1840 384 699
1840 396 615
1840 323 754
1840 283 534
1840 352 821
1840 238 522
1840 457 529
1840 314 663
1840 287 527
1840 365 857
1840 308 341
1840 221 639
1840 205 607
1840 271 495
1840 403 841
1860 456 499
1860 396 439
1860 457 962
1860 221 642
1860 265 561
1860 303 549
1860 319 897
1860 462 732
1860 417 607
1860 399 619
1860 324 754
1860 283 534
1860 350 837
1860 238 522
1860 311 667
1860 288 527
1860 365 857
1860 322 371
1860 220 638
1860 450 840
1860 211 598
1860 271 495
1860 453 288
1860 403 843
1880 455 485
1880 396 429
1880 222 651
1880 265 561
1880 303 549
1880 407 589
1880 440 338
1880 385 924
1880 323 758
1880 283 533
1880 351 828
1880 238 521
1880 61 551
1880 311 669
1880 288 520
1880 364 855
1880 322 373
1880 219 637
1880 451 1105
1880 271 495
1880 449 173
1880 403 840
1900 454 468
1900 392 398
1900 456 894
1900 221 644
1900 265 560
1900 303 549
1900 78 772
1900 405 535
1900 461 882
1900 440 345
1900 51 738
1900 417 601
1900 385 922
1900 400 887
1900 328 741
1900 282 537
1900 351 826
1900 238 522
1900 311 669
1900 288 522
1900 364 855
1900 322 373
1900 220 637
1900 449 1187
1900 209 588
1900 271 495
1900 403 841
1920 453 459
1920 384 318
1920 29 264
1920 456 894
1920 108 693
1920 219 589
1920 265 560
1920 236 884
1920 303 548
1920 394 345
1920 445 1160
1920 281 396
1920 461 736
1920 440 345
1920 51 733
1920 413 701
1920 384 728
1920 399 753
1920 328 749
1920 283 533
1920 351 827
1920 238 522
1920 233 504
1920 313 660
1920 289 525
1920 365 856
1920 219 636
1920 449 1180
1920 450 829
1920 201 641
1920 271 495
1920 403 843
1940 456 654
1940 376 294
1940 29 272
1940 454 885
1940 222 649
1940 265 560
1940 236 891
1940 303 549
1940 68 94
1940 339 295
1940 93 550
1940 115 547
1940 272 418
1940 460 898
1940 438 343
1940 414 709
1940 115 506
1940 389 744
1940 400 884
1940 283 534
1940 152 440
1940 351 829
1940 238 522
1940 228 483
1940 312 667
1940 364 850
1940 156 519
1940 316 364
1940 219 636
1940 213 619
1940 272 496
1940 403 843
1960 456 510
1960 378 295
1960 28 257
1960 218 526
1960 265 561
1960 303 549
1960 77 794
1960 78 88
1960 83 565
1960 443 525
1960 343 231
1960 416 734
1960 91 540
1960 400 881
1960 331 757
1960 283 534
1960 88 577
1960 149 438
1960 351 840
1960 237 522
1960 336 1111
1960 380 235
1960 62 539
1960 222 484
1960 312 666
1960 345 158
1960 364 856
1960 312 713
1960 221 639
1960 451 863
1960 203 619
1960 327 190
1960 271 495
1960 449 176
1960 403 853
1980 456 646
1980 28 263
1980 219 641
1980 265 560
1980 303 549
1980 73 845
1980 384 917
1980 400 887
1980 283 533
1980 351 826
1980 238 521
1980 381 1067
1980 230 496
1980 312 664
1980 339 143
1980 289 523
1980 365 852
1980 221 639
1980 448 1036
1980 90 322
1980 202 587
1980 351 93
1980 271 495
1980 403 840
