1800 454 610
1800 223 117
1800 257 530
1800 303 569
1800 443 814
1800 280 567
1800 93 556
1800 277 650
1800 82 479
1800 366 766
1800 283 518
1800 289 1173
1800 320 879
1800 459 635
1800 261 533
1800 285 103
1800 306 598
1800 376 771
1800 321 668
1800 208 603
1800 397 981
1800 227 80
1820 464 337
1820 454 617
1820 232 1254
1820 256 548
1820 300 556
1820 237 1299
1820 331 662
1820 239 1268
1820 444 841
1820 421 430
1820 411 505
1820 290 886
1820 277 659
1820 280 518
1820 260 526
1820 302 580
1820 382 862
1820 322 709
1820 103 447
1820 422 636
1820 214 626
1840 342 325
1840 456 683
1840 255 536
1840 312 629
1840 337 858
1840 327 723
1840 274 536
1840 385 625
1840 420 624
1840 282 517
1840 316 849
1840 352 835
1840 459 604
1840 249 497
1840 309 609
1840 380 822
1840 320 695
1840 422 651
1840 215 622
1860 256 517
1860 301 559
1860 277 554
1860 324 218
1860 379 547
1860 283 693
1860 357 671
1860 281 511
1860 352 827
1860 248 496
1860 379 832
1860 321 680
1860 217 637
1880 299 547
1880 281 569
1880 423 504
1880 383 578
1880 283 693
1880 370 809
1880 29 359
1880 355 849
1880 458 561
1880 305 586
1880 386 897
1880 450 1117
1880 212 626
1880 64 862
1900 464 382
1900 257 542
1900 302 567
1900 464 833
1900 422 443
1900 395 794
1900 413 532
1900 287 705
1900 359 868
1900 456 471
1900 314 590
1900 381 828
1900 321 680
1900 378 467
1900 209 607
1920 107 705
1920 400 335
1920 456 705
1920 186 622
1920 307 624
1920 332 695
1920 280 569
1920 463 752
1920 414 347
1920 413 530
1920 278 659
1920 169 614
1920 285 513
1920 359 866
1920 456 488
1920 261 531
1920 297 425
1920 381 829
1920 316 682
1920 373 374
1920 451 1078
1920 216 639
1940 346 282
1940 387 260
1940 270 609
1940 299 544
1940 331 726
1940 136 499
1940 274 515
1940 465 863
1940 338 291
1940 277 648
1940 275 482
1940 247 913
1940 252 505
1940 304 666
1940 375 770
1940 213 629
1940 233 422
1960 452 587
1960 257 534
1960 301 557
1960 448 938
1960 274 534
1960 323 217
1960 418 955
1960 416 595
1960 311 1121
1960 175 479
1960 109 383
1960 369 797
1960 285 515
1960 343 208
1960 354 839
1960 453 185
1960 240 437
1960 253 493
1960 303 602
1960 323 691
1960 170 470
1960 299 270
1960 107 390
1960 211 626
1960 234 430
1980 29 240
1980 258 1169
1980 256 540
1980 319 688
1980 273 1187
1980 447 932
1980 274 537
1980 465 874
1980 98 465
1980 70 403
1980 105 439
1980 372 812
1980 284 510
1980 30 384
1980 353 836
1980 382 829
1980 322 683
1980 376 481
1980 450 1117
1980 105 444
1980 214 635
1980 402 1026
1980 326 147
