1800 439 826
1800 397 824
1800 438 837
1800 287 1128
1800 267 568
1800 301 655
1800 190 1322
1800 368 762
1800 321 814
1800 218 634
1800 404 827
1800 284 531
1800 288 1142
1800 240 534
1800 454 631
1800 310 665
1800 276 593
1800 301 572
1800 260 503
1820 415 645
1820 380 845
1820 265 569
1820 306 661
1820 218 630
1820 416 844
1820 458 1073
1820 283 532
1820 278 863
1820 243 539
1820 222 1228
1820 413 525
1820 428 515
1820 306 667
1820 276 685
1820 412 632
1820 378 841
1820 299 570
1820 260 501
1840 401 661
1840 380 855
1840 263 572
1840 291 667
1840 153 1330
1840 395 845
1840 220 631
1840 416 830
1840 360 499
1840 285 530
1840 243 538
1840 308 686
1840 279 681
1840 363 623
1840 325 870
1840 298 571
1840 262 500
1860 386 685
1860 388 800
1860 268 569
1860 309 666
1860 383 859
1860 218 633
1860 402 840
1860 348 507
1860 287 530
1860 244 538
1860 313 673
1860 282 665
1860 373 558
1860 355 846
1860 298 579
1860 260 505
1860 328 204
1880 364 856
1880 265 569
1880 302 671
1880 363 782
1880 329 752
1880 220 626
1880 408 834
1880 348 514
1880 289 527
1880 244 537
1880 436 510
1880 432 507
1880 307 665
1880 463 434
1880 300 567
1880 274 497
1900 457 822
1900 375 851
1900 265 567
1900 302 667
1900 362 831
1900 219 634
1900 404 842
1900 462 1118
1900 356 518
1900 290 530
1900 244 536
1900 397 503
1900 459 793
1900 245 706
1900 306 669
1900 433 384
1900 396 835
1900 240 673
1900 306 577
1900 263 501
1920 389 740
1920 365 852
1920 407 890
1920 269 566
1920 299 661
1920 158 651
1920 376 773
1920 221 636
1920 403 803
1920 107 687
1920 286 532
1920 177 613
1920 240 535
1920 456 706
1920 306 667
1920 394 545
1920 306 594
1920 264 506
1920 297 438
1920 188 624
1920 377 369
1940 146 496
1940 462 872
1940 396 281
1940 374 823
1940 268 570
1940 293 676
1940 360 728
1940 220 631
1940 407 819
1940 103 588
1940 452 334
1940 288 530
1940 239 532
1940 419 381
1940 423 567
1940 321 673
1940 279 663
1940 354 753
1940 300 569
1940 263 480
1940 448 297
1960 96 420
1960 399 862
1960 407 1015
1960 122 383
1960 202 756
1960 262 573
1960 305 671
1960 218 631
1960 431 954
1960 288 530
1960 242 529
1960 34 541
1960 427 547
1960 366 217
1960 307 672
1960 218 476
1960 301 570
1960 265 503
1960 160 439
1980 93 457
1980 178 489
1980 383 857
1980 383 1026
1980 293 1192
1980 113 251
1980 264 567
1980 296 663
1980 353 824
1980 217 626
1980 397 829
1980 448 1024
1980 362 495
1980 288 530
1980 277 1169
1980 274 1168
1980 240 536
1980 353 1011
1980 52 423
1980 375 475
1980 321 659
1980 391 840
1980 300 572
1980 64 285
1980 265 504
1980 170 703
