1800 440 833
1800 391 806
1800 434 830
1800 288 1119
1800 264 569
1800 280 601
1800 365 765
1800 318 815
1800 218 632
1800 402 823
1800 282 531
1800 287 1134
1800 239 532
1800 449 594
1800 306 655
1800 268 567
1800 302 571
1800 260 502
1820 408 641
1820 378 839
1820 259 570
1820 239 1304
1820 299 670
1820 214 628
1820 407 829
1820 416 384
1820 282 528
1820 271 855
1820 241 539
1820 219 1231
1820 429 512
1820 303 661
1820 277 667
1820 410 643
1820 301 569
1820 260 501
1840 396 659
1840 367 857
1840 261 575
1840 277 670
1840 148 1324
1840 218 627
1840 409 811
1840 359 502
1840 284 528
1840 243 531
1840 359 846
1840 300 679
1840 281 675
1840 367 632
1840 325 867
1840 296 548
1840 261 500
1860 384 687
1860 263 569
1860 284 622
1860 357 836
1860 217 631
1860 399 852
1860 370 557
1860 60 930
1860 288 528
1860 242 537
1860 305 666
1860 279 663
1860 373 558
1860 296 578
1860 261 504
1880 355 851
1880 263 572
1880 283 623
1880 352 825
1880 314 696
1880 218 626
1880 400 830
1880 355 534
1880 287 524
1880 240 534
1880 429 499
1880 306 668
1880 299 569
1880 272 494
1900 378 853
1900 271 541
1900 299 669
1900 372 839
1900 218 630
1900 398 835
1900 365 491
1900 285 530
1900 242 532
1900 388 495
1900 473 758
1900 305 668
1900 434 383
1900 294 580
1900 261 497
1900 439 387
1920 388 748
1920 365 856
1920 397 850
1920 265 555
1920 297 665
1920 365 810
1920 221 636
1920 406 816
1920 99 692
1920 409 347
1920 285 530
1920 313 465
1920 170 612
1920 236 537
1920 373 868
1920 18 512
1920 400 540
1920 297 683
1920 392 541
1920 302 581
1920 263 505
1920 94 682
1920 294 439
1920 173 608
1920 371 369
1940 380 262
1940 140 494
1940 379 261
1940 261 573
1940 279 672
1940 352 732
1940 218 628
1940 402 832
1940 105 588
1940 449 333
1940 288 528
1940 231 530
1940 353 836
1940 319 670
1940 300 568
1940 260 469
1940 436 281
1960 107 472
1960 365 201
1960 393 870
1960 399 1007
1960 122 382
1960 195 754
1960 258 572
1960 299 678
1960 359 815
1960 213 626
1960 422 922
1960 429 941
1960 287 530
1960 237 529
1960 18 557
1960 429 547
1960 302 684
1960 219 474
1960 301 569
1960 265 502
1960 156 438
1980 104 456
1980 365 856
1980 366 1009
1980 268 1168
1980 261 567
1980 269 1239
1980 275 597
1980 354 824
1980 207 630
1980 395 819
1980 443 976
1980 357 493
1980 287 529
1980 262 1156
1980 236 533
1980 358 1030
1980 39 419
1980 371 476
1980 314 666
1980 158 725
1980 300 563
1980 55 268
1980 264 505
1980 105 420
