1800 385 801
1800 365 760
1800 431 840
1800 294 1114
1800 240 59
1800 279 604
1800 320 824
1800 224 636
1800 418 835
1800 294 529
1800 287 1151
1800 255 525
1800 304 1163
1800 15 697
1800 426 825
1800 469 663
1800 308 649
1800 391 815
1800 310 585
1800 271 505
1820 362 695
1820 362 838
1820 275 576
1820 210 1288
1820 415 844
1820 387 859
1820 224 622
1820 429 859
1820 211 1232
1820 457 622
1820 294 538
1820 258 508
1820 10 677
1820 408 641
1820 441 608
1820 362 875
1820 420 638
1820 311 604
1820 19 380
1820 270 500
1840 409 824
1840 352 837
1840 281 621
1840 186 1360
1840 318 895
1840 226 630
1840 377 518
1840 297 536
1840 257 520
1840 327 684
1840 414 640
1840 308 589
1840 271 502
1860 368 693
1860 350 835
1860 277 590
1860 224 634
1860 414 844
1860 296 534
1860 257 511
1860 342 492
1860 336 753
1860 384 557
1860 63 897
1860 326 644
1860 270 506
1880 400 848
1880 351 855
1880 283 603
1880 335 749
1880 372 880
1880 227 620
1880 374 519
1880 299 531
1880 66 531
1880 258 540
1880 14 699
1880 348 509
1880 437 513
1880 331 695
1880 393 523
1880 306 576
1880 284 506
1900 343 858
1900 93 724
1900 469 885
1900 287 607
1900 429 400
1900 364 840
1900 402 870
1900 238 670
1900 229 624
1900 452 843
1900 376 502
1900 300 545
1900 65 771
1900 255 508
1900 14 638
1900 350 467
1900 323 679
1900 99 773
1900 272 503
1920 386 830
1920 350 831
1920 90 703
1920 427 913
1920 180 618
1920 285 598
1920 320 470
1920 391 876
1920 401 937
1920 227 635
1920 428 908
1920 119 691
1920 417 390
1920 302 565
1920 325 478
1920 255 537
1920 22 511
1920 371 593
1920 463 697
1920 310 672
1920 442 435
1920 424 921
1920 333 632
1920 274 502
1920 317 464
1920 378 375
1940 361 731
1940 352 816
1940 276 592
1940 370 281
1940 345 753
1940 236 623
1940 445 881
1940 470 892
1940 448 341
1940 298 531
1940 80 595
1940 255 526
1940 322 672
1940 262 481
1940 312 584
1940 270 472
1940 380 259
1940 446 300
1960 359 846
1960 219 472
1960 412 1008
1960 121 382
1960 282 601
1960 358 831
1960 408 1006
1960 230 634
1960 436 975
1960 299 539
1960 409 279
1960 259 523
1960 19 540
1960 412 575
1960 434 184
1960 441 560
1960 332 200
1960 416 1001
1960 245 508
1960 309 579
1960 280 521
1960 164 429
1980 444 884
1980 355 842
1980 394 1021
1980 87 280
1980 277 591
1980 272 1289
1980 360 839
1980 222 629
1980 411 849
1980 372 483
1980 297 535
1980 248 1156
1980 258 524
1980 386 484
1980 474 940
1980 383 858
1980 159 718
1980 316 603
1980 34 410
1980 276 509
1980 168 496
