1800 426 819
1800 385 781
1800 394 808
1800 295 1113
1800 260 519
1800 288 529
1800 318 813
1800 273 530
1800 221 623
1800 405 814
1800 471 897
1800 283 526
1800 297 1114
1800 236 524
1800 12 635
1800 445 602
1800 471 634
1800 391 808
1800 52 903
1800 305 565
1800 261 498
1820 386 673
1820 367 811
1820 260 499
1820 219 1232
1820 293 563
1820 271 613
1820 218 624
1820 422 836
1820 441 415
1820 284 524
1820 241 530
1820 224 1226
1820 434 519
1820 339 672
1820 410 635
1820 302 563
1820 261 495
1840 392 651
1840 383 832
1840 260 535
1840 282 606
1840 177 1373
1840 364 846
1840 219 625
1840 422 631
1840 285 522
1840 239 525
1840 400 862
1840 357 502
1840 315 664
1840 379 642
1840 326 821
1840 305 563
1840 262 496
1860 367 673
1860 367 828
1860 259 518
1860 296 568
1860 362 828
1860 219 620
1860 405 816
1860 367 555
1860 289 522
1860 239 529
1860 10 651
1860 339 491
1860 313 649
1860 376 555
1860 394 832
1860 60 894
1860 312 587
1860 262 496
1880 350 787
1880 269 551
1880 290 574
1880 335 713
1880 309 634
1880 220 618
1880 427 491
1880 288 518
1880 236 524
1880 11 650
1880 346 511
1880 432 492
1880 318 660
1880 438 508
1880 305 560
1880 271 490
1900 453 827
1900 358 818
1900 69 624
1900 465 803
1900 262 506
1900 296 639
1900 359 819
1900 277 583
1900 223 625
1900 407 822
1900 376 492
1900 292 522
1900 240 520
1900 342 467
1900 433 378
1900 467 787
1900 315 547
1900 438 379
1900 94 735
1900 310 573
1900 259 494
1920 371 731
1920 365 777
1920 81 670
1920 410 874
1920 263 523
1920 294 621
1920 220 631
1920 414 715
1920 100 664
1920 414 337
1920 294 522
1920 328 471
1920 174 604
1920 231 534
1920 21 499
1920 189 598
1920 395 537
1920 396 738
1920 168 611
1920 304 569
1920 262 497
1920 105 661
1920 394 340
1920 370 355
1940 146 479
1940 366 726
1940 358 718
1940 25 737
1940 386 770
1940 256 526
1940 287 594
1940 364 727
1940 295 677
1940 218 622
1940 420 843
1940 111 556
1940 454 293
1940 290 519
1940 223 411
1940 358 873
1940 392 267
1940 322 671
1940 302 562
1940 258 458
1940 436 256
1960 368 820
1960 393 987
1960 129 373
1960 257 535
1960 298 669
1960 282 649
1960 213 620
1960 428 939
1960 289 524
1960 437 155
1960 232 471
1960 371 1091
1960 451 127
1960 434 539
1960 367 174
1960 416 1007
1960 303 561
1960 268 503
1980 453 876
1980 353 822
1980 381 975
1980 260 525
1980 299 1221
1980 289 554
1980 83 400
1980 353 828
1980 205 622
1980 399 812
1980 448 896
1980 286 524
1980 251 1144
1980 75 411
1980 233 533
1980 368 978
1980 350 482
1980 477 933
1980 392 823
1980 305 562
1980 45 259
1980 266 499
