1800 439 829
1800 390 820
1800 438 834
1800 290 1118
1800 265 568
1800 299 657
1800 194 1324
1800 368 762
1800 323 813
1800 220 633
1800 401 828
1800 284 531
1800 289 1128
1800 318 819
1800 239 533
1800 458 630
1800 307 658
1800 280 594
1800 301 571
1800 259 502
1820 409 639
1820 374 838
1820 263 572
1820 301 675
1820 218 631
1820 411 837
1820 456 1071
1820 283 531
1820 273 852
1820 242 536
1820 216 1231
1820 416 517
1820 451 641
1820 305 666
1820 272 714
1820 410 641
1820 300 569
1820 260 500
1820 448 464
1840 393 655
1840 376 855
1840 262 572
1840 286 673
1840 157 1338
1840 220 630
1840 409 836
1840 358 499
1840 285 529
1840 361 842
1840 242 535
1840 308 685
1840 276 682
1840 366 628
1840 324 870
1840 299 569
1840 260 500
1860 383 690
1860 364 832
1860 264 567
1860 304 670
1860 377 707
1860 219 631
1860 401 844
1860 342 501
1860 288 529
1860 243 536
1860 311 672
1860 282 668
1860 373 559
1860 300 577
1860 260 504
1860 319 190
1880 356 840
1880 263 569
1880 299 686
1880 362 787
1880 327 752
1880 220 627
1880 402 838
1880 346 514
1880 288 526
1880 240 534
1880 437 509
1880 431 501
1880 309 666
1880 464 437
1880 301 572
1880 272 496
1900 455 827
1900 371 846
1900 263 564
1900 299 672
1900 393 833
1900 220 632
1900 400 842
1900 463 1093
1900 350 513
1900 289 528
1900 242 534
1900 405 492
1900 460 823
1900 243 698
1900 305 668
1900 435 386
1900 237 680
1900 305 574
1900 262 498
1920 389 745
1920 368 838
1920 405 865
1920 266 561
1920 296 664
1920 157 650
1920 379 740
1920 222 635
1920 403 803
1920 103 687
1920 284 530
1920 174 608
1920 238 533
1920 32 516
1920 455 703
1920 304 662
1920 393 541
1920 311 595
1920 263 505
1920 110 678
1920 296 437
1920 181 612
1920 375 368
1940 144 495
1940 458 868
1940 394 277
1940 363 813
1940 264 571
1940 291 676
1940 390 268
1940 364 726
1940 221 629
1940 402 817
1940 103 595
1940 449 333
1940 288 528
1940 236 532
1940 350 846
1940 14 581
1940 427 324
1940 426 570
1940 321 671
1940 352 741
1940 300 569
1940 262 483
1940 387 265
1960 92 482
1960 387 215
1960 394 866
1960 407 1010
1960 122 382
1960 202 758
1960 261 574
1960 302 674
1960 219 629
1960 432 947
1960 289 530
1960 242 527
1960 23 734
1960 427 545
1960 375 219
1960 268 721
1960 305 669
1960 217 476
1960 302 569
1960 52 449
1960 265 503
1960 156 438
1980 100 443
1980 181 490
1980 376 855
1980 394 1020
1980 278 1163
1980 263 568
1980 294 665
1980 353 830
1980 217 624
1980 397 825
1980 449 1037
1980 360 492
1980 288 528
1980 282 1170
1980 265 1152
1980 238 532
1980 354 1012
1980 49 420
1980 381 482
1980 343 108
1980 314 618
1980 380 857
1980 375 1036
1980 302 569
1980 72 321
1980 264 504
1980 153 706
