1800 438 827
1800 390 819
1800 439 833
1800 286 1127
1800 266 567
1800 303 647
1800 367 761
1800 319 813
1800 253 67
1800 219 634
1800 404 827
1800 282 530
1800 291 1145
1800 319 814
1800 238 531
1800 458 627
1800 309 660
1800 282 579
1800 301 570
1800 259 501
1820 412 643
1820 373 839
1820 264 568
1820 305 666
1820 413 640
1820 217 629
1820 414 838
1820 282 530
1820 274 855
1820 241 535
1820 221 1223
1820 419 517
1820 429 513
1820 306 668
1820 281 664
1820 412 644
1820 299 568
1820 260 499
1840 402 664
1840 376 853
1840 260 572
1840 288 675
1840 393 849
1840 219 630
1840 412 828
1840 359 501
1840 284 527
1840 241 535
1840 307 686
1840 281 679
1840 366 624
1840 323 869
1840 298 568
1840 261 500
1860 384 688
1860 357 829
1860 264 567
1860 306 668
1860 355 830
1860 219 632
1860 402 844
1860 342 502
1860 287 528
1860 242 536
1860 308 669
1860 280 665
1860 374 556
1860 377 690
1860 298 573
1860 260 503
1880 354 837
1880 263 567
1880 302 680
1880 362 785
1880 316 727
1880 219 625
1880 402 836
1880 346 515
1880 286 523
1880 239 533
1880 438 508
1880 430 501
1880 306 670
1880 463 435
1880 300 562
1880 272 496
1900 457 824
1900 373 846
1900 276 532
1900 300 669
1900 384 848
1900 219 632
1900 400 838
1900 349 523
1900 287 528
1900 241 534
1900 409 498
1900 465 815
1900 243 687
1900 306 667
1900 436 386
1900 231 654
1900 303 570
1900 261 498
1920 391 745
1920 364 842
1920 403 884
1920 264 559
1920 298 665
1920 156 649
1920 381 743
1920 220 636
1920 407 801
1920 100 690
1920 281 526
1920 166 613
1920 237 533
1920 453 708
1920 304 664
1920 394 543
1920 305 590
1920 264 505
1920 105 674
1920 295 438
1920 177 612
1920 376 368
1940 141 494
1940 455 865
1940 368 740
1940 263 572
1940 291 672
1940 391 267
1940 356 730
1940 219 630
1940 405 820
1940 103 593
1940 447 345
1940 286 527
1940 233 525
1940 353 853
1940 20 420
1940 440 368
1940 426 570
1940 321 674
1940 355 735
1940 300 568
1940 262 479
1940 442 275
1960 92 406
1960 392 863
1960 407 1009
1960 122 382
1960 201 757
1960 261 570
1960 304 673
1960 394 861
1960 217 628
1960 423 919
1960 59 510
1960 431 946
1960 287 528
1960 231 479
1960 33 545
1960 425 544
1960 264 720
1960 307 668
1960 215 474
1960 301 568
1960 265 502
1960 160 432
1980 79 431
1980 176 487
1980 372 857
1980 383 1036
1980 260 567
1980 298 665
1980 352 829
1980 217 624
1980 397 829
1980 449 1029
1980 362 496
1980 286 528
1980 267 1175
1980 264 1164
1980 237 532
1980 353 1012
1980 57 438
1980 382 482
1980 323 649
1980 390 837
1980 301 568
1980 56 264
1980 264 504
1980 153 703
