1800 438 824
1800 391 821
1800 437 836
1800 288 1118
1800 264 569
1800 296 643
1800 366 762
1800 318 817
1800 249 73
1800 216 629
1800 404 827
1800 282 529
1800 285 1124
1800 317 818
1800 238 532
1800 453 621
1800 308 659
1800 271 596
1800 300 570
1800 258 502
1820 407 638
1820 371 837
1820 263 570
1820 217 1308
1820 297 665
1820 216 627
1820 413 833
1820 454 1081
1820 281 529
1820 275 858
1820 240 537
1820 218 1224
1820 416 519
1820 442 636
1820 304 662
1820 266 659
1820 409 639
1820 381 827
1820 300 571
1820 259 501
1840 394 658
1840 368 301
1840 377 852
1840 258 574
1840 279 668
1840 162 1339
1840 395 845
1840 381 854
1840 217 626
1840 410 822
1840 354 505
1840 283 527
1840 240 533
1840 304 687
1840 275 599
1840 362 624
1840 323 869
1840 296 563
1840 260 500
1860 381 688
1860 381 708
1860 261 566
1860 302 662
1860 380 705
1860 215 624
1860 401 839
1860 352 518
1860 286 528
1860 242 536
1860 306 664
1860 274 636
1860 372 558
1860 297 573
1860 259 504
1880 349 827
1880 261 567
1880 293 663
1880 340 768
1880 312 745
1880 219 624
1880 401 831
1880 343 516
1880 286 524
1880 239 532
1880 436 505
1880 430 499
1880 308 669
1880 463 438
1880 300 565
1880 270 497
1900 459 819
1900 362 840
1900 260 565
1900 297 666
1900 381 848
1900 217 631
1900 400 835
1900 345 520
1900 286 528
1900 240 533
1900 389 496
1900 444 388
1900 460 827
1900 245 681
1900 306 666
1900 433 384
1900 303 574
1900 260 498
1900 88 756
1920 387 748
1920 364 845
1920 405 890
1920 263 561
1920 294 661
1920 155 650
1920 382 751
1920 217 633
1920 406 793
1920 98 690
1920 405 363
1920 281 527
1920 175 607
1920 237 533
1920 376 889
1920 16 611
1920 456 710
1920 302 662
1920 393 542
1920 307 598
1920 262 505
1920 108 679
1920 294 438
1920 178 611
1920 375 369
1940 141 493
1940 461 863
1940 381 279
1940 373 823
1940 260 571
1940 281 667
1940 384 260
1940 354 731
1940 218 629
1940 404 819
1940 103 589
1940 453 319
1940 286 526
1940 233 525
1940 354 848
1940 425 572
1940 320 673
1940 267 577
1940 352 809
1940 299 568
1940 257 489
1940 430 295
1960 93 404
1960 393 866
1960 407 1011
1960 122 381
1960 204 751
1960 257 572
1960 301 675
1960 258 706
1960 215 629
1960 416 925
1960 54 508
1960 430 952
1960 286 530
1960 83 492
1960 242 528
1960 34 535
1960 453 138
1960 424 544
1960 365 205
1960 266 721
1960 303 674
1960 214 472
1960 300 569
1960 264 503
1960 150 413
1980 80 418
1980 171 487
1980 456 886
1980 359 847
1980 384 1032
1980 290 1188
1980 106 285
1980 259 570
1980 290 660
1980 353 826
1980 212 624
1980 397 826
1980 447 1017
1980 357 492
1980 286 528
1980 270 1173
1980 262 1155
1980 236 532
1980 353 1008
1980 48 415
1980 375 473
1980 325 627
1980 377 850
1980 357 1017
1980 301 569
1980 66 299
1980 264 505
1980 160 706
