1800 438 831
1800 357 786
1800 420 793
1800 442 813
1800 266 59
1800 263 575
1800 422 808
1800 312 821
1800 247 521
1800 443 835
1800 478 915
1800 428 793
1800 235 523
1800 468 582
1800 390 776
1800 270 506
1820 439 657
1820 372 843
1820 417 822
1820 254 536
1820 251 1270
1820 400 814
1820 32 894
1820 299 540
1820 239 524
1820 215 1283
1820 206 1333
1820 360 687
1820 370 835
1820 267 501
1840 320 856
1840 270 601
1840 399 667
1840 417 657
1840 399 843
1840 100 1412
1840 246 523
1840 298 537
1840 384 822
1840 233 531
1840 271 506
1840 402 840
1840 359 615
1840 268 503
1860 404 699
1860 386 852
1860 77 442
1860 398 831
1860 257 570
1860 385 691
1860 406 720
1860 242 516
1860 300 539
1860 240 534
1860 236 530
1860 387 690
1860 257 521
1860 245 531
1860 367 680
1860 370 660
1860 407 820
1860 352 498
1860 270 505
1880 349 758
1880 363 845
1880 267 572
1880 405 527
1880 343 756
1880 238 518
1880 466 444
1880 298 525
1880 237 526
1880 21 573
1880 368 506
1880 468 405
1880 382 840
1880 283 558
1880 348 511
1880 276 493
1900 366 838
1900 386 846
1900 470 751
1900 270 553
1900 321 668
1900 458 801
1900 255 526
1900 461 779
1900 395 497
1900 460 1092
1900 403 829
1900 235 514
1900 262 530
1900 20 627
1900 351 466
1900 394 837
1900 366 540
1900 412 847
1900 355 473
1900 266 505
1900 262 491
1920 465 668
1920 376 831
1920 112 695
1920 400 789
1920 266 566
1920 392 739
1920 246 549
1920 88 698
1920 45 821
1920 318 457
1920 402 794
1920 179 605
1920 231 530
1920 398 756
1920 331 462
1920 418 891
1920 23 498
1920 396 532
1920 396 802
1920 386 342
1920 419 867
1920 274 538
1920 178 614
1920 295 517
1920 113 660
1940 349 859
1940 373 963
1940 41 268
1940 268 560
1940 385 734
1940 245 536
1940 458 859
1940 474 886
1940 458 307
1940 298 534
1940 364 731
1940 138 492
1940 224 448
1940 350 746
1940 376 959
1940 421 812
1940 242 445
1940 473 852
1940 279 472
1940 67 541
1960 356 831
1960 74 581
1960 241 479
1960 419 976
1960 48 257
1960 271 578
1960 459 1047
1960 309 537
1960 423 926
1960 100 411
1960 230 472
1960 406 965
1960 388 843
1960 345 203
1960 429 554
1960 54 396
1960 274 515
1960 68 551
1960 160 433
1980 355 838
1980 372 1108
1980 402 946
1980 257 574
1980 407 196
1980 398 808
1980 403 825
1980 383 847
1980 248 527
1980 460 891
1980 364 1077
1980 457 1014
1980 392 835
1980 104 420
1980 231 530
1980 256 533
1980 270 1193
1980 372 1019
1980 26 392
1980 418 992
1980 264 1161
1980 403 807
1980 250 543
1980 427 982
1980 65 317
1980 271 512
