1800 440 834
1800 398 823
1800 441 845
1800 286 1131
1800 265 569
1800 300 658
1800 76 492
1800 194 1307
1800 366 763
1800 261 73
1800 216 631
1800 403 828
1800 38 870
1800 280 532
1800 282 1142
1800 315 824
1800 238 533
1800 450 615
1800 309 666
1800 300 571
1800 25 414
1800 258 502
1820 411 645
1820 378 844
1820 261 573
1820 230 1293
1820 306 663
1820 217 629
1820 412 837
1820 452 1098
1820 281 531
1820 276 863
1820 240 538
1820 215 1233
1820 420 525
1820 445 637
1820 305 666
1820 411 645
1820 299 570
1820 259 501
1840 392 658
1840 376 309
1840 381 852
1840 259 576
1840 284 676
1840 158 1339
1840 218 631
1840 409 825
1840 357 503
1840 283 530
1840 324 871
1840 241 535
1840 300 693
1840 281 682
1840 365 631
1840 324 870
1840 295 565
1840 259 500
1860 382 691
1860 379 695
1860 261 568
1860 306 665
1860 383 860
1860 217 633
1860 399 838
1860 342 503
1860 286 530
1860 243 534
1860 308 673
1860 278 683
1860 373 559
1860 294 579
1860 259 504
1880 352 838
1880 261 571
1880 301 674
1880 361 787
1880 310 775
1880 219 629
1880 403 840
1880 344 519
1880 285 526
1880 239 535
1880 436 510
1880 430 503
1880 305 664
1880 457 436
1880 299 567
1880 269 498
1900 455 828
1900 362 843
1900 262 569
1900 300 668
1900 382 847
1900 219 633
1900 398 834
1900 347 481
1900 286 530
1900 242 535
1900 404 509
1900 430 390
1900 459 824
1900 245 681
1900 306 668
1900 286 693
1900 436 388
1900 302 574
1900 261 499
1900 93 751
1920 385 748
1920 364 853
1920 408 902
1920 40 136
1920 266 561
1920 295 663
1920 159 655
1920 381 761
1920 219 636
1920 405 783
1920 83 696
1920 281 530
1920 314 465
1920 175 610
1920 237 535
1920 27 524
1920 399 542
1920 461 710
1920 298 679
1920 393 544
1920 380 839
1920 309 591
1920 262 504
1920 105 686
1920 295 439
1920 179 615
1920 371 370
1940 146 497
1940 386 268
1940 372 828
1940 264 575
1940 289 676
1940 421 326
1940 357 734
1940 218 631
1940 405 822
1940 103 590
1940 442 348
1940 286 528
1940 236 531
1940 430 579
1940 320 674
1940 299 569
1940 258 489
1940 429 301
1960 102 477
1960 388 864
1960 406 1013
1960 120 381
1960 202 763
1960 260 575
1960 301 678
1960 259 719
1960 216 630
1960 47 512
1960 430 950
1960 285 531
1960 242 528
1960 18 557
1960 447 154
1960 425 546
1960 362 203
1960 270 731
1960 302 680
1960 217 474
1960 300 569
1960 264 503
1960 417 230
1960 157 439
1980 70 435
1980 179 492
1980 367 852
1980 384 1038
1980 294 1196
1980 114 254
1980 260 568
1980 283 1240
1980 295 659
1980 352 828
1980 213 628
1980 397 825
1980 448 1030
1980 360 499
1980 286 530
1980 276 1190
1980 86 419
1980 261 1165
1980 236 534
1980 356 1025
1980 61 437
1980 374 475
1980 304 667
1980 154 731
1980 299 569
1980 65 307
1980 263 505
1980 151 714
1980 102 418
