1800 379 790
1800 393 817
1800 420 821
1800 304 1109
1800 263 573
1800 291 565
1800 219 622
1800 405 827
1800 278 532
1800 305 815
1800 238 530
1800 457 641
1800 305 652
1800 301 568
1800 258 503
1820 361 838
1820 38 900
1820 457 1076
1820 263 553
1820 233 1288
1820 300 660
1820 217 628
1820 422 844
1820 435 402
1820 281 528
1820 243 533
1820 216 1234
1820 433 498
1820 309 675
1820 419 627
1820 300 564
1820 259 499
1840 353 840
1840 259 562
1840 277 666
1840 171 1362
1840 218 628
1840 283 529
1840 242 533
1840 401 864
1840 358 501
1840 368 312
1840 297 695
1840 385 649
1840 298 547
1840 259 501
1860 377 687
1860 367 841
1860 259 556
1860 293 608
1860 219 623
1860 401 835
1860 286 530
1860 243 535
1860 385 858
1860 348 503
1860 304 666
1860 376 557
1860 295 575
1860 259 503
1880 351 846
1880 263 564
1880 297 639
1880 334 744
1880 219 629
1880 411 844
1880 285 523
1880 237 529
1880 370 517
1880 433 502
1880 303 662
1880 448 506
1880 301 575
1880 268 494
1900 396 828
1900 357 835
1900 66 672
1900 262 560
1900 295 669
1900 222 629
1900 404 835
1900 368 488
1900 288 526
1900 243 524
1900 348 477
1900 308 668
1900 440 384
1900 303 576
1900 258 498
1920 376 724
1920 361 834
1920 83 704
1920 410 907
1920 262 546
1920 295 659
1920 384 837
1920 221 635
1920 417 793
1920 102 680
1920 412 356
1920 287 527
1920 171 611
1920 234 538
1920 357 846
1920 403 913
1920 389 554
1920 289 724
1920 397 539
1920 387 851
1920 167 637
1920 261 502
1920 308 448
1920 188 604
1920 373 367
1940 140 492
1940 446 864
1940 359 748
1940 355 995
1940 257 564
1940 281 667
1940 375 285
1940 219 624
1940 415 842
1940 106 589
1940 450 323
1940 287 526
1940 234 520
1940 366 978
1940 347 281
1940 322 674
1940 355 782
1940 299 567
1940 260 471
1940 443 300
1940 134 496
1940 434 256
1960 382 177
1960 225 473
1960 407 236
1960 374 825
1960 390 1022
1960 127 378
1960 255 569
1960 297 680
1960 218 628
1960 71 519
1960 436 951
1960 288 528
1960 444 162
1960 237 526
1960 361 831
1960 28 530
1960 449 145
1960 435 551
1960 367 209
1960 311 677
1960 301 560
1960 265 502
1960 423 193
1960 157 433
1980 444 881
1980 351 839
1980 79 798
1980 389 1028
1980 287 1162
1980 114 276
1980 259 563
1980 296 1223
1980 290 601
1980 212 609
1980 394 819
1980 284 528
1980 248 1152
1980 237 534
1980 343 837
1980 355 483
1980 475 929
1980 341 114
1980 319 664
1980 301 565
1980 82 304
1980 264 504
