1800 438 829
1800 390 810
1800 438 833
1800 296 1107
1800 264 572
1800 291 608
1800 189 1312
1800 366 761
1800 318 817
1800 220 625
1800 403 819
1800 41 865
1800 284 528
1800 284 1126
1800 318 816
1800 237 530
1800 448 601
1800 308 659
1800 270 606
1800 301 569
1800 260 502
1820 411 640
1820 374 836
1820 41 895
1820 263 575
1820 235 1299
1820 303 659
1820 218 628
1820 408 826
1820 418 383
1820 283 531
1820 276 861
1820 244 533
1820 218 1225
1820 419 522
1820 436 532
1820 309 671
1820 268 690
1820 414 634
1820 300 569
1820 261 499
1840 394 654
1840 366 860
1840 263 583
1840 281 668
1840 397 847
1840 380 853
1840 221 627
1840 358 500
1840 286 529
1840 241 531
1840 384 845
1840 299 691
1840 369 629
1840 318 864
1840 296 552
1840 262 499
1860 380 690
1860 358 833
1860 264 571
1860 309 663
1860 221 629
1860 401 823
1860 366 556
1860 55 932
1860 289 527
1860 245 528
1860 309 667
1860 275 635
1860 374 554
1860 299 573
1860 261 503
1880 355 837
1880 264 569
1880 299 658
1880 339 770
1880 311 754
1880 222 619
1880 395 826
1880 357 525
1880 290 525
1880 239 532
1880 432 502
1880 432 504
1880 310 663
1880 457 485
1880 302 569
1880 273 496
1900 463 816
1900 363 840
1900 262 566
1900 304 663
1900 377 851
1900 221 627
1900 397 825
1900 357 509
1900 288 526
1900 244 526
1900 390 495
1900 459 831
1900 309 668
1900 435 386
1900 239 672
1900 302 569
1900 262 497
1920 389 744
1920 361 831
1920 408 884
1920 266 558
1920 300 660
1920 381 756
1920 421 896
1920 221 635
1920 406 771
1920 104 689
1920 395 363
1920 286 528
1920 173 604
1920 238 535
1920 383 862
1920 25 518
1920 399 539
1920 296 670
1920 396 541
1920 387 844
1920 304 585
1920 265 502
1920 77 668
1920 298 440
1920 177 607
1920 376 368
1940 141 494
1940 460 862
1940 386 264
1940 360 817
1940 264 571
1940 285 667
1940 105 589
1940 421 326
1940 363 726
1940 221 627
1940 403 815
1940 76 595
1940 448 347
1940 291 525
1940 233 531
1940 357 836
1940 433 589
1940 319 673
1940 302 567
1940 263 472
1940 440 273
1960 89 507
1960 382 862
1960 401 1014
1960 123 380
1960 209 751
1960 260 569
1960 305 671
1960 408 1001
1960 218 622
1960 428 930
1960 429 942
1960 288 529
1960 431 187
1960 245 528
1960 18 549
1960 427 545
1960 271 721
1960 304 675
1960 220 474
1960 301 569
1960 88 395
1960 265 502
1960 426 209
1960 159 433
1980 101 444
1980 173 490
1980 362 850
1980 383 1027
1980 269 1200
1980 261 567
1980 292 631
1980 354 820
1980 219 619
1980 395 816
1980 244 1144
1980 443 969
1980 359 491
1980 289 528
1980 277 1187
1980 237 531
1980 277 1271
1980 352 1015
1980 376 476
1980 323 666
1980 111 459
1980 301 566
1980 82 293
1980 265 504
1980 165 702
