1800 445 839
1800 391 812
1800 287 1122
1800 264 569
1800 293 664
1800 367 765
1800 217 634
1800 403 824
1800 283 532
1800 288 1186
1800 238 529
1800 453 633
1800 307 655
1800 269 639
1800 302 572
1800 260 502
1820 411 644
1820 377 852
1820 262 570
1820 228 1289
1820 307 666
1820 217 630
1820 415 842
1820 435 402
1820 283 531
1820 277 864
1820 244 532
1820 221 1223
1820 419 522
1820 443 651
1820 311 678
1820 275 667
1820 301 572
1820 261 501
1840 399 661
1840 353 876
1840 262 574
1840 284 678
1840 370 874
1840 218 629
1840 411 833
1840 360 501
1840 285 528
1840 242 533
1840 301 700
1840 274 602
1840 372 641
1840 323 869
1840 298 567
1840 261 500
1860 388 686
1860 263 568
1860 310 670
1860 364 825
1860 219 632
1860 402 848
1860 339 501
1860 61 926
1860 288 530
1860 244 534
1860 306 663
1860 276 636
1860 373 565
1860 296 581
1860 261 505
1880 353 845
1880 265 571
1880 301 666
1880 358 795
1880 317 726
1880 220 625
1880 403 837
1880 348 517
1880 290 525
1880 239 533
1880 431 499
1880 434 507
1880 306 666
1880 455 489
1880 301 576
1880 274 497
1900 463 817
1900 368 849
1900 262 563
1900 301 674
1900 378 859
1900 219 632
1900 399 835
1900 343 517
1900 287 529
1900 242 529
1900 404 505
1900 464 829
1900 309 678
1900 280 671
1900 435 387
1900 236 688
1900 302 573
1900 262 497
1900 95 769
1920 404 771
1920 363 854
1920 400 882
1920 268 558
1920 301 661
1920 374 828
1920 221 638
1920 408 835
1920 79 692
1920 398 347
1920 286 531
1920 313 461
1920 172 610
1920 237 536
1920 25 526
1920 405 544
1920 462 707
1920 290 686
1920 393 543
1920 308 600
1920 264 504
1920 95 677
1920 295 440
1920 177 608
1920 371 376
1940 142 495
1940 462 874
1940 371 281
1940 263 572
1940 288 673
1940 422 323
1940 359 734
1940 218 629
1940 405 835
1940 103 584
1940 446 337
1940 289 527
1940 234 531
1940 322 674
1940 265 588
1940 301 571
1940 263 472
1940 422 322
1960 94 482
1960 386 874
1960 394 1008
1960 123 381
1960 202 749
1960 262 569
1960 303 676
1960 84 511
1960 378 836
1960 216 629
1960 429 935
1960 427 956
1960 288 529
1960 241 527
1960 430 549
1960 263 730
1960 303 679
1960 218 473
1960 302 570
1960 265 503
1960 152 440
1980 175 488
1980 360 849
1980 370 1041
1980 266 1166
1980 263 566
1980 277 1220
1980 294 661
1980 354 824
1980 216 625
1980 397 830
1980 444 1008
1980 359 493
1980 288 528
1980 257 1160
1980 239 531
1980 360 1032
1980 48 443
1980 376 476
1980 319 662
1980 267 578
1980 154 730
1980 302 571
1980 62 422
1980 265 504
1980 130 716
1980 107 417
