1800 439 833
1800 399 822
1800 416 825
1800 283 1137
1800 267 568
1800 287 656
1800 367 759
1800 249 78
1800 218 628
1800 403 824
1800 286 530
1800 283 1155
1800 238 531
1800 457 631
1800 308 659
1800 273 600
1800 303 569
1800 260 502
1820 410 641
1820 376 839
1820 264 570
1820 223 1266
1820 304 662
1820 413 637
1820 217 630
1820 408 832
1820 436 401
1820 285 529
1820 264 856
1820 243 533
1820 214 1232
1820 430 514
1820 430 514
1820 307 665
1820 276 698
1820 413 635
1820 302 565
1820 260 499
1840 397 658
1840 379 853
1840 264 573
1840 281 670
1840 156 1338
1840 416 678
1840 219 629
1840 411 813
1840 357 500
1840 286 528
1840 242 535
1840 309 663
1840 277 686
1840 368 628
1840 322 868
1840 298 566
1840 261 499
1860 382 687
1860 375 694
1860 266 568
1860 307 663
1860 381 700
1860 219 630
1860 399 838
1860 340 501
1860 290 527
1860 243 534
1860 308 666
1860 279 662
1860 374 557
1860 298 575
1860 260 503
1880 352 803
1880 263 567
1880 301 660
1880 361 788
1880 311 766
1880 220 627
1880 404 832
1880 354 521
1880 290 524
1880 239 533
1880 448 507
1880 431 504
1880 308 657
1880 463 435
1880 301 571
1880 271 495
1900 454 824
1900 368 848
1900 270 551
1900 297 671
1900 395 824
1900 220 630
1900 399 836
1900 61 643
1900 345 514
1900 289 526
1900 243 532
1900 22 743
1900 420 453
1900 462 823
1900 245 680
1900 307 665
1900 283 610
1900 436 385
1900 235 670
1900 303 572
1900 260 496
1920 386 748
1920 363 850
1920 404 855
1920 268 556
1920 298 662
1920 157 652
1920 382 738
1920 222 635
1920 406 790
1920 107 690
1920 400 339
1920 288 531
1920 315 462
1920 173 609
1920 236 535
1920 33 525
1920 412 531
1920 301 662
1920 395 541
1920 304 580
1920 264 500
1920 104 666
1920 296 438
1920 182 614
1920 377 368
1940 145 494
1940 385 264
1940 360 742
1940 266 568
1940 281 668
1940 104 595
1940 437 328
1940 363 727
1940 220 630
1940 406 819
1940 105 588
1940 449 339
1940 290 526
1940 454 293
1940 236 530
1940 351 848
1940 19 720
1940 428 335
1940 427 572
1940 393 267
1940 320 671
1940 276 680
1940 303 570
1940 263 471
1940 441 301
1940 448 305
1960 391 869
1960 405 1013
1960 122 381
1960 200 769
1960 262 571
1960 305 671
1960 82 514
1960 217 625
1960 427 939
1960 429 942
1960 289 529
1960 243 528
1960 25 623
1960 428 548
1960 269 722
1960 304 669
1960 220 472
1960 302 569
1960 61 436
1960 265 502
1960 426 181
1960 157 432
1980 188 488
1980 356 844
1980 381 1030
1980 277 1168
1980 111 249
1980 263 566
1980 280 619
1980 353 824
1980 219 622
1980 397 821
1980 447 1023
1980 360 491
1980 290 527
1980 298 1179
1980 363 1044
1980 237 532
1980 353 1017
1980 67 446
1980 317 653
1980 302 570
1980 45 263
1980 264 503
1980 159 708
1980 122 458
