1800 371 757
1800 383 787
1800 446 836
1800 298 1110
1800 267 567
1800 295 544
1800 322 811
1800 223 623
1800 418 811
1800 283 529
1800 243 524
1800 446 601
1800 448 603
1800 320 666
1800 306 573
1800 260 501
1820 403 636
1820 375 829
1820 270 568
1820 233 1287
1820 299 606
1820 221 622
1820 431 847
1820 220 1243
1820 422 522
1820 286 529
1820 247 525
1820 410 637
1820 442 550
1820 338 672
1820 415 633
1820 305 573
1820 262 497
1840 378 846
1840 270 579
1840 301 650
1840 223 630
1840 374 497
1840 288 524
1840 247 527
1840 361 501
1840 326 678
1840 393 648
1840 330 853
1840 305 573
1840 263 498
1860 375 688
1860 378 836
1860 269 565
1860 306 571
1860 350 837
1860 323 182
1860 223 629
1860 413 830
1860 375 552
1860 290 525
1860 247 521
1860 343 492
1860 335 683
1860 385 559
1860 262 500
1880 370 841
1880 272 572
1880 302 577
1880 347 865
1880 334 737
1880 228 629
1880 389 510
1880 290 521
1880 246 534
1880 347 511
1880 439 508
1880 328 674
1880 434 498
1880 310 568
1880 269 491
1900 412 834
1900 374 837
1900 57 713
1900 462 1084
1900 275 573
1900 310 660
1900 296 664
1900 225 631
1900 418 840
1900 383 490
1900 296 532
1900 253 507
1900 15 658
1900 350 465
1900 467 750
1900 339 623
1900 438 384
1900 260 496
1920 374 732
1920 373 808
1920 84 693
1920 428 908
1920 173 616
1920 273 547
1920 303 604
1920 225 634
1920 428 797
1920 102 680
1920 419 342
1920 292 530
1920 245 535
1920 20 641
1920 468 701
1920 324 667
1920 396 861
1920 262 500
1920 331 482
1920 388 350
1940 155 494
1940 374 734
1940 374 820
1940 269 572
1940 297 579
1940 400 267
1940 227 618
1940 106 589
1940 469 868
1940 453 366
1940 290 522
1940 245 526
1940 331 687
1940 310 570
1940 262 469
1940 450 307
1940 387 260
1960 418 854
1960 381 828
1960 413 1004
1960 126 379
1960 270 575
1960 307 668
1960 273 711
1960 229 631
1960 436 946
1960 292 529
1960 424 197
1960 294 1093
1960 247 520
1960 426 539
1960 435 177
1960 440 550
1960 347 182
1960 327 663
1960 404 984
1960 308 575
1960 267 500
1960 419 254
1960 157 435
1980 361 842
1980 56 783
1980 390 1017
1980 88 306
1980 266 569
1980 298 569
1980 219 630
1980 408 831
1980 450 894
1980 371 473
1980 289 527
1980 282 1167
1980 245 536
1980 38 432
1980 352 478
1980 475 909
1980 352 142
1980 388 887
1980 161 712
1980 309 591
1980 49 420
1980 266 502
