1800 438 825
1800 391 812
1800 282 1135
1800 264 567
1800 291 619
1800 191 1320
1800 367 758
1800 317 814
1800 247 78
1800 218 629
1800 403 825
1800 284 529
1800 285 1124
1800 237 530
1800 450 613
1800 305 651
1800 272 569
1800 301 570
1800 259 501
1820 409 639
1820 377 839
1820 262 566
1820 304 661
1820 215 626
1820 415 841
1820 454 1073
1820 283 528
1820 270 852
1820 238 538
1820 221 1224
1820 415 517
1820 427 511
1820 302 661
1820 266 660
1820 410 637
1820 298 567
1820 260 498
1840 397 657
1840 359 285
1840 377 850
1840 258 568
1840 291 654
1840 153 1330
1840 218 627
1840 413 828
1840 358 497
1840 283 527
1840 240 534
1840 308 667
1840 274 682
1840 361 617
1840 321 867
1840 296 550
1840 260 499
1860 382 686
1860 386 709
1860 262 564
1860 309 664
1860 372 766
1860 217 626
1860 399 835
1860 341 499
1860 287 528
1860 240 534
1860 307 663
1860 281 659
1860 373 556
1860 385 696
1860 296 573
1860 260 502
1880 357 837
1880 262 566
1880 304 663
1880 337 770
1880 313 715
1880 218 621
1880 403 826
1880 345 513
1880 286 523
1880 237 533
1880 432 501
1880 430 495
1880 304 654
1880 463 435
1880 299 563
1880 270 493
1900 456 820
1900 375 844
1900 259 552
1900 303 661
1900 384 832
1900 218 630
1900 400 835
1900 465 1089
1900 348 512
1900 288 527
1900 238 532
1900 389 495
1900 461 819
1900 239 689
1900 303 664
1900 435 384
1900 308 581
1900 260 497
1920 382 736
1920 366 839
1920 401 862
1920 263 557
1920 298 654
1920 156 649
1920 379 741
1920 218 632
1920 404 818
1920 105 680
1920 282 525
1920 171 603
1920 232 532
1920 26 522
1920 392 540
1920 452 704
1920 376 377
1920 302 660
1920 391 539
1920 333 608
1920 262 500
1920 295 436
1920 179 612
1920 373 367
1940 141 493
1940 447 863
1940 393 275
1940 370 775
1940 261 569
1940 292 664
1940 360 725
1940 218 624
1940 407 818
1940 101 595
1940 453 330
1940 288 526
1940 234 527
1940 344 851
1940 422 563
1940 315 662
1940 351 735
1940 298 566
1940 258 480
1940 440 282
1960 107 484
1960 367 173
1960 400 865
1960 405 1013
1960 123 381
1960 199 756
1960 258 570
1960 305 667
1960 216 626
1960 429 942
1960 287 528
1960 226 469
1960 16 663
1960 424 544
1960 361 199
1960 260 723
1960 304 668
1960 214 473
1960 300 566
1960 265 501
1960 156 432
1980 65 435
1980 175 485
1980 375 855
1980 348 995
1980 112 250
1980 259 565
1980 297 655
1980 351 822
1980 212 614
1980 396 825
1980 448 1026
1980 357 489
1980 286 527
1980 269 1171
1980 263 1154
1980 236 531
1980 352 1010
1980 59 426
1980 366 468
1980 318 612
1980 300 565
1980 47 259
1980 264 503
1980 142 690
