1800 418 818
1800 398 825
1800 444 852
1800 284 1132
1800 264 572
1800 298 652
1800 364 765
1800 227 94
1800 220 635
1800 403 830
1800 277 536
1800 291 1119
1800 318 820
1800 237 529
1800 451 625
1800 308 660
1800 301 570
1800 258 504
1820 406 646
1820 376 843
1820 31 885
1820 24 155
1820 261 578
1820 220 1276
1820 305 665
1820 213 632
1820 417 848
1820 280 530
1820 277 867
1820 240 538
1820 427 516
1820 429 513
1820 315 682
1820 411 647
1820 299 569
1820 260 502
1840 399 669
1840 366 887
1840 55 896
1840 261 587
1840 279 682
1840 152 1328
1840 219 633
1840 413 811
1840 422 655
1840 282 532
1840 320 868
1840 240 535
1840 373 304
1840 299 691
1840 385 655
1840 325 871
1840 296 550
1840 259 504
1840 60 891
1860 380 702
1860 261 573
1860 308 668
1860 370 861
1860 217 639
1860 398 856
1860 372 565
1860 286 531
1860 241 538
1860 309 673
1860 372 556
1860 311 605
1860 260 505
1880 352 856
1880 264 578
1880 300 668
1880 353 799
1880 316 713
1880 218 633
1880 409 842
1880 370 528
1880 285 528
1880 236 530
1880 428 502
1880 310 673
1880 430 501
1880 300 565
1880 270 496
1900 366 849
1900 60 801
1900 262 573
1900 300 667
1900 391 874
1900 219 634
1900 400 833
1900 360 485
1900 283 530
1900 239 533
1900 377 500
1900 466 821
1900 309 663
1900 439 388
1900 297 579
1900 260 500
1900 84 764
1920 385 752
1920 364 854
1920 44 757
1920 403 878
1920 266 563
1920 300 665
1920 389 859
1920 220 639
1920 406 842
1920 95 689
1920 430 465
1920 280 526
1920 326 477
1920 161 632
1920 231 540
1920 25 626
1920 433 521
1920 460 711
1920 299 667
1920 392 540
1920 259 505
1920 82 684
1920 294 439
1920 180 613
1920 371 372
1940 396 269
1940 139 496
1940 463 869
1940 380 282
1940 383 831
1940 54 269
1940 261 577
1940 289 676
1940 350 732
1940 301 727
1940 219 632
1940 404 832
1940 99 588
1940 450 333
1940 285 530
1940 439 296
1940 231 516
1940 420 437
1940 349 288
1940 321 672
1940 298 571
1940 256 494
1940 441 284
1960 381 864
1960 390 1017
1960 116 388
1960 206 774
1960 258 593
1960 300 677
1960 395 867
1960 214 636
1960 429 956
1960 283 532
1960 430 186
1960 239 529
1960 26 617
1960 437 555
1960 451 144
1960 336 198
1960 429 549
1960 330 204
1960 273 726
1960 300 684
1960 214 477
1960 300 570
1960 264 503
1960 425 212
1960 155 447
1980 445 888
1980 358 846
1980 385 1033
1980 283 1168
1980 258 577
1980 290 1261
1980 298 660
1980 349 829
1980 204 679
1980 394 833
1980 447 1040
1980 360 495
1980 284 531
1980 266 1160
1980 107 462
1980 245 1153
1980 235 535
1980 364 1045
1980 52 441
1980 362 493
1980 477 922
1980 299 560
1980 55 436
1980 262 508
1980 128 721
1980 323 120
