1800 443 838
1800 394 818
1800 437 840
1800 284 1126
1800 263 572
1800 291 597
1800 366 762
1800 247 76
1800 218 633
1800 402 824
1800 277 536
1800 290 1166
1800 311 823
1800 238 532
1800 446 603
1800 307 655
1800 301 571
1800 19 403
1800 259 504
1820 406 642
1820 378 848
1820 259 584
1820 308 664
1820 214 630
1820 418 845
1820 425 395
1820 281 529
1820 228 1331
1820 278 863
1820 240 539
1820 217 1230
1820 423 522
1820 430 512
1820 306 673
1820 269 563
1820 410 639
1820 299 570
1820 29 411
1820 259 502
1840 395 659
1840 367 879
1840 258 581
1840 284 679
1840 391 854
1840 218 633
1840 416 826
1840 362 501
1840 282 530
1840 241 536
1840 378 854
1840 370 502
1840 297 680
1840 368 635
1840 326 871
1840 297 555
1840 260 503
1860 382 693
1860 379 864
1860 262 570
1860 300 622
1860 217 635
1860 399 831
1860 368 557
1860 56 914
1860 287 531
1860 240 538
1860 316 186
1860 308 664
1860 372 564
1860 296 578
1860 15 332
1860 261 505
1860 327 203
1880 363 854
1880 262 575
1880 302 667
1880 336 764
1880 318 723
1880 217 629
1880 404 826
1880 361 548
1880 286 525
1880 237 534
1880 406 538
1880 432 505
1880 302 669
1880 426 495
1880 299 565
1880 11 374
1880 269 497
1900 461 821
1900 376 852
1900 58 798
1900 267 567
1900 305 669
1900 219 634
1900 399 830
1900 354 488
1900 285 531
1900 241 536
1900 380 497
1900 469 815
1900 305 678
1900 431 384
1900 235 681
1900 298 571
1900 261 500
1920 392 748
1920 366 857
1920 38 748
1920 405 895
1920 263 563
1920 304 667
1920 219 637
1920 406 818
1920 100 692
1920 457 1077
1920 419 376
1920 281 526
1920 311 467
1920 168 613
1920 236 539
1920 21 508
1920 395 541
1920 308 471
1920 299 688
1920 392 544
1920 307 595
1920 263 505
1920 294 441
1920 177 608
1920 370 371
1940 140 495
1940 461 871
1940 387 844
1940 262 577
1940 295 684
1940 418 324
1940 356 731
1940 219 632
1940 408 828
1940 449 333
1940 287 529
1940 233 528
1940 381 915
1940 426 567
1940 375 280
1940 320 680
1940 299 570
1940 260 480
1940 442 271
1960 364 201
1960 387 871
1960 399 1016
1960 122 383
1960 116 388
1960 261 581
1960 306 676
1960 214 630
1960 427 953
1960 286 531
1960 430 188
1960 240 531
1960 358 189
1960 429 547
1960 270 726
1960 303 685
1960 216 475
1960 301 569
1960 264 503
1960 414 227
1960 159 442
1980 123 265
1980 369 857
1980 390 1040
1980 275 1171
1980 260 575
1980 295 601
1980 353 827
1980 208 640
1980 393 823
1980 446 1031
1980 358 490
1980 286 531
1980 246 1158
1980 235 536
1980 362 1035
1980 46 425
1980 367 486
1980 476 904
1980 300 566
1980 43 421
1980 263 506
1980 99 405
