1800 438 823
1800 391 815
1800 294 1111
1800 267 567
1800 304 649
1800 193 1320
1800 369 757
1800 320 811
1800 219 628
1800 402 827
1800 283 529
1800 288 1126
1800 240 531
1800 451 629
1800 309 661
1800 279 582
1800 302 571
1800 260 500
1820 414 643
1820 378 840
1820 264 567
1820 227 1315
1820 309 661
1820 217 625
1820 412 834
1820 456 1073
1820 284 529
1820 241 536
1820 225 1229
1820 417 516
1820 429 507
1820 310 672
1820 279 683
1820 410 640
1820 375 837
1820 300 568
1820 261 497
1840 397 658
1840 377 306
1840 374 855
1840 262 568
1840 295 668
1840 160 1348
1840 219 626
1840 411 832
1840 359 497
1840 284 526
1840 241 532
1840 302 695
1840 277 682
1840 363 616
1840 325 870
1840 298 562
1840 261 498
1860 383 685
1860 364 829
1860 265 566
1860 312 666
1860 359 830
1860 219 632
1860 400 827
1860 346 503
1860 288 527
1860 242 530
1860 312 674
1860 282 663
1860 373 555
1860 298 572
1860 260 502
1860 315 186
1880 357 839
1880 264 565
1880 304 667
1880 361 791
1880 320 736
1880 219 619
1880 400 827
1880 350 512
1880 288 523
1880 241 533
1880 433 503
1880 431 503
1880 309 669
1880 460 434
1880 301 562
1880 273 492
1900 455 822
1900 372 847
1900 262 556
1900 305 664
1900 359 830
1900 219 629
1900 399 833
1900 462 1128
1900 355 516
1900 289 526
1900 241 528
1900 390 497
1900 461 826
1900 244 687
1900 308 668
1900 433 381
1900 381 839
1900 306 569
1900 262 496
1900 90 774
1920 391 743
1920 365 839
1920 413 903
1920 267 555
1920 303 658
1920 156 645
1920 382 751
1920 221 633
1920 404 816
1920 105 683
1920 284 526
1920 176 610
1920 238 532
1920 31 526
1920 396 542
1920 452 710
1920 374 367
1920 306 664
1920 394 542
1920 306 583
1920 264 499
1920 86 684
1920 296 436
1920 181 610
1920 377 368
1940 146 496
1940 455 864
1940 385 267
1940 365 753
1940 266 568
1940 296 664
1940 391 264
1940 365 723
1940 219 627
1940 405 817
1940 97 592
1940 443 331
1940 288 526
1940 236 529
1940 13 574
1940 425 568
1940 320 672
1940 353 734
1940 301 568
1940 264 468
1940 441 271
1960 97 440
1960 389 861
1960 406 1012
1960 122 382
1960 203 759
1960 260 569
1960 306 669
1960 218 625
1960 431 947
1960 288 527
1960 244 526
1960 19 553
1960 425 544
1960 306 674
1960 217 476
1960 302 566
1960 91 402
1960 266 500
1960 159 436
1980 74 443
1980 173 485
1980 376 854
1980 377 1029
1980 284 1190
1980 263 562
1980 300 659
1980 353 826
1980 217 618
1980 397 822
1980 448 1023
1980 359 491
1980 288 526
1980 274 1172
1980 264 1161
1980 238 531
1980 352 1013
1980 59 440
1980 373 472
1980 322 665
1980 368 851
1980 302 569
1980 66 418
1980 265 502
1980 165 705
