1800 421 818
1800 402 824
1800 414 828
1800 293 1116
1800 264 571
1800 296 634
1800 367 759
1800 221 631
1800 405 826
1800 282 533
1800 300 1131
1800 239 529
1800 458 633
1800 308 656
1800 303 567
1800 259 502
1820 406 645
1820 369 839
1820 259 573
1820 238 1304
1820 308 664
1820 214 630
1820 415 839
1820 284 530
1820 240 537
1820 219 1243
1820 424 388
1820 430 511
1820 311 673
1820 413 643
1820 301 567
1820 260 500
1840 400 659
1840 377 849
1840 260 584
1840 286 680
1840 362 884
1840 221 628
1840 286 529
1840 241 533
1840 380 846
1840 360 503
1840 306 656
1840 389 657
1840 326 871
1840 300 552
1840 261 500
1860 383 693
1860 373 850
1860 263 569
1860 312 669
1860 368 840
1860 220 630
1860 398 855
1860 290 529
1860 241 537
1860 326 192
1860 307 660
1860 372 557
1860 66 902
1860 311 584
1860 261 502
1880 357 847
1880 261 578
1880 303 668
1880 349 834
1880 217 630
1880 407 842
1880 376 517
1880 288 524
1880 236 530
1880 373 512
1880 431 501
1880 307 642
1880 433 503
1880 303 568
1880 268 493
1900 459 823
1900 362 842
1900 67 784
1900 271 549
1900 305 669
1900 354 832
1900 222 631
1900 402 832
1900 363 484
1900 288 527
1900 240 532
1900 348 473
1900 434 386
1900 472 745
1900 307 665
1900 438 384
1900 303 573
1900 260 496
1900 74 766
1920 387 750
1920 366 850
1920 64 776
1920 435 910
1920 267 560
1920 305 662
1920 375 825
1920 221 637
1920 404 780
1920 105 689
1920 402 382
1920 288 529
1920 315 464
1920 181 609
1920 234 537
1920 387 860
1920 20 529
1920 300 658
1920 395 544
1920 315 582
1920 262 500
1920 103 681
1920 301 439
1920 192 613
1920 372 367
1940 147 495
1940 368 842
1940 259 577
1940 291 679
1940 421 315
1940 348 731
1940 220 629
1940 408 814
1940 105 590
1940 452 329
1940 290 526
1940 232 530
1940 358 832
1940 380 276
1940 321 672
1940 301 568
1940 260 476
1940 443 274
1960 375 841
1960 390 1001
1960 124 379
1960 262 579
1960 304 674
1960 364 822
1960 214 631
1960 431 942
1960 288 529
1960 439 169
1960 236 528
1960 23 542
1960 341 179
1960 434 548
1960 305 678
1960 221 475
1960 302 565
1960 54 443
1960 265 501
1960 159 438
1980 452 887
1980 357 847
1980 395 1028
1980 267 1155
1980 261 577
1980 256 1248
1980 298 658
1980 352 834
1980 209 625
1980 395 828
1980 289 528
1980 257 1159
1980 236 535
1980 361 1018
1980 355 485
1980 477 920
1980 302 565
1980 70 332
1980 264 504
1980 142 720
