1800 438 825
1800 396 824
1800 280 1145
1800 264 568
1800 301 648
1800 192 1314
1800 367 761
1800 216 627
1800 404 827
1800 281 530
1800 286 1124
1800 236 529
1800 446 606
1800 307 660
1800 301 573
1800 259 501
1820 408 640
1820 377 838
1820 39 900
1820 261 573
1820 229 1305
1820 305 663
1820 215 626
1820 410 834
1820 455 1079
1820 418 384
1820 283 528
1820 277 862
1820 240 537
1820 217 1245
1820 413 518
1820 442 641
1820 304 661
1820 412 645
1820 299 570
1820 260 499
1840 394 657
1840 380 852
1840 258 573
1840 282 673
1840 152 1328
1840 382 843
1840 217 626
1840 412 816
1840 354 505
1840 282 527
1840 240 534
1840 299 690
1840 279 678
1840 361 623
1840 326 871
1840 296 559
1840 260 500
1860 381 688
1860 261 567
1860 307 661
1860 367 754
1860 216 628
1860 402 844
1860 347 504
1860 286 527
1860 241 535
1860 307 670
1860 280 687
1860 373 560
1860 296 573
1860 260 503
1880 356 843
1880 260 569
1880 301 669
1880 346 780
1880 313 770
1880 218 625
1880 404 833
1880 344 517
1880 286 523
1880 239 532
1880 431 500
1880 430 497
1880 304 665
1880 459 438
1880 298 566
1880 270 495
1900 462 816
1900 374 849
1900 259 564
1900 300 667
1900 375 827
1900 217 631
1900 403 837
1900 350 504
1900 286 527
1900 240 532
1900 389 495
1900 437 390
1900 456 814
1900 241 688
1900 304 667
1900 282 653
1900 435 387
1900 300 568
1900 261 498
1920 385 747
1920 365 853
1920 405 894
1920 264 559
1920 296 658
1920 155 651
1920 379 760
1920 217 635
1920 408 812
1920 92 691
1920 405 353
1920 281 526
1920 169 609
1920 235 532
1920 31 522
1920 396 542
1920 454 711
1920 301 663
1920 393 542
1920 380 845
1920 303 593
1920 262 503
1920 106 670
1920 294 437
1920 180 610
1920 372 368
1940 143 493
1940 459 866
1940 385 265
1940 362 740
1940 262 571
1940 286 671
1940 104 587
1940 383 263
1940 358 730
1940 218 629
1940 404 820
1940 102 584
1940 451 335
1940 286 526
1940 233 524
1940 425 571
1940 319 672
1940 339 857
1940 300 568
1940 257 488
1940 431 294
1960 91 403
1960 401 855
1960 407 1012
1960 121 380
1960 203 755
1960 256 571
1960 304 672
1960 383 853
1960 260 731
1960 214 629
1960 38 520
1960 431 947
1960 286 529
1960 241 527
1960 26 549
1960 447 154
1960 424 546
1960 369 207
1960 263 725
1960 302 678
1960 215 475
1960 300 568
1960 89 398
1960 265 503
1960 157 428
1980 96 425
1980 177 491
1980 452 883
1980 360 847
1980 378 1037
1980 291 1228
1980 111 250
1980 258 568
1980 288 1240
1980 292 661
1980 353 822
1980 210 623
1980 396 824
1980 244 1140
1980 449 1041
1980 360 497
1980 285 527
1980 262 1167
1980 265 1164
1980 235 532
1980 357 1030
1980 55 424
1980 369 473
1980 310 653
1980 157 728
1980 300 570
1980 70 314
1980 263 504
1980 162 703
