1800 441 832
1800 394 820
1800 440 827
1800 296 1111
1800 266 571
1800 309 653
1800 366 763
1800 324 813
1800 218 632
1800 402 827
1800 43 861
1800 42 899
1800 282 532
1800 283 1124
1800 241 532
1800 460 635
1800 307 660
1800 302 569
1800 22 403
1800 259 502
1820 411 643
1820 380 843
1820 263 572
1820 229 1297
1820 304 663
1820 218 631
1820 431 398
1820 282 529
1820 242 534
1820 215 1286
1820 430 514
1820 430 511
1820 306 668
1820 273 666
1820 416 634
1820 301 568
1820 259 500
1840 395 657
1840 370 875
1840 262 582
1840 284 673
1840 219 630
1840 414 836
1840 360 501
1840 283 528
1840 242 535
1840 295 706
1840 366 630
1840 323 868
1840 296 555
1840 259 501
1860 384 688
1860 371 840
1860 265 570
1860 308 664
1860 375 699
1860 219 632
1860 401 836
1860 347 502
1860 54 926
1860 287 528
1860 243 537
1860 305 664
1860 278 637
1860 373 563
1860 299 573
1860 260 504
1880 361 846
1880 265 568
1880 297 677
1880 361 785
1880 318 729
1880 220 633
1880 401 834
1880 353 515
1880 287 523
1880 239 534
1880 461 433
1880 432 500
1880 305 669
1880 459 442
1880 300 569
1880 270 497
1900 456 826
1900 364 846
1900 272 549
1900 298 675
1900 219 632
1900 399 837
1900 353 472
1900 286 530
1900 242 533
1900 423 446
1900 466 806
1900 305 685
1900 436 387
1900 235 692
1900 303 571
1900 260 498
1920 393 744
1920 364 853
1920 406 893
1920 268 562
1920 298 666
1920 382 747
1920 221 636
1920 408 792
1920 90 694
1920 459 1086
1920 410 343
1920 282 528
1920 313 463
1920 170 610
1920 238 537
1920 21 524
1920 423 498
1920 450 85
1920 294 678
1920 396 544
1920 308 591
1920 263 503
1920 82 677
1920 295 439
1920 174 608
1920 377 367
1940 145 496
1940 467 851
1940 369 828
1940 266 575
1940 287 673
1940 433 345
1940 361 729
1940 295 724
1940 219 632
1940 404 831
1940 103 584
1940 450 333
1940 287 528
1940 370 967
1940 234 527
1940 359 981
1940 438 326
1940 320 673
1940 301 568
1940 255 488
1940 385 261
1960 391 867
1960 406 1010
1960 121 382
1960 210 754
1960 264 580
1960 303 676
1960 216 630
1960 431 956
1960 286 530
1960 241 528
1960 18 641
1960 431 551
1960 267 724
1960 301 678
1960 220 474
1960 301 569
1960 264 504
1960 158 435
1980 183 492
1980 359 847
1980 388 1033
1980 111 248
1980 264 570
1980 315 1269
1980 295 661
1980 213 629
1980 396 827
1980 450 1090
1980 361 491
1980 287 528
1980 269 1173
1980 361 1048
1980 238 534
1980 358 1029
1980 45 438
1980 478 909
1980 320 666
1980 170 743
1980 301 568
1980 78 327
1980 263 504
1980 152 693
