1800 282 532
1800 240 534
1800 306 668
1800 431 615
1800 79 487
1800 264 575
1800 36 910
1800 299 572
1800 372 765
1800 263 501
1800 438 829
1800 320 817
1800 289 1120
1800 218 632
1800 398 831
1800 285 659
1800 376 769
1800 291 1110
1800 296 1188
1805 238 540
1805 284 534
1805 429 610
1805 269 1188
1805 463 636
1805 262 503
1805 218 628
1805 260 574
1805 427 835
1805 420 840
1805 275 1164
1805 305 674
1805 298 569
1805 79 459
1805 280 665
1805 367 743
1805 267 1139
1810 467 442
1810 285 529
1810 76 434
1810 260 570
1810 237 535
1810 263 499
1810 304 669
1810 39 921
1810 425 847
1810 426 627
1810 217 625
1810 397 844
1810 278 673
1810 301 570
1810 265 1203
1810 76 430
1810 296 836
1810 460 615
1810 266 1223
1810 366 830
1815 459 614
1815 240 531
1815 84 423
1815 305 671
1815 259 569
1815 37 914
1815 220 625
1815 282 526
1815 259 502
1815 452 425
1815 426 844
1815 298 572
1815 415 833
1815 248 1231
1815 274 667
1815 417 639
1815 276 868
1815 83 424
1820 308 668
1820 286 527
1820 240 533
1820 260 501
1820 259 574
1820 38 911
1820 220 628
1820 425 393
1820 226 1228
1820 454 640
1820 233 1271
1820 282 677
1820 384 850
1820 301 564
1820 417 637
1825 241 538
1825 284 532
1825 305 662
1825 220 623
1825 211 1277
1825 259 566
1825 38 924
1825 259 503
1825 221 1323
1825 418 837
1825 447 638
1825 186 1291
1825 298 569
1825 277 670
1825 410 644
1825 361 838
1825 409 360
1825 363 679
1830 242 537
1830 281 535
1830 48 925
1830 314 662
1830 220 625
1830 260 504
1830 279 671
1830 389 513
1830 264 559
1830 407 838
1830 400 355
1830 300 571
1830 420 685
1830 355 642
1830 399 352
1830 409 641
1830 290 879
1835 241 538
1835 281 531
1835 258 575
1835 84 444
1835 310 672
1835 220 626
1835 171 1303
1835 56 945
1835 262 505
1835 300 568
1835 278 670
1835 355 626
1835 431 666
1835 301 869
1835 306 867
1835 388 856
1835 382 511
1840 82 457
1840 284 530
1840 259 572
1840 241 536
1840 260 503
1840 62 942
1840 301 670
1840 357 839
1840 221 632
1840 418 650
1840 408 830
1840 276 670
1840 298 571
1840 324 867
1840 394 653
1845 82 459
1845 317 665
1845 259 572
1845 239 534
1845 286 528
1845 260 503
1845 219 629
1845 352 839
1845 279 657
1845 362 605
1845 418 647
1845 359 504
1845 357 501
1845 73 930
1845 299 572
1845 395 853
1845 390 658
1850 260 570
1850 82 464
1850 242 533
1850 285 533
1850 259 504
1850 400 836
1850 223 631
1850 411 669
1850 346 492
1850 276 662
1850 308 670
1850 365 585
1850 349 840
1850 63 953
1850 409 672
1850 299 569
1850 78 464
1855 80 460
1855 239 533
1855 260 565
1855 260 504
1855 285 532
1855 370 566
1855 308 669
1855 220 631
1855 343 490
1855 349 845
1855 388 689
1855 389 861
1855 63 943
1855 279 665
1855 392 686
1855 308 583
1860 240 536
1860 77 463
1860 286 530
1860 262 509
1860 259 568
1860 309 180
1860 280 658
1860 218 631
1860 356 832
1860 298 576
1860 305 670
1860 345 494
1860 345 498
1860 61 945
1860 390 851
1860 365 847
1865 286 528
1865 280 525
1865 464 521
1865 242 536
1865 74 460
1865 263 566
1865 54 921
1865 351 516
1865 348 513
1865 305 674
1865 300 577
1865 351 832
1865 281 665
1865 217 629
1865 392 855
1865 353 704
1870 289 521
1870 74 491
1870 274 499
1870 241 536
1870 302 574
1870 368 726
1870 56 917
1870 259 565
1870 460 515
1870 346 849
1870 313 671
1870 278 664
1870 216 628
1870 351 517
1870 375 528
1870 386 863
1870 356 520
1870 368 724
1875 64 512
1875 306 670
1875 242 532
1875 349 853
1875 353 758
1875 283 511
1875 258 570
1875 300 570
1875 465 477
1875 379 519
1875 283 670
1875 222 631
1875 349 515
1875 275 500
1875 391 866
1875 58 872
1875 304 668
1875 351 514
1875 439 507
1875 279 663
1880 281 525
1880 299 570
1880 468 439
1880 273 501
1880 358 839
1880 241 534
1880 281 665
1880 262 572
1880 357 516
1880 302 674
1880 50 868
1880 221 631
1880 348 516
1880 326 766
1880 336 750
1880 65 530
1880 380 504
1880 394 855
1885 286 529
1885 297 575
1885 317 671
1885 261 563
1885 242 533
1885 350 854
1885 343 514
1885 219 631
1885 277 667
1885 352 507
1885 59 845
1885 267 510
1885 389 860
1885 70 560
1885 373 495
1885 317 745
1885 432 509
1890 265 567
1890 243 530
1890 284 530
1890 452 423
1890 284 766
1890 312 668
1890 298 570
1890 349 520
1890 374 484
1890 346 517
1890 257 501
1890 217 634
1890 357 836
1890 52 841
1890 277 723
1890 461 465
1890 286 768
1890 391 868
1890 457 420
1890 288 684
1895 242 534
1895 281 538
1895 437 458
1895 257 507
1895 82 778
1895 308 674
1895 219 634
1895 263 568
1895 365 480
1895 297 577
1895 352 849
1895 364 479
1895 260 728
1895 389 859
1895 462 423
1895 281 709
1895 437 455
1895 479 818
1900 429 450
1900 287 532
1900 244 532
1900 351 493
1900 311 666
1900 354 476
1900 298 573
1900 264 508
1900 353 839
1900 394 867
1900 219 633
1900 89 746
1900 262 567
1900 385 495
1900 243 715
1900 453 391
1900 242 726
1900 354 1169
1900 429 456
1905 308 672
1905 267 506
1905 242 536
1905 284 529
1905 427 452
1905 220 633
1905 275 665
1905 365 499
1905 349 851
1905 340 463
1905 303 566
1905 370 495
1905 264 576
1905 394 858
1905 462 762
1905 476 864
1910 283 527
1910 238 533
1910 309 673
1910 424 375
1910 269 509
1910 403 839
1910 301 570
1910 259 576
1910 221 640
1910 452 756
1910 334 459
1910 355 842
1910 198 673
1910 355 516
1910 385 516
1910 277 658
1910 200 667
1910 207 664
1910 415 408
1915 418 379
1915 241 534
1915 283 530
1915 267 571
1915 307 667
1915 221 634
1915 104 697
1915 267 510
1915 392 848
1915 352 848
1915 435 907
1915 404 355
1915 186 635
1915 182 656
1915 279 661
1915 418 743
1915 321 447
1915 304 589
1915 397 383
1915 317 449
1920 285 531
1920 218 634
1920 362 840
1920 391 374
1920 264 566
1920 240 537
1920 267 511
1920 398 345
1920 390 861
1920 418 908
1920 303 673
1920 396 541
1920 283 670
1920 83 678
1920 428 464
1920 384 748
1920 159 613
1920 162 643
1920 312 463
1920 382 864
1920 298 605
1920 457 720
1925 302 670
1925 238 535
1925 294 521
1925 265 505
1925 278 665
1925 401 334
1925 414 924
1925 401 334
1925 264 568
1925 300 570
1925 391 863
1925 83 661
1925 352 834
1925 218 633
1925 308 468
1925 446 385
1925 179 586
1925 279 434
1925 180 598
1925 363 739
1925 433 724
1925 405 915
1925 376 871
1925 371 728
1930 389 336
1930 391 935
1930 242 540
1930 308 670
1930 262 567
1930 81 640
1930 217 629
1930 415 717
1930 263 517
1930 393 853
1930 278 667
1930 171 546
1930 369 852
1930 300 567
1930 272 435
1930 459 368
1930 271 436
1930 336 741
1930 150 590
1930 283 525
1930 170 557
1930 404 329
1930 475 816
1935 285 523
1935 242 534
1935 101 609
1935 308 672
1935 395 848
1935 267 505
1935 266 574
1935 220 627
1935 280 667
1935 357 839
1935 298 574
1935 424 568
1935 311 732
1935 57 615
1935 133 551
1935 382 968
1935 306 671
1935 471 852
1935 383 970
1935 415 312
1940 363 981
1940 284 534
1940 371 999
1940 265 575
1940 129 520
1940 102 594
1940 238 536
1940 297 574
1940 262 508
1940 219 630
1940 128 528
1940 354 843
1940 461 866
1940 392 270
1940 280 673
1940 318 675
1940 426 576
1940 359 729
1940 446 308
1940 399 834
1940 476 867
1945 286 530
1945 353 831
1945 362 1009
1945 233 543
1945 263 506
1945 449 882
1945 353 830
1945 219 633
1945 395 833
1945 298 572
1945 390 265
1945 265 578
1945 318 678
1945 425 571
1945 142 461
1945 118 496
1945 211 442
1945 428 294
1950 41 277
1950 350 1035
1950 238 536
1950 264 502
1950 284 531
1950 350 841
1950 306 675
1950 219 626
1950 135 444
1950 430 907
1950 187 441
1950 394 230
1950 259 567
1950 300 571
1950 384 867
1950 422 577
1950 110 476
1950 278 671
1950 247 750
1950 227 468
1950 253 750
1950 381 1161
1950 380 228
1955 305 671
1955 53 271
1955 264 505
1955 298 573
1955 285 529
1955 359 232
1955 350 844
1955 234 522
1955 368 205
1955 184 438
1955 416 249
1955 221 632
1955 421 571
1955 387 861
1955 227 473
1955 254 577
1955 129 411
1955 279 700
1955 267 757
1955 325 1035
1955 222 748
1960 90 404
1960 304 676
1960 224 628
1960 265 505
1960 287 529
1960 300 570
1960 262 574
1960 46 505
1960 344 217
1960 425 544
1960 242 529
1960 407 233
1960 214 475
1960 125 382
1960 159 443
1960 397 845
1960 380 869
1960 382 867
1960 43 301
1960 409 928
1965 286 526
1965 241 538
1965 397 836
1965 264 506
1965 300 573
1965 391 971
1965 400 959
1965 93 378
1965 416 547
1965 207 478
1965 224 624
1965 279 669
1965 356 845
1965 69 481
1965 145 444
1965 263 570
1965 157 742
1965 346 192
1965 287 1093
1965 239 724
1965 477 834
1970 80 349
1970 262 569
1970 302 677
1970 242 534
1970 401 833
1970 264 506
1970 300 570
1970 286 526
1970 360 164
1970 398 527
1970 223 630
1970 132 745
1970 67 463
1970 354 845
1970 402 828
1970 278 664
1970 384 990
1970 476 851
1970 419 996
1970 144 447
1970 277 1113
1970 292 1148
1970 477 839
1970 27 396
1975 240 537
1975 287 528
1975 401 829
1975 290 1165
1975 264 565
1975 66 436
1975 266 504
1975 300 572
1975 353 832
1975 384 1046
1975 282 667
1975 354 149
1975 221 629
1975 281 1145
1975 103 307
1975 413 1018
1975 117 457
1975 384 512
1975 465 859
1975 362 1023
1975 83 432
1980 284 529
1980 110 282
1980 239 539
1980 401 833
1980 265 509
1980 263 569
1980 51 422
1980 218 631
1980 299 572
1980 355 842
1980 300 661
1980 355 839
1980 448 882
1980 78 415
1980 372 481
1980 368 1022
1980 178 487
1980 312 134
1980 103 456
1980 160 733
1980 254 1150
1980 441 1016
1985 352 1062
1985 241 535
1985 397 836
1985 217 633
1985 76 402
1985 284 525
1985 262 569
1985 354 839
1985 265 505
1985 279 663
1985 244 1202
1985 178 483
1985 303 577
1985 315 115
1985 360 463
1985 75 396
1985 357 835
1985 363 1080
1985 394 1104
1985 440 899
1990 78 470
1990 41 268
1990 266 568
1990 239 537
1990 224 628
1990 264 507
1990 364 1081
1990 395 851
1990 300 572
1990 355 843
1990 241 1207
1990 280 668
1990 175 486
1990 357 421
1990 416 941
1990 281 520
1990 455 933
1990 225 1197
1990 367 1102
1990 66 385
1995 280 522
1995 67 479
1995 261 571
1995 354 835
1995 223 623
1995 298 575
1995 266 504
1995 238 541
1995 399 834
1995 64 288
1995 404 947
1995 345 398
1995 277 668
1995 174 487
1995 300 676
1995 218 1215
1995 345 1179
1995 215 1202
