1800 381 788
1800 244 533
1800 75 483
1800 221 624
1800 294 1122
1800 247 72
1800 298 547
1800 320 820
1800 307 648
1800 261 591
1800 306 592
1800 268 503
1820 252 538
1820 220 614
1820 246 1319
1820 234 1290
1820 220 1231
1820 296 543
1820 367 868
1820 255 595
1820 309 594
1820 266 497
1840 252 562
1840 77 456
1840 222 631
1840 148 1378
1840 400 658
1840 300 549
1840 331 868
1840 293 658
1840 304 579
1840 267 501
1860 391 858
1860 250 531
1860 79 454
1860 218 632
1860 299 541
1860 255 588
1860 314 596
1860 268 508
1880 252 538
1880 219 624
1880 469 435
1880 298 524
1880 349 861
1880 308 581
1880 271 496
1900 393 853
1900 358 476
1900 252 538
1900 426 398
1900 60 652
1900 4 644
1900 225 630
1900 296 537
1900 310 579
1900 272 504
1920 385 754
1920 164 626
1920 239 554
1920 381 401
1920 103 678
1920 11 499
1920 222 636
1920 304 471
1920 301 539
1920 364 853
1920 301 670
1920 268 621
1920 271 504
1940 345 740
1940 345 282
1940 372 1000
1940 250 544
1940 423 301
1940 219 623
1940 275 482
1940 298 529
1940 314 672
1940 262 598
1940 304 596
1940 275 494
1940 389 266
1960 425 539
1960 246 541
1960 71 503
1960 225 632
1960 426 544
1960 299 551
1960 308 678
1960 308 575
1960 274 516
1960 219 484
1980 394 829
1980 54 278
1980 247 546
1980 69 440
1980 221 631
1980 380 1110
1980 296 529
1980 358 852
1980 260 589
1980 304 581
1980 268 502
