1800 438 827
1800 239 532
1800 77 491
1800 39 927
1800 217 629
1800 293 1148
1800 282 656
1800 433 614
1800 369 763
1800 394 825
1800 283 532
1800 317 810
1800 306 652
1800 265 569
1800 299 570
1800 261 501
1820 425 391
1820 240 535
1820 37 912
1820 217 626
1820 235 1274
1820 276 664
1820 455 641
1820 382 846
1820 232 1259
1820 413 635
1820 285 526
1820 86 423
1820 262 568
1820 299 567
1820 260 499
1840 386 854
1840 418 653
1840 239 534
1840 81 459
1840 60 929
1840 217 627
1840 278 663
1840 404 826
1840 360 618
1840 283 527
1840 351 838
1840 261 566
1840 298 567
1840 259 503
1860 341 497
1860 344 502
1860 311 180
1860 367 685
1860 383 715
1860 239 534
1860 358 694
1860 77 468
1860 55 922
1860 217 626
1860 278 661
1860 386 856
1860 374 560
1860 286 529
1860 344 849
1860 261 568
1860 293 596
1860 259 504
1880 345 515
1880 333 749
1880 377 511
1880 467 443
1880 241 533
1880 48 867
1880 219 626
1880 378 505
1880 280 659
1880 387 860
1880 281 524
1880 348 855
1880 263 567
1880 299 568
1880 272 499
1900 348 493
1900 357 844
1900 238 722
1900 353 495
1900 430 431
1900 243 530
1900 61 644
1900 34 1032
1900 216 629
1900 361 1187
1900 387 491
1900 433 393
1900 457 401
1900 385 861
1900 287 528
1900 352 836
1900 266 569
1900 297 569
1900 87 752
1900 262 502
1920 335 501
1920 295 441
1920 372 876
1920 425 446
1920 238 533
1920 400 340
1920 81 678
1920 218 632
1920 384 750
1920 381 376
1920 385 856
1920 421 915
1920 283 528
1920 346 849
1920 263 562
1920 266 507
1940 354 734
1940 382 869
1940 452 292
1940 371 289
1940 461 868
1940 365 984
1940 238 536
1940 388 263
1940 217 629
1940 276 668
1940 427 579
1940 359 979
1940 396 827
1940 126 528
1940 283 532
1940 347 853
1940 315 661
1940 266 571
1940 298 572
1940 98 592
1940 262 500
1940 125 530
1960 407 233
1960 88 409
1960 242 529
1960 58 498
1960 222 625
1960 422 560
1960 399 842
1960 343 215
1960 431 919
1960 285 530
1960 156 443
1960 124 381
1960 355 849
1960 265 564
1960 300 566
1960 264 504
1960 216 473
1980 354 838
1980 383 863
1980 310 134
1980 112 341
1980 450 883
1980 239 536
1980 218 628
1980 350 1178
1980 373 494
1980 288 667
1980 364 1025
1980 398 833
1980 283 524
1980 352 843
1980 275 1166
1980 78 421
1980 264 565
1980 300 567
1980 264 504
1980 446 1014
