1800 373 771
1800 438 833
1800 240 537
1800 76 493
1800 37 914
1800 218 632
1800 293 1130
1800 282 658
1800 430 619
1800 373 766
1800 395 834
1800 281 534
1800 319 814
1800 294 1111
1800 306 663
1800 263 576
1800 299 571
1800 262 502
1820 424 393
1820 239 534
1820 39 904
1820 217 626
1820 235 1279
1820 278 672
1820 454 645
1820 384 849
1820 230 1247
1820 416 647
1820 284 529
1820 306 669
1820 86 423
1820 260 577
1820 299 569
1820 259 502
1840 361 619
1840 365 646
1840 418 652
1840 403 657
1840 240 537
1840 80 461
1840 60 926
1840 218 630
1840 277 674
1840 409 827
1840 363 627
1840 284 532
1840 338 855
1840 304 669
1840 260 572
1840 298 572
1840 259 505
1860 344 501
1860 339 508
1860 311 186
1860 368 696
1860 240 539
1860 359 705
1860 75 467
1860 54 927
1860 217 631
1860 278 676
1860 388 865
1860 374 565
1860 285 536
1860 348 851
1860 308 671
1860 258 576
1860 293 599
1860 260 508
1880 347 516
1880 335 752
1880 377 514
1880 468 442
1880 241 534
1880 46 864
1880 221 627
1880 377 515
1880 279 663
1880 318 731
1880 390 865
1880 282 528
1880 326 772
1880 357 844
1880 304 673
1880 262 574
1880 299 571
1880 271 501
1900 354 481
1900 352 470
1900 239 730
1900 359 491
1900 432 440
1900 238 713
1900 469 808
1900 244 534
1900 60 647
1900 217 632
1900 391 496
1900 429 449
1900 446 395
1900 391 869
1900 361 491
1900 285 535
1900 354 836
1900 306 675
1900 266 570
1900 300 580
1900 86 763
1900 264 508
1920 347 534
1920 296 442
1920 108 677
1920 425 451
1920 168 615
1920 240 535
1920 400 342
1920 83 684
1920 218 632
1920 289 675
1920 388 759
1920 379 381
1920 390 863
1920 421 929
1920 285 529
1920 355 838
1920 265 566
1920 267 508
1940 359 730
1940 450 306
1940 465 870
1940 365 987
1940 238 536
1940 391 275
1940 217 632
1940 278 670
1940 427 576
1940 360 981
1940 455 286
1940 399 836
1940 130 526
1940 476 866
1940 284 533
1940 351 846
1940 309 682
1940 264 579
1940 297 578
1940 99 593
1940 262 506
1940 126 532
1960 400 227
1960 89 405
1960 242 533
1960 56 500
1960 223 627
1960 423 562
1960 397 898
1960 343 218
1960 426 551
1960 418 955
1960 284 533
1960 158 443
1960 124 382
1960 348 849
1960 264 566
1960 299 569
1960 264 505
1960 213 476
1980 306 133
1980 83 350
1980 449 887
1980 239 538
1980 158 734
1980 46 420
1980 216 630
1980 372 485
1980 286 673
1980 365 1026
1980 398 837
1980 283 530
1980 176 495
1980 354 847
1980 78 415
1980 264 569
1980 298 571
1980 264 508
1980 105 466
1980 441 1007
