1800 438 827
1800 239 533
1800 78 486
1800 39 926
1800 217 627
1800 285 1118
1800 280 654
1800 430 611
1800 370 763
1800 393 827
1800 475 648
1800 282 532
1800 316 816
1800 306 657
1800 262 571
1800 299 569
1800 261 501
1820 420 387
1820 240 532
1820 38 909
1820 219 625
1820 236 1279
1820 281 664
1820 454 635
1820 381 848
1820 227 1243
1820 414 636
1820 285 529
1820 86 423
1820 260 571
1820 299 564
1820 259 501
1840 360 616
1840 413 663
1840 405 657
1840 239 534
1840 80 458
1840 65 946
1840 218 629
1840 277 668
1840 405 828
1840 388 660
1840 284 531
1840 348 835
1840 302 669
1840 258 571
1840 298 569
1840 259 504
1860 339 497
1860 339 507
1860 309 182
1860 369 692
1860 239 535
1860 353 699
1860 76 462
1860 54 935
1860 216 627
1860 280 669
1860 388 861
1860 374 558
1860 285 533
1860 351 837
1860 307 667
1860 259 566
1860 296 601
1860 260 506
1880 346 515
1880 333 747
1880 377 506
1880 467 440
1880 240 532
1880 45 863
1880 220 624
1880 280 662
1880 320 722
1880 395 853
1880 282 526
1880 326 758
1880 356 839
1880 302 674
1880 262 566
1880 299 567
1880 270 498
1900 347 500
1900 357 489
1900 428 441
1900 242 532
1900 59 642
1900 32 994
1900 217 627
1900 389 497
1900 455 394
1900 388 859
1900 285 535
1900 354 830
1900 304 672
1900 261 568
1900 296 570
1900 86 748
1900 263 506
1920 343 507
1920 294 443
1920 430 456
1920 155 639
1920 237 536
1920 397 336
1920 81 677
1920 218 630
1920 280 663
1920 377 371
1920 387 857
1920 423 929
1920 308 476
1920 286 530
1920 354 832
1920 263 566
1920 295 609
1920 266 507
1940 352 729
1940 448 308
1940 462 875
1940 358 982
1940 238 534
1940 390 271
1940 291 739
1940 218 628
1940 278 662
1940 427 574
1940 358 979
1940 397 829
1940 129 519
1940 283 534
1940 350 841
1940 315 669
1940 264 573
1940 298 572
1940 98 590
1940 262 504
1940 127 530
1960 401 224
1960 89 401
1960 241 531
1960 48 499
1960 222 625
1960 424 555
1960 397 859
1960 333 206
1960 415 946
1960 286 530
1960 159 439
1960 124 381
1960 352 829
1960 262 565
1960 300 567
1960 57 499
1960 265 504
1960 211 475
1980 352 824
1980 310 133
1980 109 299
1980 448 883
1980 238 536
1980 59 417
1980 221 628
1980 253 1152
1980 372 490
1980 248 1168
1980 289 670
1980 377 1012
1980 399 829
1980 283 525
1980 174 494
1980 354 840
1980 78 412
1980 263 567
1980 299 569
1980 265 505
1980 86 425
1980 445 1014
