1800 370 760
1800 439 824
1800 239 531
1800 76 487
1800 38 908
1800 217 623
1800 298 1171
1800 282 643
1800 436 611
1800 373 763
1800 392 824
1800 283 529
1800 318 810
1800 293 1111
1800 307 650
1800 264 567
1800 300 567
1800 261 499
1820 420 386
1820 240 531
1820 39 894
1820 216 620
1820 227 1263
1820 280 661
1820 454 629
1820 428 517
1820 411 838
1820 224 1227
1820 416 636
1820 285 527
1820 308 660
1820 86 421
1820 262 567
1820 299 563
1820 260 498
1840 362 612
1840 376 310
1840 368 639
1840 422 643
1840 238 531
1840 80 458
1840 63 926
1840 218 625
1840 277 665
1840 405 823
1840 363 617
1840 283 525
1840 341 848
1840 303 662
1840 261 562
1840 298 567
1840 259 501
1860 340 492
1860 341 492
1860 309 178
1860 368 689
1860 386 701
1860 238 533
1860 75 463
1860 58 930
1860 216 624
1860 279 670
1860 390 851
1860 374 553
1860 286 527
1860 353 831
1860 307 665
1860 261 563
1860 299 564
1860 260 503
1880 346 512
1880 335 746
1880 378 505
1880 465 437
1880 239 529
1880 46 860
1880 218 623
1880 379 504
1880 283 660
1880 399 845
1880 280 522
1880 328 751
1880 355 840
1880 306 668
1880 263 556
1880 299 563
1880 269 496
1880 304 658
1900 349 480
1900 237 715
1900 355 474
1900 430 428
1900 242 529
1900 59 642
1900 217 626
1900 344 1163
1900 391 493
1900 390 493
1900 448 390
1900 397 843
1900 350 501
1900 285 530
1900 352 828
1900 313 662
1900 264 563
1900 295 569
1900 93 749
1900 263 504
1920 345 518
1920 294 439
1920 431 449
1920 171 610
1920 237 534
1920 399 337
1920 80 677
1920 218 628
1920 285 664
1920 383 735
1920 402 343
1920 391 845
1920 424 916
1920 321 473
1920 285 526
1920 354 830
1920 263 563
1920 296 596
1920 265 503
1940 354 730
1940 431 315
1940 362 285
1940 460 867
1940 358 982
1940 238 532
1940 390 265
1940 217 625
1940 279 659
1940 428 573
1940 358 979
1940 397 823
1940 127 517
1940 475 866
1940 284 526
1940 351 837
1940 314 664
1940 266 565
1940 299 569
1940 101 585
1940 261 499
1940 127 522
1960 409 230
1960 260 724
1960 89 400
1960 241 530
1960 43 497
1960 221 625
1960 425 542
1960 407 853
1960 342 211
1960 422 925
1960 285 527
1960 159 439
1960 124 379
1960 353 826
1960 262 559
1960 301 564
1960 265 502
1960 215 469
1980 310 132
1980 114 309
1980 448 866
1980 238 531
1980 155 726
1980 61 420
1980 220 623
1980 374 480
1980 294 660
1980 379 1006
1980 374 479
1980 399 821
1980 283 524
1980 175 487
1980 354 828
1980 80 412
1980 264 559
1980 300 565
1980 264 502
1980 99 443
1980 451 988
