1800 372 763
1800 438 834
1800 240 533
1800 77 487
1800 35 900
1800 216 627
1800 287 1120
1800 285 654
1800 432 616
1800 373 764
1800 295 1191
1800 397 832
1800 473 643
1800 283 530
1800 372 766
1800 290 1110
1800 306 667
1800 264 569
1800 301 569
1800 263 500
1820 423 389
1820 241 532
1820 34 893
1820 219 619
1820 230 1265
1820 285 665
1820 454 642
1820 382 849
1820 227 1240
1820 413 647
1820 286 526
1820 345 852
1820 308 668
1820 260 568
1820 301 566
1820 260 500
1840 416 665
1840 394 654
1840 241 534
1840 80 455
1840 54 925
1840 220 626
1840 277 666
1840 408 836
1840 363 616
1840 283 524
1840 364 619
1840 346 838
1840 307 674
1840 262 561
1840 299 569
1840 260 504
1860 348 501
1860 364 848
1860 343 497
1860 309 180
1860 371 691
1860 240 532
1860 76 460
1860 50 925
1860 217 629
1860 368 1228
1860 376 563
1860 281 658
1860 389 860
1860 377 560
1860 286 526
1860 344 847
1860 310 670
1860 261 566
1860 312 588
1860 261 507
1880 349 516
1880 333 754
1880 357 514
1880 241 532
1880 46 863
1880 221 628
1880 379 506
1880 284 664
1880 393 865
1880 282 524
1880 320 748
1880 347 856
1880 300 683
1880 264 574
1880 301 567
1880 273 500
1900 355 482
1900 239 715
1900 354 481
1900 430 439
1900 242 703
1900 462 830
1900 244 529
1900 218 624
1900 392 497
1900 428 457
1900 446 394
1900 396 869
1900 288 527
1900 350 839
1900 304 672
1900 263 565
1900 298 572
1900 89 752
1900 264 509
1920 314 463
1920 396 539
1920 432 466
1920 158 626
1920 238 536
1920 399 340
1920 78 679
1920 218 631
1920 283 666
1920 390 382
1920 390 862
1920 422 922
1920 317 473
1920 283 526
1920 348 855
1920 264 561
1920 300 602
1920 265 510
1940 357 731
1940 451 305
1940 368 291
1940 458 872
1940 368 996
1940 239 535
1940 392 266
1940 295 729
1940 217 626
1940 281 665
1940 427 577
1940 360 980
1940 398 832
1940 124 519
1940 284 529
1940 348 845
1940 312 676
1940 264 567
1940 300 570
1940 100 592
1940 265 500
1940 125 528
1960 411 240
1960 373 174
1960 259 735
1960 88 403
1960 241 531
1960 50 502
1960 219 625
1960 426 546
1960 403 849
1960 346 218
1960 427 548
1960 417 931
1960 285 525
1960 159 439
1960 123 379
1960 345 842
1960 305 673
1960 262 570
1960 301 567
1960 265 505
1960 213 475
1980 308 131
1980 106 289
1980 450 883
1980 239 535
1980 156 731
1980 48 415
1980 221 623
1980 357 1170
1980 372 482
1980 258 1154
1980 282 665
1980 407 1040
1980 367 1028
1980 398 838
1980 283 524
1980 178 483
1980 351 846
1980 77 412
1980 264 567
1980 299 571
1980 264 508
1980 88 429
1980 445 1016
