1800 438 828
1800 239 534
1800 78 487
1800 34 943
1800 216 630
1800 284 1125
1800 285 656
1800 432 613
1800 372 763
1800 395 826
1800 476 644
1800 283 532
1800 318 813
1800 289 1112
1800 307 667
1800 263 573
1800 299 570
1800 261 502
1820 422 387
1820 239 532
1820 35 914
1820 217 626
1820 230 1279
1820 280 674
1820 453 639
1820 418 843
1820 226 1246
1820 414 642
1820 285 528
1820 364 839
1820 83 422
1820 258 575
1820 299 564
1820 260 498
1840 362 613
1840 413 646
1840 240 533
1840 80 458
1840 59 927
1840 217 628
1840 278 669
1840 408 828
1840 390 654
1840 283 529
1840 360 611
1840 352 836
1840 297 675
1840 260 569
1840 298 570
1840 259 502
1860 342 492
1860 343 496
1860 309 181
1860 368 691
1860 239 536
1860 361 693
1860 76 467
1860 63 947
1860 216 628
1860 278 659
1860 388 854
1860 375 552
1860 286 531
1860 348 842
1860 258 571
1860 292 593
1860 260 505
1880 347 513
1880 335 748
1880 377 506
1880 467 436
1880 239 532
1880 46 864
1880 218 625
1880 284 664
1880 328 738
1880 397 846
1880 281 524
1880 329 757
1880 356 836
1880 262 565
1880 298 570
1880 269 498
1900 345 503
1900 241 729
1900 349 498
1900 431 426
1900 234 719
1900 242 533
1900 60 643
1900 216 631
1900 352 1174
1900 385 492
1900 432 439
1900 448 388
1900 393 869
1900 367 485
1900 286 532
1900 354 834
1900 263 577
1900 295 572
1900 82 756
1900 265 506
1920 296 440
1920 85 689
1920 397 536
1920 434 461
1920 153 643
1920 236 534
1920 80 682
1920 218 632
1920 287 669
1920 385 760
1920 385 376
1920 392 845
1920 397 536
1920 419 913
1920 283 525
1920 358 838
1920 263 569
1920 266 506
1940 358 728
1940 452 302
1940 364 290
1940 461 867
1940 363 990
1940 238 535
1940 388 263
1940 297 733
1940 217 630
1940 279 669
1940 428 572
1940 360 981
1940 397 825
1940 126 522
1940 285 532
1940 351 840
1940 309 678
1940 261 581
1940 298 571
1940 101 590
1940 263 500
1940 126 530
1960 406 234
1960 89 401
1960 239 531
1960 418 260
1960 42 495
1960 221 626
1960 425 550
1960 397 846
1960 337 209
1960 416 944
1960 286 527
1960 159 441
1960 123 384
1960 356 840
1960 261 575
1960 299 569
1960 264 504
1960 213 475
1980 370 1058
1980 297 125
1980 110 288
1980 448 879
1980 237 538
1980 159 738
1980 32 421
1980 218 629
1980 373 480
1980 309 657
1980 406 1044
1980 367 1024
1980 400 835
1980 284 526
1980 175 491
1980 354 840
1980 74 411
1980 262 568
1980 299 570
1980 264 505
1980 85 422
1980 446 1013
