1800 372 766
1800 436 828
1800 311 815
1800 239 532
1800 73 491
1800 216 625
1800 286 1117
1800 427 613
1800 397 839
1800 285 533
1800 303 653
1800 261 576
1800 300 574
1800 261 500
1820 412 639
1820 424 387
1820 417 848
1820 240 538
1820 47 924
1820 219 622
1820 306 635
1820 414 843
1820 218 1238
1820 415 643
1820 285 527
1820 317 688
1820 259 577
1820 301 568
1820 261 496
1840 413 659
1840 241 534
1840 77 455
1840 54 931
1840 219 624
1840 278 665
1840 402 843
1840 387 661
1840 424 649
1840 284 525
1840 324 866
1840 301 666
1840 256 576
1840 300 573
1840 260 499
1860 341 497
1860 312 182
1860 391 689
1860 241 543
1860 74 459
1860 58 955
1860 215 628
1860 300 667
1860 392 861
1860 373 557
1860 288 529
1860 342 849
1860 260 574
1860 300 584
1860 261 503
1880 375 513
1880 468 432
1880 327 757
1880 238 530
1880 46 868
1880 217 626
1880 289 676
1880 393 874
1880 283 523
1880 359 838
1880 263 581
1880 299 571
1880 268 494
1900 341 468
1900 349 472
1900 424 443
1900 458 821
1900 243 528
1900 432 386
1900 216 625
1900 374 484
1900 303 666
1900 392 868
1900 289 528
1900 301 663
1900 263 567
1900 302 578
1900 88 757
1900 261 499
1920 394 545
1920 158 632
1920 408 902
1920 235 541
1920 410 345
1920 88 686
1920 218 634
1920 291 670
1920 399 356
1920 389 872
1920 285 522
1920 347 843
1920 262 574
1920 297 607
1920 262 505
1940 350 733
1940 364 285
1940 444 871
1940 377 999
1940 236 535
1940 388 259
1940 213 623
1940 298 662
1940 357 985
1940 394 848
1940 284 531
1940 315 668
1940 264 570
1940 299 571
1940 253 494
1940 127 520
1960 425 542
1960 419 177
1960 264 738
1960 81 404
1960 234 529
1960 432 242
1960 58 501
1960 219 628
1960 424 543
1960 396 882
1960 425 543
1960 289 526
1960 160 441
1960 124 380
1960 303 671
1960 256 586
1960 301 566
1960 265 500
1960 215 470
1980 303 116
1980 110 280
1980 450 882
1980 233 545
1980 158 727
1980 66 421
1980 218 624
1980 290 665
1980 360 1045
1980 395 838
1980 285 526
1980 73 410
1980 261 582
1980 299 573
1980 263 502
1980 98 427
