1800 440 822
1800 239 532
1800 78 484
1800 41 924
1800 216 625
1800 294 1186
1800 430 607
1800 373 762
1800 398 824
1800 284 529
1800 316 807
1800 308 652
1800 261 566
1800 300 569
1800 261 499
1820 422 385
1820 238 532
1820 39 889
1820 217 621
1820 233 1279
1820 278 663
1820 453 630
1820 416 836
1820 222 1228
1820 285 526
1820 360 835
1820 87 418
1820 261 569
1820 301 566
1820 260 498
1840 414 642
1840 239 531
1840 81 456
1840 67 941
1840 218 627
1840 275 667
1840 404 830
1840 391 653
1840 282 526
1840 352 833
1840 298 660
1840 259 562
1840 297 564
1840 259 501
1860 341 493
1860 342 492
1860 307 180
1860 239 532
1860 77 457
1860 216 627
1860 278 652
1860 389 845
1860 288 526
1860 348 839
1860 262 563
1860 301 574
1860 260 500
1880 347 512
1880 334 745
1880 238 528
1880 47 861
1880 220 627
1880 380 502
1880 282 664
1880 395 844
1880 282 523
1880 328 740
1880 346 848
1880 262 558
1880 299 562
1880 268 494
1900 349 494
1900 238 722
1900 354 469
1900 430 438
1900 243 530
1900 62 649
1900 218 629
1900 383 494
1900 396 839
1900 289 524
1900 349 835
1900 265 567
1900 296 565
1900 89 752
1900 263 502
1920 341 509
1920 396 539
1920 238 536
1920 398 337
1920 83 685
1920 218 631
1920 380 759
1920 384 377
1920 384 855
1920 416 901
1920 286 525
1920 350 838
1920 264 561
1920 300 589
1920 265 502
1940 353 730
1940 451 286
1940 459 867
1940 361 983
1940 237 531
1940 394 273
1940 216 621
1940 427 571
1940 358 980
1940 398 827
1940 287 525
1940 347 839
1940 309 670
1940 264 564
1940 300 570
1940 259 505
1940 126 522
1960 409 236
1960 89 397
1960 240 527
1960 70 499
1960 220 627
1960 426 541
1960 398 848
1960 336 208
1960 414 937
1960 286 526
1960 344 845
1960 258 566
1960 301 565
1960 265 502
1960 213 473
1980 113 280
1980 449 883
1980 236 536
1980 61 413
1980 218 624
1980 381 489
1980 251 1159
1980 285 663
1980 367 1024
1980 396 820
1980 283 523
1980 347 844
1980 78 412
1980 263 565
1980 300 564
1980 264 502
