1800 439 824
1800 238 533
1800 76 490
1800 37 903
1800 219 632
1800 287 1133
1800 281 658
1800 444 605
1800 370 761
1800 294 1190
1800 397 829
1800 282 533
1800 318 811
1800 291 1114
1800 305 662
1800 263 569
1800 298 569
1800 261 502
1820 382 852
1820 423 389
1820 158 1343
1820 240 532
1820 40 902
1820 217 625
1820 231 1283
1820 278 671
1820 457 639
1820 416 837
1820 224 1225
1820 415 634
1820 417 637
1820 284 527
1820 87 422
1820 261 568
1820 299 568
1820 261 498
1840 384 860
1840 394 333
1840 362 630
1840 422 650
1840 239 533
1840 80 460
1840 59 926
1840 218 628
1840 277 666
1840 398 665
1840 407 824
1840 361 625
1840 283 528
1840 354 836
1840 300 666
1840 258 565
1840 298 567
1840 260 502
1860 341 496
1860 342 496
1860 310 180
1860 368 692
1860 238 535
1860 363 691
1860 76 464
1860 63 943
1860 216 630
1860 365 1231
1860 279 660
1860 384 702
1860 386 856
1860 374 560
1860 285 533
1860 344 845
1860 306 669
1860 260 570
1860 290 588
1860 259 505
1880 345 515
1880 333 745
1880 377 509
1880 466 437
1880 240 531
1880 48 865
1880 219 626
1880 378 505
1880 280 662
1880 332 743
1880 467 432
1880 386 860
1880 282 525
1880 349 855
1880 262 565
1880 299 567
1880 270 499
1900 345 501
1900 356 845
1900 240 728
1900 350 480
1900 426 437
1900 466 760
1900 242 530
1900 61 645
1900 32 988
1900 216 629
1900 366 1194
1900 385 493
1900 403 830
1900 422 438
1900 462 420
1900 387 858
1900 285 532
1900 353 836
1900 301 674
1900 261 567
1900 293 571
1900 88 754
1900 263 505
1920 327 493
1920 295 442
1920 110 676
1920 369 876
1920 397 537
1920 426 454
1920 38 257
1920 237 534
1920 408 351
1920 80 679
1920 218 634
1920 357 1193
1920 280 666
1920 384 740
1920 379 372
1920 387 855
1920 422 914
1920 284 525
1920 311 462
1920 348 847
1920 262 562
1920 296 594
1920 266 504
1940 354 975
1940 375 872
1940 451 296
1940 366 287
1940 461 869
1940 362 985
1940 238 536
1940 385 260
1940 218 629
1940 297 720
1940 428 578
1940 358 981
1940 396 832
1940 127 523
1940 285 529
1940 349 852
1940 313 673
1940 264 570
1940 295 574
1940 74 583
1940 262 499
1940 126 531
1960 397 222
1960 89 401
1960 240 530
1960 418 281
1960 46 497
1960 221 625
1960 423 555
1960 390 861
1960 341 210
1960 425 926
1960 284 532
1960 159 440
1960 124 380
1960 354 841
1960 262 568
1960 300 564
1960 65 500
1960 264 504
1960 217 469
1980 299 125
1980 109 311
1980 449 880
1980 239 532
1980 45 418
1980 218 626
1980 341 1144
1980 370 483
1980 281 670
1980 407 1037
1980 366 1024
1980 397 834
1980 283 527
1980 176 485
1980 353 845
1980 274 1168
1980 81 416
1980 263 566
1980 297 571
1980 264 504
1980 444 993
