1800 439 823
1800 318 815
1800 238 528
1800 75 487
1800 41 932
1800 215 620
1800 444 603
1800 396 831
1800 284 526
1800 289 1110
1800 304 659
1800 261 570
1800 298 571
1800 261 501
1820 426 392
1820 243 533
1820 43 903
1820 218 614
1820 226 1276
1820 290 660
1820 460 643
1820 222 1247
1820 415 657
1820 285 523
1820 81 421
1820 257 570
1820 300 563
1820 259 502
1840 362 609
1840 417 668
1840 318 871
1840 242 535
1840 77 456
1840 54 914
1840 219 625
1840 279 665
1840 400 840
1840 391 654
1840 283 524
1840 359 630
1840 289 671
1840 255 566
1840 296 569
1840 258 503
1860 343 496
1860 318 191
1860 386 685
1860 240 531
1860 75 459
1860 57 946
1860 214 626
1860 475 532
1860 387 863
1860 374 560
1860 288 528
1860 385 691
1860 350 837
1860 300 669
1860 258 569
1860 290 590
1860 259 507
1880 330 747
1880 237 528
1880 44 866
1880 217 625
1880 291 668
1880 386 864
1880 282 523
1880 260 566
1880 299 568
1880 62 528
1880 270 498
1900 345 477
1900 237 728
1900 351 482
1900 435 415
1900 462 820
1900 242 527
1900 59 646
1900 241 708
1900 216 623
1900 390 491
1900 280 671
1900 391 866
1900 290 525
1900 298 675
1900 263 569
1900 295 567
1900 89 761
1900 260 502
1920 445 466
1920 155 639
1920 170 604
1920 415 887
1920 237 539
1920 315 459
1920 80 690
1920 217 632
1920 288 667
1920 397 378
1920 392 844
1920 181 608
1920 414 896
1920 281 522
1920 360 838
1920 278 610
1920 258 573
1920 292 606
1920 263 507
1940 350 743
1940 468 288
1940 371 293
1940 366 994
1940 237 527
1940 396 273
1940 213 621
1940 301 692
1940 426 576
1940 360 981
1940 395 829
1940 123 531
1940 285 525
1940 309 676
1940 256 572
1940 297 574
1940 263 500
1940 147 505
1940 126 529
1960 259 729
1960 238 529
1960 45 511
1960 221 625
1960 307 1105
1960 299 655
1960 425 544
1960 391 863
1960 343 213
1960 288 527
1960 160 442
1960 124 381
1960 301 679
1960 253 573
1960 298 571
1960 264 505
1960 215 475
1980 379 488
1980 319 130
1980 110 290
1980 448 876
1980 237 539
1980 158 735
1980 65 420
1980 220 624
1980 338 1163
1980 381 487
1980 292 664
1980 398 834
1980 285 527
1980 169 497
1980 71 416
1980 256 572
1980 297 572
1980 263 506
1980 97 433
