1800 439 827
1800 239 533
1800 76 488
1800 36 911
1800 217 629
1800 290 1116
1800 283 651
1800 443 605
1800 369 759
1800 294 1189
1800 394 828
1800 281 531
1800 319 816
1800 293 1112
1800 308 651
1800 264 573
1800 300 569
1800 261 501
1820 422 389
1820 239 530
1820 37 898
1820 217 623
1820 234 1262
1820 283 672
1820 454 634
1820 385 855
1820 224 1244
1820 421 631
1820 284 527
1820 87 422
1820 260 573
1820 301 564
1820 259 500
1840 413 644
1840 240 532
1840 80 459
1840 62 930
1840 218 628
1840 279 666
1840 409 829
1840 361 612
1840 284 530
1840 298 670
1840 260 572
1840 299 569
1840 259 503
1860 340 498
1860 311 182
1860 369 692
1860 386 709
1860 239 534
1860 358 697
1860 76 465
1860 63 945
1860 216 630
1860 285 663
1860 391 850
1860 375 556
1860 286 532
1860 351 838
1860 260 574
1860 300 579
1860 260 506
1880 347 514
1880 334 758
1880 465 441
1880 241 532
1880 48 866
1880 219 625
1880 379 509
1880 295 571
1880 395 844
1880 281 524
1880 327 760
1880 354 849
1880 262 562
1880 300 566
1880 63 529
1880 270 497
1900 345 502
1900 237 714
1900 346 509
1900 431 438
1900 243 530
1900 60 643
1900 234 708
1900 218 630
1900 340 1173
1900 390 493
1900 279 661
1900 431 428
1900 443 392
1900 388 859
1900 287 533
1900 353 834
1900 264 567
1900 299 570
1900 90 744
1900 263 506
1920 330 479
1920 297 442
1920 109 678
1920 426 454
1920 170 610
1920 238 533
1920 407 352
1920 81 677
1920 218 631
1920 281 665
1920 380 748
1920 381 383
1920 389 856
1920 421 917
1920 284 524
1920 359 840
1920 264 566
1920 297 606
1920 265 505
1940 356 728
1940 449 302
1940 365 287
1940 459 871
1940 363 985
1940 238 535
1940 389 269
1940 216 625
1940 303 687
1940 427 575
1940 359 981
1940 397 827
1940 130 520
1940 475 866
1940 283 534
1940 353 841
1940 316 664
1940 266 572
1940 298 573
1940 102 592
1940 264 501
1940 128 525
1960 400 216
1960 256 736
1960 89 401
1960 241 530
1960 55 500
1960 221 625
1960 426 548
1960 397 838
1960 345 206
1960 427 546
1960 419 937
1960 286 529
1960 160 441
1960 371 852
1960 264 565
1960 301 566
1960 264 504
1960 215 474
1980 316 135
1980 114 283
1980 450 880
1980 238 535
1980 159 729
1980 55 419
1980 220 628
1980 375 492
1980 254 1156
1980 306 659
1980 366 1025
1980 400 825
1980 284 526
1980 178 488
1980 356 842
1980 78 417
1980 264 567
1980 300 568
1980 264 506
1980 102 455
1980 443 999
