1800 368 760
1800 438 826
1800 238 533
1800 77 487
1800 37 917
1800 218 631
1800 295 1136
1800 284 661
1800 435 613
1800 378 763
1800 399 830
1800 283 531
1800 317 813
1800 294 1113
1800 305 660
1800 261 568
1800 299 568
1800 261 501
1800 275 665
1820 378 848
1820 424 387
1820 240 529
1820 38 906
1820 218 624
1820 227 1283
1820 279 663
1820 454 636
1820 417 845
1820 228 1240
1820 423 633
1820 285 525
1820 88 422
1820 260 566
1820 299 566
1820 260 499
1840 381 852
1840 380 313
1840 419 646
1840 239 530
1840 81 458
1840 62 926
1840 217 626
1840 363 496
1840 278 666
1840 404 824
1840 363 613
1840 283 527
1840 299 660
1840 255 567
1840 298 566
1840 259 502
1840 277 666
1860 344 496
1860 356 838
1860 346 499
1860 310 180
1860 367 678
1860 385 706
1860 237 531
1860 361 694
1860 77 465
1860 70 953
1860 217 629
1860 279 658
1860 393 846
1860 374 554
1860 286 528
1860 351 837
1860 257 570
1860 297 570
1860 260 503
1880 347 513
1880 335 744
1880 362 515
1880 466 440
1880 241 530
1880 50 864
1880 218 625
1880 378 505
1880 287 654
1880 318 727
1880 396 854
1880 281 523
1880 329 762
1880 352 853
1880 261 558
1880 298 566
1880 268 495
1880 305 667
1900 350 488
1900 356 840
1900 238 721
1900 352 478
1900 430 434
1900 241 527
1900 60 645
1900 216 630
1900 348 1174
1900 390 492
1900 423 436
1900 457 397
1900 396 847
1900 286 529
1900 354 837
1900 258 562
1900 295 567
1900 263 504
1920 339 500
1920 295 441
1920 80 681
1920 372 873
1920 396 539
1920 428 425
1920 237 532
1920 404 340
1920 79 678
1920 218 633
1920 397 358
1920 390 847
1920 421 914
1920 283 522
1920 312 453
1920 357 835
1920 261 563
1920 289 611
1920 265 505
1940 353 728
1940 376 867
1940 449 305
1940 366 285
1940 464 864
1940 365 982
1940 237 529
1940 391 269
1940 217 629
1940 281 674
1940 426 579
1940 359 976
1940 396 830
1940 129 520
1940 473 866
1940 284 528
1940 266 469
1940 351 848
1940 311 671
1940 264 567
1940 297 572
1940 102 577
1940 259 497
1940 128 525
1940 275 678
1960 374 875
1960 409 220
1960 260 725
1960 90 401
1960 240 528
1960 48 497
1960 221 625
1960 422 559
1960 394 833
1960 340 212
1960 426 547
1960 428 912
1960 285 529
1960 158 443
1960 125 379
1960 351 843
1960 260 561
1960 301 564
1960 264 503
1960 215 469
1980 354 825
1980 378 864
1980 364 1037
1980 302 131
1980 113 286
1980 448 883
1980 238 532
1980 33 415
1980 220 626
1980 348 1173
1980 376 480
1980 293 665
1980 409 1031
1980 360 1019
1980 398 826
1980 283 525
1980 176 484
1980 81 412
1980 261 567
1980 298 569
1980 263 503
1980 108 463
1980 277 666
