1800 439 823
1800 239 533
1800 77 487
1800 38 917
1800 218 627
1800 291 1136
1800 285 658
1800 438 610
1800 371 765
1800 293 1191
1800 400 830
1800 285 529
1800 318 813
1800 307 661
1800 266 570
1800 300 569
1800 262 499
1820 382 852
1820 421 387
1820 240 531
1820 38 906
1820 219 626
1820 235 1276
1820 280 667
1820 454 641
1820 404 855
1820 233 1261
1820 418 633
1820 286 527
1820 88 421
1820 264 569
1820 299 568
1820 262 498
1840 385 854
1840 296 669
1840 363 629
1840 420 646
1840 402 656
1840 240 534
1840 82 459
1840 61 920
1840 217 627
1840 279 666
1840 403 831
1840 362 614
1840 284 526
1840 364 613
1840 351 834
1840 305 667
1840 262 565
1840 300 568
1840 261 500
1860 341 493
1860 343 496
1860 313 181
1860 371 687
1860 386 705
1860 239 535
1860 360 690
1860 77 464
1860 55 922
1860 216 631
1860 284 643
1860 387 857
1860 374 555
1860 287 525
1860 345 848
1860 262 571
1860 295 598
1860 260 501
1880 346 515
1880 333 745
1880 358 511
1880 466 440
1880 241 533
1880 51 866
1880 219 627
1880 378 506
1880 281 661
1880 389 855
1880 286 523
1880 356 843
1880 264 563
1880 300 568
1880 269 495
1900 348 499
1900 357 841
1900 309 664
1900 239 726
1900 352 485
1900 432 432
1900 243 721
1900 459 831
1900 244 529
1900 61 645
1900 218 626
1900 354 1183
1900 381 492
1900 279 674
1900 456 414
1900 385 856
1900 288 525
1900 356 835
1900 268 565
1900 298 568
1900 89 754
1900 264 502
1920 338 505
1920 295 443
1920 80 676
1920 379 865
1920 396 540
1920 426 418
1920 238 534
1920 403 341
1920 79 676
1920 219 632
1920 280 669
1920 388 738
1920 379 372
1920 387 858
1920 427 916
1920 282 522
1920 357 838
1920 264 565
1920 298 618
1920 268 504
1940 355 734
1940 454 295
1940 460 871
1940 363 976
1940 238 536
1940 389 264
1940 219 627
1940 280 670
1940 426 576
1940 360 976
1940 395 832
1940 130 518
1940 286 529
1940 355 844
1940 312 663
1940 267 570
1940 300 572
1940 100 589
1940 262 502
1940 128 528
1960 421 174
1960 90 399
1960 243 531
1960 66 497
1960 222 625
1960 277 670
1960 423 560
1960 389 858
1960 344 222
1960 426 548
1960 429 919
1960 286 525
1960 157 438
1960 125 379
1960 353 834
1960 268 566
1960 302 564
1960 265 503
1960 216 472
1980 354 839
1980 389 855
1980 306 128
1980 115 291
1980 448 883
1980 239 533
1980 55 427
1980 219 628
1980 349 1177
1980 254 1149
1980 370 483
1980 250 1189
1980 295 660
1980 366 1025
1980 398 841
1980 285 521
1980 180 485
1980 272 1172
1980 81 414
1980 264 568
1980 299 569
1980 265 502
1980 88 430
1980 447 993
