1800 439 825
1800 239 533
1800 77 487
1800 37 908
1800 219 631
1800 289 1142
1800 433 612
1800 370 764
1800 293 1186
1800 395 829
1800 282 533
1800 318 812
1800 290 1112
1800 305 656
1800 265 572
1800 299 570
1800 261 502
1800 278 661
1820 426 391
1820 240 533
1820 347 676
1820 36 901
1820 217 627
1820 275 852
1820 230 1270
1820 455 639
1820 381 847
1820 230 1246
1820 425 631
1820 285 527
1820 86 422
1820 263 571
1820 299 566
1820 260 498
1820 278 660
1840 385 856
1840 298 672
1840 362 606
1840 376 644
1840 424 645
1840 240 533
1840 81 457
1840 62 924
1840 218 630
1840 366 494
1840 279 665
1840 407 825
1840 361 614
1840 283 528
1840 260 566
1840 298 568
1840 259 501
1840 278 666
1860 344 497
1860 344 494
1860 309 180
1860 370 683
1860 239 533
1860 367 685
1860 77 463
1860 59 940
1860 217 629
1860 280 660
1860 388 855
1860 375 556
1860 286 530
1860 354 835
1860 260 567
1860 298 587
1860 260 503
1880 348 512
1880 332 744
1880 378 505
1880 469 436
1880 239 530
1880 48 860
1880 221 630
1880 379 503
1880 389 857
1880 282 525
1880 330 756
1880 352 853
1880 263 562
1880 299 567
1880 270 497
1880 304 665
1900 352 478
1900 358 841
1900 304 669
1900 238 727
1900 356 484
1900 431 437
1900 243 529
1900 62 645
1900 34 986
1900 217 631
1900 360 1188
1900 392 492
1900 437 387
1900 458 405
1900 388 859
1900 352 484
1900 286 530
1900 356 833
1900 266 565
1900 297 569
1900 262 502
1900 280 667
1920 296 441
1920 371 871
1920 426 453
1920 237 532
1920 398 335
1920 80 678
1920 219 632
1920 382 366
1920 391 853
1920 422 919
1920 285 527
1920 314 455
1920 361 837
1920 263 563
1920 307 600
1920 265 504
1940 360 727
1940 384 868
1940 436 306
1940 366 286
1940 465 864
1940 363 978
1940 238 533
1940 388 265
1940 218 632
1940 300 689
1940 427 574
1940 359 979
1940 397 830
1940 127 520
1940 477 867
1940 285 531
1940 353 843
1940 317 669
1940 266 570
1940 298 571
1940 102 586
1940 261 500
1940 125 527
1960 398 225
1960 89 403
1960 241 532
1960 51 499
1960 222 629
1960 423 557
1960 399 846
1960 336 209
1960 426 920
1960 286 530
1960 161 440
1960 124 379
1960 375 847
1960 263 562
1960 300 565
1960 264 504
1960 218 471
1980 382 864
1980 302 129
1980 112 292
1980 447 880
1980 239 532
1980 45 418
1980 219 628
1980 342 1145
1980 376 482
1980 248 1200
1980 305 659
1980 360 1028
1980 399 835
1980 284 527
1980 179 484
1980 355 843
1980 78 416
1980 264 565
1980 299 570
1980 264 505
1980 250 1146
1980 107 464
1980 448 1017
