1800 438 826
1800 239 535
1800 77 489
1800 39 938
1800 217 627
1800 291 1149
1800 281 656
1800 432 613
1800 372 768
1800 292 1190
1800 392 830
1800 280 535
1800 315 817
1800 306 659
1800 263 571
1800 299 570
1800 260 502
1820 383 852
1820 421 387
1820 239 532
1820 346 675
1820 35 911
1820 217 624
1820 234 1272
1820 279 675
1820 453 638
1820 381 850
1820 228 1259
1820 414 651
1820 284 529
1820 88 419
1820 261 572
1820 298 565
1820 260 499
1840 386 856
1840 282 670
1840 380 313
1840 420 648
1840 402 678
1840 239 534
1840 82 459
1840 65 944
1840 218 628
1840 278 665
1840 402 833
1840 361 619
1840 283 529
1840 359 608
1840 260 571
1840 298 567
1840 259 503
1860 338 497
1860 342 499
1860 309 180
1860 364 692
1860 384 721
1860 238 535
1860 363 692
1860 76 465
1860 62 963
1860 217 629
1860 280 662
1860 386 864
1860 373 559
1860 285 531
1860 346 849
1860 261 571
1860 291 601
1860 259 505
1880 345 513
1880 331 748
1880 352 511
1880 467 441
1880 239 532
1880 51 866
1880 220 627
1880 377 506
1880 285 665
1880 317 732
1880 382 862
1880 282 528
1880 262 568
1880 299 569
1880 269 497
1900 342 501
1900 355 840
1900 237 725
1900 339 498
1900 431 442
1900 241 532
1900 60 645
1900 54 1010
1900 216 629
1900 359 1178
1900 380 499
1900 457 405
1900 385 860
1900 286 531
1900 357 832
1900 263 563
1900 295 571
1900 262 501
1900 232 713
1920 329 491
1920 294 442
1920 79 682
1920 371 876
1920 421 411
1920 180 606
1920 238 535
1920 401 340
1920 78 680
1920 218 629
1920 279 666
1920 384 754
1920 377 374
1920 379 861
1920 424 919
1920 280 527
1920 358 840
1920 263 567
1920 296 614
1920 265 507
1940 355 982
1940 354 731
1940 382 869
1940 452 302
1940 370 287
1940 463 861
1940 361 980
1940 238 536
1940 388 263
1940 219 630
1940 277 678
1940 428 576
1940 358 984
1940 394 830
1940 129 520
1940 285 531
1940 350 852
1940 315 668
1940 265 570
1940 298 572
1940 99 589
1940 260 501
1940 126 531
1960 377 867
1960 405 232
1960 87 405
1960 239 532
1960 40 495
1960 220 626
1960 423 556
1960 390 866
1960 341 218
1960 425 549
1960 425 931
1960 284 531
1960 158 437
1960 123 380
1960 360 833
1960 264 561
1960 300 566
1960 263 504
1960 212 474
1980 384 862
1980 364 1044
1980 300 130
1980 113 279
1980 447 884
1980 237 538
1980 39 412
1980 217 628
1980 365 495
1980 306 658
1980 364 1028
1980 395 843
1980 284 528
1980 177 486
1980 272 1171
1980 80 415
1980 264 567
1980 300 568
1980 264 505
1980 86 427
1980 446 1006
