1800 369 766
1800 424 813
1800 240 533
1800 79 485
1800 33 919
1800 219 631
1800 292 1114
1800 428 613
1800 373 759
1800 394 830
1800 285 531
1800 263 571
1800 299 570
1800 263 499
1820 424 388
1820 239 535
1820 39 902
1820 221 624
1820 230 1264
1820 281 667
1820 452 643
1820 414 835
1820 226 1242
1820 423 634
1820 287 530
1820 262 575
1820 300 567
1820 261 498
1840 240 533
1840 81 455
1840 47 885
1840 220 630
1840 276 666
1840 405 832
1840 425 647
1840 282 527
1840 364 616
1840 356 838
1840 296 678
1840 262 568
1840 299 569
1840 262 501
1860 342 501
1860 343 498
1860 313 184
1860 239 534
1860 77 460
1860 58 943
1860 218 630
1860 284 654
1860 386 714
1860 389 842
1860 376 559
1860 288 529
1860 353 831
1860 262 568
1860 296 600
1860 261 503
1880 348 512
1880 331 753
1880 378 509
1880 241 531
1880 43 866
1880 222 631
1880 379 502
1880 278 663
1880 402 840
1880 285 529
1880 321 759
1880 354 830
1880 264 566
1880 299 568
1880 273 496
1900 353 484
1900 238 725
1900 355 472
1900 429 440
1900 243 530
1900 63 649
1900 219 631
1900 387 493
1900 390 865
1900 290 528
1900 350 835
1900 267 571
1900 300 577
1900 82 761
1900 264 504
1920 343 504
1920 160 644
1920 239 538
1920 398 339
1920 83 680
1920 219 634
1920 280 661
1920 394 841
1920 399 538
1920 190 612
1920 414 899
1920 287 531
1920 350 839
1920 266 567
1920 266 507
1940 451 287
1940 366 296
1940 364 982
1940 238 532
1940 389 263
1940 217 625
1940 362 979
1940 397 835
1940 288 530
1940 349 840
1940 317 674
1940 266 569
1940 299 570
1940 260 498
1960 219 473
1960 51 502
1960 221 630
1960 426 546
1960 345 206
1960 425 546
1960 289 528
1960 164 440
1960 352 841
1960 262 580
1960 300 569
1960 266 503
1960 213 476
1980 352 831
1980 109 284
1980 239 540
1980 222 629
1980 376 485
1980 286 661
1980 392 1043
1980 363 1030
1980 399 828
1980 286 527
1980 177 485
1980 354 830
1980 76 410
1980 264 568
1980 298 574
1980 265 502
