1800 370 763
1800 440 825
1800 240 533
1800 78 487
1800 36 915
1800 217 632
1800 290 1120
1800 286 654
1800 446 601
1800 374 765
1800 296 1191
1800 398 829
1800 283 531
1800 320 812
1800 291 1111
1800 306 659
1800 265 573
1800 298 570
1800 262 501
1820 421 388
1820 239 532
1820 39 904
1820 218 627
1820 231 1275
1820 283 671
1820 454 643
1820 416 839
1820 227 1249
1820 419 630
1820 285 528
1820 358 674
1820 310 666
1820 87 421
1820 261 570
1820 300 565
1820 260 499
1840 419 649
1840 239 534
1840 81 459
1840 61 927
1840 219 629
1840 364 499
1840 277 668
1840 407 827
1840 393 653
1840 283 529
1840 357 831
1840 308 669
1840 260 570
1840 298 570
1840 260 504
1860 342 493
1860 363 848
1860 342 492
1860 310 181
1860 238 535
1860 77 465
1860 60 935
1860 216 629
1860 278 659
1860 392 849
1860 285 531
1860 355 830
1860 309 667
1860 260 570
1860 292 595
1860 260 506
1880 349 512
1880 337 767
1880 378 509
1880 467 441
1880 240 531
1880 50 866
1880 220 625
1880 378 506
1880 282 665
1880 397 844
1880 282 524
1880 320 731
1880 354 848
1880 297 676
1880 263 569
1880 299 568
1880 67 531
1880 273 502
1880 306 667
1900 347 502
1900 240 728
1900 348 507
1900 429 439
1900 238 709
1900 243 530
1900 60 645
1900 217 631
1900 387 493
1900 426 454
1900 437 384
1900 392 865
1900 285 532
1900 356 831
1900 308 666
1900 265 570
1900 295 572
1900 89 753
1900 264 509
1920 346 526
1920 298 440
1920 111 680
1920 396 536
1920 425 458
1920 156 622
1920 238 535
1920 397 336
1920 82 679
1920 218 633
1920 284 670
1920 385 747
1920 388 374
1920 393 843
1920 423 923
1920 285 529
1920 356 834
1920 263 564
1920 265 507
1940 359 727
1940 450 304
1940 368 287
1940 463 876
1940 364 989
1940 238 533
1940 391 272
1940 218 630
1940 283 672
1940 428 573
1940 359 980
1940 398 828
1940 129 519
1940 285 534
1940 352 844
1940 318 671
1940 265 573
1940 298 572
1940 101 592
1940 265 502
1940 129 527
1960 405 232
1960 90 402
1960 242 531
1960 50 503
1960 222 631
1960 426 545
1960 396 836
1960 341 216
1960 286 527
1960 159 444
1960 124 381
1960 371 844
1960 44 290
1960 264 566
1960 300 569
1960 67 503
1960 265 505
1960 214 473
1980 354 840
1980 313 134
1980 103 291
1980 448 887
1980 239 534
1980 160 733
1980 63 419
1980 219 628
1980 373 479
1980 300 659
1980 372 1011
1980 399 826
1980 283 525
1980 178 486
1980 354 840
1980 83 412
1980 263 567
1980 298 570
1980 264 507
