1800 439 824
1800 240 532
1800 77 488
1800 38 927
1800 220 632
1800 292 1169
1800 283 657
1800 433 614
1800 371 765
1800 396 827
1800 473 648
1800 284 532
1800 318 813
1800 295 1112
1800 307 661
1800 265 573
1800 299 569
1800 261 501
1820 422 388
1820 240 531
1820 38 910
1820 218 626
1820 230 1275
1820 281 672
1820 454 633
1820 415 517
1820 383 848
1820 229 1240
1820 416 637
1820 286 526
1820 89 420
1820 264 568
1820 300 565
1820 259 499
1840 388 856
1840 415 644
1840 240 532
1840 81 458
1840 62 931
1840 218 628
1840 363 495
1840 279 665
1840 407 825
1840 361 613
1840 284 527
1840 304 665
1840 262 566
1840 299 568
1840 259 501
1860 343 495
1860 341 500
1860 309 179
1860 370 683
1860 387 707
1860 239 534
1860 365 692
1860 77 464
1860 60 947
1860 217 631
1860 282 661
1860 388 860
1860 374 558
1860 286 530
1860 355 835
1860 262 566
1860 298 598
1860 260 504
1880 346 514
1880 376 512
1880 466 439
1880 242 533
1880 49 868
1880 221 629
1880 377 508
1880 283 669
1880 388 860
1880 283 525
1880 350 853
1880 265 564
1880 300 567
1880 270 497
1900 347 501
1900 305 671
1900 238 720
1900 351 488
1900 428 438
1900 243 531
1900 61 646
1900 217 631
1900 380 492
1900 423 447
1900 442 385
1900 389 860
1900 353 475
1900 287 530
1900 265 567
1900 298 569
1900 88 755
1900 263 504
1920 342 507
1920 295 442
1920 109 677
1920 422 418
1920 239 533
1920 397 336
1920 80 681
1920 218 634
1920 282 668
1920 391 370
1920 388 855
1920 426 918
1920 465 718
1920 285 526
1920 355 837
1920 265 564
1920 295 613
1920 266 502
1940 452 306
1940 370 288
1940 460 869
1940 368 985
1940 239 535
1940 389 260
1940 219 631
1940 427 577
1940 359 980
1940 396 831
1940 130 518
1940 471 866
1940 287 528
1940 316 676
1940 267 570
1940 300 571
1940 101 589
1940 265 491
1940 128 529
1960 401 224
1960 90 401
1960 242 531
1960 48 499
1960 223 626
1960 424 553
1960 402 848
1960 342 216
1960 426 547
1960 427 914
1960 285 529
1960 160 440
1960 125 380
1960 264 562
1960 301 566
1960 264 503
1960 214 472
1980 311 138
1980 115 320
1980 450 881
1980 238 534
1980 68 416
1980 219 628
1980 372 479
1980 279 664
1980 367 1024
1980 374 476
1980 399 838
1980 285 527
1980 176 485
1980 274 1169
1980 81 412
1980 264 567
1980 300 566
1980 264 503
1980 446 1014
