1800 370 765
1800 439 826
1800 240 533
1800 78 485
1800 32 910
1800 214 630
1800 287 1125
1800 288 656
1800 430 612
1800 373 764
1800 397 835
1800 282 531
1800 317 818
1800 305 657
1800 263 571
1800 298 569
1800 261 501
1800 278 659
1820 424 393
1820 413 648
1820 242 531
1820 37 888
1820 217 622
1820 230 1281
1820 279 665
1820 453 637
1820 408 835
1820 416 655
1820 284 526
1820 88 418
1820 260 564
1820 299 563
1820 259 499
1840 418 646
1840 394 653
1840 241 532
1840 80 457
1840 58 919
1840 217 628
1840 276 670
1840 404 838
1840 282 527
1840 361 612
1840 352 833
1840 298 660
1840 260 564
1840 298 566
1840 259 503
1860 343 499
1860 360 842
1860 342 500
1860 309 179
1860 373 693
1860 240 535
1860 76 461
1860 52 920
1860 214 628
1860 275 660
1860 387 861
1860 286 529
1860 347 845
1860 262 564
1860 291 581
1860 262 503
1880 347 513
1880 335 757
1880 377 508
1880 466 438
1880 240 532
1880 44 863
1880 217 627
1880 378 504
1880 284 665
1880 325 725
1880 394 850
1880 281 521
1880 331 750
1880 355 830
1880 262 559
1880 299 564
1880 271 499
1900 350 495
1900 238 718
1900 353 473
1900 429 434
1900 235 701
1900 243 530
1900 59 644
1900 216 630
1900 378 491
1900 434 451
1900 454 386
1900 389 861
1900 349 504
1900 287 529
1900 353 830
1900 264 570
1900 295 565
1900 87 750
1900 263 504
1900 341 497
1920 342 523
1920 293 441
1920 396 538
1920 428 463
1920 239 535
1920 394 331
1920 81 678
1920 217 629
1920 284 672
1920 383 756
1920 399 357
1920 384 850
1920 419 908
1920 321 471
1920 280 520
1920 359 831
1920 261 563
1920 296 592
1920 263 505
1940 354 730
1940 455 302
1940 369 288
1940 39 263
1940 459 872
1940 363 988
1940 239 529
1940 391 262
1940 295 713
1940 49 967
1940 216 628
1940 276 665
1940 427 575
1940 359 983
1940 396 820
1940 127 519
1940 283 531
1940 355 832
1940 319 668
1940 265 567
1940 298 573
1940 261 500
1940 126 523
1960 396 227
1960 262 735
1960 90 400
1960 242 529
1960 58 497
1960 216 624
1960 426 547
1960 399 863
1960 367 211
1960 409 927
1960 285 526
1960 159 442
1960 123 381
1960 353 825
1960 263 564
1960 301 568
1960 265 503
1960 210 476
1980 353 834
1980 370 1056
1980 307 132
1980 107 279
1980 447 872
1980 239 538
1980 156 728
1980 57 422
1980 218 623
1980 370 480
1980 284 664
1980 367 1030
1980 394 844
1980 282 524
1980 174 486
1980 353 835
1980 80 407
1980 263 562
1980 299 567
1980 263 505
1980 90 421
1980 447 1012
1980 278 660
