1800 391 820
1800 440 822
1800 239 531
1800 77 486
1800 39 917
1800 219 625
1800 288 1119
1800 295 596
1800 435 612
1800 371 763
1800 298 1185
1800 402 826
1800 473 640
1800 283 529
1800 319 809
1800 294 1112
1800 307 660
1800 264 569
1800 300 566
1800 261 501
1820 382 848
1820 425 389
1820 239 530
1820 351 663
1820 37 901
1820 218 625
1820 233 1271
1820 279 663
1820 454 632
1820 418 840
1820 227 1242
1820 421 627
1820 285 527
1820 87 421
1820 263 568
1820 299 563
1820 261 497
1840 404 848
1840 288 660
1840 387 644
1840 421 639
1840 408 664
1840 239 530
1840 81 458
1840 74 939
1840 218 625
1840 282 663
1840 408 826
1840 363 616
1840 283 524
1840 363 611
1840 353 829
1840 308 657
1840 261 562
1840 299 564
1840 260 500
1860 341 491
1860 343 495
1860 313 179
1860 371 676
1860 386 703
1860 238 532
1860 365 686
1860 77 463
1860 83 960
1860 218 626
1860 284 652
1860 393 845
1860 374 556
1860 287 527
1860 355 825
1860 305 667
1860 262 562
1860 301 565
1860 260 500
1880 346 514
1880 333 744
1880 378 509
1880 466 437
1880 240 529
1880 52 865
1880 221 625
1880 379 506
1880 294 587
1880 391 857
1880 282 520
1880 330 749
1880 356 831
1880 262 557
1880 299 567
1880 269 496
1880 304 660
1900 352 475
1900 366 852
1900 312 659
1900 236 714
1900 354 477
1900 435 428
1900 252 689
1900 243 527
1900 61 644
1900 34 976
1900 216 626
1900 388 492
1900 460 401
1900 390 858
1900 286 528
1900 357 825
1900 263 561
1900 300 567
1900 92 749
1900 262 503
1900 231 702
1920 347 489
1920 296 441
1920 79 681
1920 380 862
1920 431 444
1920 425 713
1920 237 530
1920 403 340
1920 79 680
1920 219 629
1920 290 648
1920 387 735
1920 380 371
1920 391 856
1920 427 896
1920 456 704
1920 313 465
1920 276 518
1920 359 829
1920 263 559
1920 300 599
1920 265 504
1940 356 733
1940 382 864
1940 451 291
1940 372 286
1940 460 859
1940 360 979
1940 238 533
1940 390 263
1940 300 722
1940 218 627
1940 278 665
1940 427 576
1940 361 976
1940 398 827
1940 127 520
1940 284 525
1940 268 464
1940 359 830
1940 316 663
1940 267 564
1940 299 570
1940 101 582
1940 265 487
1940 128 524
1960 387 861
1960 414 234
1960 259 725
1960 89 401
1960 241 527
1960 55 502
1960 222 625
1960 426 547
1960 397 833
1960 350 211
1960 429 909
1960 284 528
1960 158 439
1960 122 381
1960 358 824
1960 263 556
1960 300 563
1960 263 503
1980 388 856
1980 319 134
1980 114 282
1980 448 878
1980 239 530
1980 157 725
1980 56 423
1980 220 625
1980 342 1143
1980 372 476
1980 303 637
1980 410 1031
1980 367 1027
1980 399 828
1980 284 524
1980 179 484
1980 354 831
1980 80 417
1980 263 560
1980 299 565
1980 264 503
1980 86 426
1980 447 992
