1800 371 762
1800 438 827
1800 239 533
1800 80 484
1800 46 931
1800 219 628
1800 293 1114
1800 431 610
1800 372 762
1800 393 823
1800 285 531
1800 320 810
1800 293 1113
1800 306 659
1800 266 574
1800 299 571
1800 263 500
1820 423 388
1820 240 535
1820 86 420
1820 40 887
1820 226 621
1820 239 1265
1820 284 671
1820 454 640
1820 226 1230
1820 416 647
1820 286 531
1820 361 829
1820 262 567
1820 302 565
1820 261 498
1820 279 665
1840 371 503
1840 403 657
1840 241 533
1840 83 459
1840 65 946
1840 224 633
1840 278 667
1840 405 831
1840 389 658
1840 432 644
1840 286 528
1840 365 617
1840 355 834
1840 292 678
1840 257 571
1840 298 568
1840 261 501
1860 346 504
1860 343 500
1860 318 188
1860 241 535
1860 78 461
1860 67 955
1860 221 631
1860 282 662
1860 394 842
1860 376 562
1860 289 528
1860 354 826
1860 262 568
1860 301 588
1860 261 504
1880 377 506
1880 333 750
1880 242 532
1880 47 863
1880 226 633
1880 380 503
1880 286 672
1880 401 834
1880 284 525
1880 322 724
1880 353 827
1880 262 565
1880 299 564
1880 272 496
1900 351 476
1900 238 720
1900 354 474
1900 430 426
1900 246 532
1900 67 654
1900 222 625
1900 391 493
1900 430 455
1900 443 376
1900 396 865
1900 288 528
1900 355 831
1900 265 569
1900 299 567
1900 89 748
1900 264 503
1920 433 447
1920 163 642
1920 242 539
1920 315 464
1920 395 334
1920 84 688
1920 221 634
1920 283 666
1920 398 357
1920 395 837
1920 188 607
1920 418 928
1920 285 528
1920 356 825
1920 265 564
1920 300 598
1920 266 507
1940 351 731
1940 450 303
1940 366 288
1940 455 867
1940 365 990
1940 238 536
1940 393 270
1940 75 592
1940 221 627
1940 299 698
1940 426 575
1940 367 976
1940 399 832
1940 130 521
1940 288 528
1940 352 836
1940 312 668
1940 267 571
1940 300 569
1940 103 589
1940 263 498
1940 129 524
1960 417 233
1960 261 731
1960 91 396
1960 241 530
1960 58 500
1960 230 630
1960 426 546
1960 396 844
1960 348 209
1960 289 529
1960 355 827
1960 259 579
1960 302 566
1960 265 503
1960 216 475
1980 362 488
1980 314 129
1980 111 273
1980 447 883
1980 240 538
1980 162 734
1980 66 420
1980 226 630
1980 349 1183
1980 374 492
1980 257 1146
1980 281 665
1980 370 1024
1980 400 832
1980 286 528
1980 356 821
1980 73 412
1980 265 570
1980 299 568
1980 264 504
1980 278 666
