1800 437 833
1800 240 535
1800 78 486
1800 35 917
1800 216 633
1800 292 1113
1800 430 615
1800 374 762
1800 399 837
1800 283 532
1800 319 811
1800 304 662
1800 265 570
1800 300 570
1800 263 501
1820 425 393
1820 241 530
1820 37 904
1820 217 626
1820 230 1282
1820 282 672
1820 454 645
1820 420 840
1820 224 1247
1820 425 633
1820 285 526
1820 307 665
1820 261 573
1820 301 564
1820 260 500
1840 362 613
1840 409 663
1840 329 870
1840 241 531
1840 80 459
1840 60 932
1840 218 629
1840 276 671
1840 403 834
1840 367 628
1840 283 530
1840 366 834
1840 304 666
1840 262 566
1840 298 571
1840 261 505
1860 343 498
1860 342 501
1860 307 183
1860 239 536
1860 76 460
1860 57 938
1860 216 629
1860 295 676
1860 389 857
1860 375 559
1860 287 529
1860 355 833
1860 303 670
1860 262 566
1860 316 599
1860 262 507
1880 347 515
1880 331 752
1880 378 507
1880 467 436
1880 240 531
1880 44 865
1880 219 628
1880 378 505
1880 282 671
1880 397 837
1880 282 525
1880 357 848
1880 264 567
1880 300 567
1880 274 499
1900 356 477
1900 241 728
1900 356 486
1900 431 439
1900 244 530
1900 63 650
1900 218 635
1900 382 495
1900 278 670
1900 430 444
1900 443 388
1900 396 848
1900 351 505
1900 288 530
1900 356 837
1900 300 671
1900 269 575
1900 301 579
1900 88 750
1900 265 508
1920 84 680
1920 438 467
1920 158 644
1920 174 605
1920 238 534
1920 394 334
1920 80 684
1920 217 634
1920 279 665
1920 385 762
1920 384 386
1920 396 851
1920 185 607
1920 423 915
1920 287 530
1920 368 842
1920 266 565
1920 284 630
1920 266 508
1940 359 727
1940 451 306
1940 368 290
1940 459 875
1940 363 985
1940 238 529
1940 396 271
1940 292 737
1940 216 630
1940 292 683
1940 428 574
1940 361 982
1940 398 826
1940 285 533
1940 356 843
1940 318 668
1940 265 568
1940 299 572
1940 265 502
1940 126 528
1960 401 228
1960 263 733
1960 89 408
1960 242 529
1960 54 501
1960 222 627
1960 426 548
1960 398 848
1960 339 209
1960 423 554
1960 412 929
1960 287 527
1960 159 444
1960 124 384
1960 377 832
1960 261 568
1960 301 569
1960 266 504
1960 217 475
1980 108 295
1980 447 887
1980 238 539
1980 51 420
1980 221 628
1980 372 481
1980 259 1139
1980 293 664
1980 401 832
1980 284 526
1980 178 488
1980 356 840
1980 75 410
1980 263 575
1980 299 571
1980 266 509
1980 97 431
