1800 439 823
1800 239 533
1800 77 489
1800 36 928
1800 218 625
1800 291 1132
1800 282 655
1800 439 613
1800 371 765
1800 293 1190
1800 401 830
1800 282 530
1800 317 813
1800 293 1114
1800 307 659
1800 263 572
1800 299 569
1800 260 501
1820 422 388
1820 241 532
1820 35 899
1820 218 626
1820 237 1272
1820 279 669
1820 454 629
1820 383 847
1820 229 1247
1820 418 650
1820 284 525
1820 86 421
1820 263 570
1820 299 567
1820 260 500
1840 388 858
1840 396 374
1840 381 649
1840 421 641
1840 405 659
1840 239 533
1840 81 458
1840 59 917
1840 217 628
1840 279 669
1840 408 828
1840 362 618
1840 282 525
1840 363 613
1840 351 836
1840 303 667
1840 260 566
1840 298 568
1840 259 501
1860 341 498
1860 346 506
1860 311 182
1860 369 687
1860 386 707
1860 239 537
1860 367 685
1860 77 464
1860 56 929
1860 217 629
1860 281 659
1860 389 858
1860 374 560
1860 285 528
1860 343 847
1860 261 569
1860 292 601
1860 260 501
1880 347 514
1880 334 747
1880 377 510
1880 468 439
1880 241 532
1880 48 866
1880 219 627
1880 378 505
1880 282 663
1880 388 860
1880 282 521
1880 331 750
1880 355 849
1880 263 565
1880 299 568
1880 270 499
1900 346 499
1900 305 665
1900 236 726
1900 354 485
1900 432 439
1900 244 531
1900 60 644
1900 216 628
1900 387 497
1900 426 439
1900 459 403
1900 386 858
1900 285 528
1900 352 840
1900 264 567
1900 307 584
1900 91 755
1900 263 504
1900 230 713
1920 341 513
1920 296 443
1920 106 670
1920 377 870
1920 427 448
1920 178 604
1920 413 741
1920 237 534
1920 403 341
1920 80 676
1920 218 631
1920 283 671
1920 388 744
1920 397 351
1920 388 861
1920 428 913
1920 477 858
1920 286 526
1920 357 838
1920 263 565
1920 299 622
1920 266 506
1940 356 734
1940 383 868
1940 454 295
1940 364 288
1940 465 860
1940 363 978
1940 237 537
1940 388 263
1940 293 737
1940 218 629
1940 278 673
1940 427 576
1940 359 976
1940 396 841
1940 131 514
1940 284 531
1940 265 468
1940 351 847
1940 313 671
1940 266 571
1940 300 571
1940 100 590
1940 260 503
1940 127 530
1960 417 236
1960 255 725
1960 89 404
1960 241 530
1960 53 502
1960 222 625
1960 424 562
1960 394 861
1960 343 218
1960 426 909
1960 285 527
1960 158 440
1960 123 380
1960 355 840
1960 264 564
1960 300 567
1960 263 503
1960 216 470
1980 355 840
1980 387 864
1980 372 1061
1980 310 136
1980 111 286
1980 448 884
1980 237 534
1980 56 421
1980 218 628
1980 374 483
1980 230 1246
1980 302 654
1980 408 1037
1980 366 1028
1980 400 836
1980 285 526
1980 177 485
1980 355 844
1980 273 1171
1980 80 413
1980 263 569
1980 300 568
1980 264 504
1980 85 428
1980 449 990
