1800 370 765
1800 438 826
1800 315 819
1800 240 533
1800 72 491
1800 44 952
1800 213 640
1800 285 1122
1800 428 611
1800 400 839
1800 439 847
1800 283 533
1800 306 666
1800 260 577
1800 299 573
1800 261 504
1820 244 532
1820 43 923
1820 216 625
1820 224 1273
1820 287 677
1820 454 640
1820 221 1234
1820 451 653
1820 285 527
1820 83 424
1820 260 575
1820 300 569
1820 260 498
1840 379 853
1840 243 534
1840 77 457
1840 57 954
1840 216 627
1840 273 674
1840 406 837
1840 391 655
1840 284 527
1840 364 622
1840 301 687
1840 255 571
1840 295 572
1840 259 501
1860 367 848
1860 318 191
1860 240 547
1860 74 462
1860 214 630
1860 283 678
1860 396 852
1860 373 562
1860 286 533
1860 357 849
1860 255 571
1860 303 593
1860 260 506
1880 330 747
1880 468 436
1880 325 756
1880 242 531
1880 45 872
1880 216 635
1880 281 677
1880 396 849
1880 284 525
1880 265 576
1880 299 572
1880 272 500
1900 347 475
1900 353 480
1900 431 448
1900 459 824
1900 244 540
1900 251 727
1900 214 633
1900 402 844
1900 289 528
1900 308 681
1900 264 577
1900 85 769
1900 262 503
1920 156 643
1920 409 798
1920 172 604
1920 421 908
1920 236 544
1920 315 468
1920 398 359
1920 81 692
1920 217 636
1920 285 679
1920 401 359
1920 399 851
1920 413 898
1920 285 525
1920 361 842
1920 260 582
1920 287 627
1920 264 508
1940 350 742
1940 468 293
1940 370 292
1940 36 264
1940 456 866
1940 364 997
1940 237 535
1940 395 275
1940 211 640
1940 427 575
1940 361 974
1940 396 837
1940 123 530
1940 283 535
1940 349 850
1940 311 677
1940 253 576
1940 296 577
1940 258 505
1940 127 528
1960 426 171
1960 253 730
1960 87 405
1960 239 530
1960 424 192
1960 49 520
1960 216 631
1960 426 542
1960 402 881
1960 368 187
1960 286 529
1960 159 443
1960 123 381
1960 340 863
1960 303 690
1960 252 581
1960 297 572
1960 264 504
1960 212 474
1980 353 837
1980 331 122
1980 90 305
1980 449 883
1980 236 542
1980 156 731
1980 53 429
1980 213 630
1980 346 1169
1980 375 480
1980 282 669
1980 362 1029
1980 399 839
1980 284 528
1980 170 495
1980 354 846
1980 72 427
1980 257 578
1980 297 573
1980 262 506
1980 101 464
1980 437 1035
