1800 370 768
1800 390 828
1800 440 823
1800 240 532
1800 78 488
1800 41 920
1800 219 625
1800 297 1148
1800 280 652
1800 438 614
1800 371 765
1800 295 1193
1800 402 828
1800 284 528
1800 318 813
1800 293 1110
1800 308 660
1800 264 570
1800 301 567
1800 261 500
1820 382 853
1820 423 387
1820 241 529
1820 348 674
1820 40 904
1820 219 626
1820 276 857
1820 239 1276
1820 278 665
1820 453 638
1820 383 848
1820 232 1253
1820 417 648
1820 286 526
1820 310 664
1820 88 420
1820 263 567
1820 299 567
1820 262 496
1840 386 854
1840 386 324
1840 423 646
1840 400 657
1840 240 532
1840 82 458
1840 65 918
1840 218 629
1840 280 665
1840 408 829
1840 363 618
1840 284 526
1840 363 613
1840 342 847
1840 309 663
1840 263 567
1840 299 568
1840 260 500
1840 452 1051
1860 339 494
1860 346 502
1860 313 181
1860 369 685
1860 388 705
1860 240 532
1860 358 693
1860 77 465
1860 61 929
1860 218 629
1860 285 654
1860 388 858
1860 374 554
1860 286 527
1860 345 845
1860 308 667
1860 262 568
1860 303 578
1860 260 500
1880 346 512
1880 333 750
1880 377 509
1880 465 440
1880 242 532
1880 51 861
1880 221 625
1880 378 506
1880 285 659
1880 317 722
1880 391 854
1880 284 523
1880 331 752
1880 353 850
1880 264 559
1880 300 567
1880 270 496
1900 345 497
1900 361 856
1900 313 661
1900 238 727
1900 351 496
1900 233 720
1900 432 430
1900 244 726
1900 467 760
1900 247 527
1900 62 645
1900 218 626
1900 389 491
1900 445 391
1900 240 735
1900 388 857
1900 287 527
1900 355 832
1900 313 661
1900 266 565
1900 297 567
1900 95 752
1900 264 503
1900 231 711
1920 342 500
1920 298 440
1920 81 678
1920 375 870
1920 396 541
1920 428 438
1920 180 612
1920 409 739
1920 242 532
1920 404 343
1920 82 677
1920 219 631
1920 285 670
1920 393 356
1920 394 851
1920 427 917
1920 467 744
1920 288 526
1920 357 837
1920 265 566
1920 295 613
1920 267 502
1940 355 971
1940 357 740
1940 383 868
1940 450 290
1940 364 288
1940 463 863
1940 372 998
1940 238 535
1940 387 263
1940 221 627
1940 280 663
1940 427 579
1940 360 978
1940 398 830
1940 142 506
1940 288 525
1940 266 467
1940 357 835
1940 315 665
1940 268 569
1940 300 569
1940 101 582
1940 264 498
1940 130 525
1960 386 862
1960 411 220
1960 268 727
1960 90 402
1960 241 529
1960 34 495
1960 227 623
1960 423 555
1960 398 849
1960 344 217
1960 426 549
1960 425 924
1960 287 524
1960 162 436
1960 125 380
1960 356 836
1960 305 674
1960 265 563
1960 301 565
1960 265 503
1960 219 469
1980 354 830
1980 385 857
1980 375 1065
1980 312 138
1980 117 335
1980 447 882
1980 239 532
1980 58 420
1980 221 627
1980 372 479
1980 246 1171
1980 302 642
1980 408 1033
1980 360 1026
1980 399 836
1980 286 520
1980 180 483
1980 81 413
1980 265 567
1980 300 566
1980 264 501
1980 110 467
