1800 440 825
1800 239 532
1800 76 489
1800 37 926
1800 217 626
1800 292 1151
1800 280 647
1800 445 600
1800 370 765
1800 293 1191
1800 405 826
1800 282 530
1800 314 813
1800 292 1111
1800 307 653
1800 263 572
1800 299 567
1800 259 501
1820 381 852
1820 422 387
1820 239 532
1820 36 908
1820 217 623
1820 271 859
1820 235 1283
1820 278 664
1820 458 626
1820 418 832
1820 233 1268
1820 416 636
1820 284 527
1820 84 422
1820 263 568
1820 298 566
1820 260 497
1840 389 849
1840 386 324
1840 372 636
1840 429 639
1840 408 659
1840 239 531
1840 80 458
1840 60 915
1840 217 625
1840 278 665
1840 406 824
1840 361 620
1840 282 525
1840 361 612
1840 302 663
1840 260 564
1840 298 567
1840 258 500
1860 341 493
1860 342 495
1860 310 183
1860 367 681
1860 385 700
1860 238 534
1860 366 682
1860 76 464
1860 56 923
1860 216 625
1860 282 655
1860 389 852
1860 374 557
1860 284 528
1860 353 832
1860 261 565
1860 295 595
1860 259 500
1880 346 513
1880 332 745
1880 377 510
1880 467 437
1880 240 531
1880 48 864
1880 217 625
1880 379 505
1880 283 659
1880 397 838
1880 281 521
1880 331 750
1880 354 843
1880 263 558
1880 299 567
1880 265 494
1880 304 661
1900 350 488
1900 386 862
1900 306 659
1900 238 719
1900 354 477
1900 235 694
1900 431 434
1900 244 714
1900 468 758
1900 242 530
1900 60 643
1900 216 628
1900 381 490
1900 458 405
1900 396 842
1900 284 527
1900 352 835
1900 261 563
1900 297 570
1900 91 754
1900 261 498
1900 229 696
1920 335 473
1920 294 442
1920 80 676
1920 381 866
1920 395 536
1920 427 423
1920 238 534
1920 404 342
1920 78 678
1920 217 630
1920 279 666
1920 387 737
1920 396 356
1920 402 815
1920 429 911
1920 283 522
1920 359 831
1920 263 563
1920 300 597
1920 265 502
1940 354 731
1940 398 836
1940 451 300
1940 364 286
1940 468 859
1940 367 979
1940 238 534
1940 389 263
1940 217 628
1940 279 669
1940 428 576
1940 361 974
1940 394 828
1940 125 520
1940 284 529
1940 360 831
1940 315 666
1940 266 569
1940 298 571
1940 100 586
1940 260 498
1940 125 526
1960 386 863
1960 407 230
1960 259 726
1960 89 401
1960 240 528
1960 43 497
1960 220 625
1960 423 549
1960 400 848
1960 339 213
1960 431 910
1960 284 527
1960 155 439
1960 122 379
1960 364 831
1960 263 563
1960 299 563
1960 64 497
1960 262 502
1960 211 469
1980 352 834
1980 389 857
1980 302 129
1980 89 290
1980 448 883
1980 239 532
1980 52 420
1980 217 628
1980 370 481
1980 299 653
1980 366 1022
1980 397 820
1980 282 524
1980 174 490
1980 80 412
1980 263 566
1980 298 570
1980 263 501
1980 86 427
1980 446 992
