1800 370 765
1800 439 826
1800 239 534
1800 77 486
1800 36 909
1800 216 631
1800 295 1118
1800 444 604
1800 382 767
1800 397 830
1800 283 532
1800 320 810
1800 306 663
1800 262 572
1800 299 571
1800 261 502
1820 424 389
1820 239 533
1820 38 898
1820 217 621
1820 280 858
1820 234 1277
1820 279 666
1820 453 631
1820 397 857
1820 225 1248
1820 423 641
1820 284 529
1820 306 666
1820 82 422
1820 261 574
1820 300 567
1820 259 499
1840 417 644
1840 240 537
1840 79 458
1840 64 935
1840 218 627
1840 277 668
1840 407 834
1840 365 614
1840 419 672
1840 283 528
1840 365 617
1840 355 838
1840 297 677
1840 261 568
1840 298 570
1840 259 503
1860 342 496
1860 342 492
1860 308 179
1860 240 539
1860 75 462
1860 60 945
1860 216 629
1860 279 661
1860 387 711
1860 390 853
1860 376 560
1860 285 530
1860 355 832
1860 309 671
1860 261 566
1860 302 587
1860 259 505
1880 349 511
1880 336 754
1880 376 512
1880 239 530
1880 45 864
1880 219 634
1880 379 503
1880 321 710
1880 401 838
1880 284 525
1880 333 754
1880 357 838
1880 293 695
1880 262 570
1880 300 571
1880 269 496
1900 353 483
1900 354 474
1900 431 441
1900 242 533
1900 61 648
1900 218 633
1900 381 499
1900 429 455
1900 444 383
1900 403 833
1900 286 530
1900 350 838
1900 307 679
1900 267 570
1900 301 578
1900 85 765
1900 264 505
1920 83 680
1920 396 540
1920 431 468
1920 164 641
1920 40 254
1920 452 717
1920 177 606
1920 239 538
1920 394 340
1920 83 681
1920 218 632
1920 277 666
1920 385 763
1920 390 384
1920 398 843
1920 200 616
1920 420 907
1920 284 528
1920 357 831
1920 264 567
1920 292 619
1920 264 508
1940 360 729
1940 365 288
1940 459 873
1940 362 987
1940 238 534
1940 395 270
1940 216 623
1940 425 576
1940 361 981
1940 401 834
1940 475 891
1940 284 531
1940 351 845
1940 319 675
1940 266 571
1940 297 576
1940 101 595
1940 260 505
1940 127 526
1960 413 233
1960 88 400
1960 394 1023
1960 240 528
1960 30 500
1960 218 629
1960 426 544
1960 400 855
1960 342 206
1960 422 928
1960 287 529
1960 160 440
1960 124 379
1960 354 832
1960 257 572
1960 301 570
1960 265 504
1960 214 475
1980 110 279
1980 451 883
1980 238 537
1980 64 419
1980 220 628
1980 373 480
1980 258 1162
1980 278 670
1980 368 1025
1980 398 827
1980 283 528
1980 176 489
1980 351 845
1980 74 415
1980 262 565
1980 298 572
1980 264 506
