1800 369 762
1800 439 825
1800 238 533
1800 77 488
1800 38 923
1800 218 627
1800 295 1174
1800 280 652
1800 437 616
1800 371 765
1800 289 1192
1800 396 830
1800 471 637
1800 283 531
1800 317 814
1800 291 1112
1800 306 659
1800 263 573
1800 300 568
1800 260 501
1820 381 852
1820 422 388
1820 239 530
1820 346 674
1820 36 908
1820 218 626
1820 233 1278
1820 278 665
1820 455 636
1820 381 849
1820 231 1264
1820 412 643
1820 285 526
1820 87 421
1820 262 569
1820 298 567
1820 261 498
1840 383 854
1840 363 629
1840 411 666
1840 399 670
1840 238 532
1840 82 460
1840 61 916
1840 217 629
1840 278 667
1840 407 831
1840 361 618
1840 283 525
1840 362 610
1840 305 664
1840 259 567
1840 298 567
1840 259 500
1860 340 496
1860 344 500
1860 311 182
1860 368 687
1860 386 703
1860 238 535
1860 360 692
1860 77 465
1860 57 926
1860 217 629
1860 278 659
1860 385 863
1860 375 557
1860 285 528
1860 352 832
1860 261 571
1860 293 599
1860 259 502
1880 347 514
1880 332 748
1880 375 515
1880 467 438
1880 239 532
1880 47 865
1880 219 627
1880 377 507
1880 279 661
1880 385 858
1880 283 523
1880 328 760
1880 352 851
1880 263 567
1880 299 569
1880 266 495
1900 343 503
1900 355 838
1900 306 663
1900 237 727
1900 351 483
1900 234 719
1900 432 434
1900 239 712
1900 243 530
1900 60 643
1900 216 630
1900 388 494
1900 458 411
1900 238 723
1900 385 856
1900 285 527
1900 353 836
1900 263 567
1900 296 573
1900 89 753
1900 262 504
1900 231 713
1920 332 507
1920 297 442
1920 79 680
1920 372 879
1920 396 542
1920 421 414
1920 160 644
1920 236 534
1920 402 342
1920 80 677
1920 218 633
1920 279 667
1920 388 754
1920 390 366
1920 384 856
1920 423 912
1920 286 524
1920 357 838
1920 263 567
1920 289 639
1920 266 504
1940 355 734
1940 380 867
1940 449 304
1940 364 289
1940 466 858
1940 362 980
1940 237 536
1940 388 264
1940 217 632
1940 278 665
1940 427 578
1940 359 978
1940 395 828
1940 126 522
1940 285 531
1940 269 466
1940 357 830
1940 315 662
1940 266 570
1940 298 572
1940 100 586
1940 261 502
1940 125 530
1960 379 866
1960 412 239
1960 372 207
1960 259 735
1960 240 530
1960 49 499
1960 221 626
1960 422 557
1960 391 861
1960 342 217
1960 424 933
1960 287 527
1960 158 438
1960 124 382
1960 358 840
1960 264 563
1960 300 566
1960 263 504
1960 216 469
1980 354 837
1980 383 861
1980 365 1045
1980 297 124
1980 451 882
1980 236 534
1980 35 409
1980 216 629
1980 373 488
1980 300 655
1980 408 1020
1980 361 1025
1980 396 836
1980 284 525
1980 178 485
1980 271 1171
1980 79 413
1980 263 570
1980 298 571
1980 264 504
1980 84 417
