1800 393 825
1800 438 825
1800 238 535
1800 76 490
1800 37 920
1800 220 633
1800 297 1161
1800 284 657
1800 430 614
1800 371 764
1800 393 828
1800 475 644
1800 281 532
1800 318 810
1800 292 1112
1800 306 659
1800 264 572
1800 299 570
1800 261 503
1800 278 659
1820 380 848
1820 423 389
1820 357 683
1820 240 531
1820 38 907
1820 218 626
1820 278 659
1820 232 1275
1820 279 670
1820 454 638
1820 381 846
1820 229 1244
1820 420 633
1820 284 528
1820 364 841
1820 307 665
1820 86 422
1820 261 570
1820 299 567
1820 260 500
1820 277 670
1840 381 852
1840 294 668
1840 387 326
1840 367 644
1840 415 663
1840 400 654
1840 241 532
1840 80 458
1840 56 925
1840 218 629
1840 280 663
1840 363 499
1840 277 667
1840 407 825
1840 362 618
1840 282 529
1840 350 834
1840 302 666
1840 260 567
1840 299 569
1840 259 503
1840 276 668
1860 347 501
1860 351 843
1860 343 497
1860 308 182
1860 369 686
1860 239 534
1860 360 694
1860 75 465
1860 58 955
1860 218 632
1860 279 659
1860 386 857
1860 374 557
1860 285 531
1860 346 847
1860 308 668
1860 261 569
1860 293 608
1860 260 506
1880 347 513
1880 330 746
1880 377 509
1880 468 438
1880 241 533
1880 46 867
1880 220 629
1880 378 506
1880 286 663
1880 321 730
1880 393 854
1880 281 524
1880 351 849
1880 305 673
1880 265 570
1880 300 568
1880 271 502
1900 348 499
1900 358 839
1900 303 671
1900 236 727
1900 354 485
1900 429 441
1900 243 530
1900 58 644
1900 217 632
1900 347 1187
1900 390 494
1900 439 389
1900 457 397
1900 387 859
1900 285 533
1900 353 837
1900 305 673
1900 265 566
1900 297 571
1900 86 754
1900 263 506
1900 232 713
1900 278 676
1920 337 506
1920 295 442
1920 107 678
1920 362 846
1920 427 427
1920 238 534
1920 397 336
1920 78 682
1920 219 635
1920 359 1244
1920 279 663
1920 389 380
1920 383 850
1920 425 920
1920 284 527
1920 352 837
1920 264 565
1920 267 507
1940 351 741
1940 360 847
1940 452 296
1940 364 289
1940 460 872
1940 363 985
1940 239 536
1940 387 261
1940 291 739
1940 218 632
1940 281 662
1940 303 706
1940 428 574
1940 359 981
1940 395 837
1940 127 524
1940 474 866
1940 285 531
1940 350 844
1940 315 671
1940 264 572
1940 298 575
1940 70 584
1940 261 505
1940 124 530
1940 276 666
1960 401 228
1960 259 732
1960 89 403
1960 242 532
1960 417 221
1960 51 502
1960 223 628
1960 424 556
1960 389 859
1960 340 216
1960 426 550
1960 428 943
1960 283 532
1960 158 442
1960 124 381
1960 347 846
1960 304 669
1960 264 563
1960 301 566
1960 264 505
1960 215 473
1980 354 830
1980 296 127
1980 72 316
1980 448 875
1980 239 536
1980 34 418
1980 220 629
1980 348 1174
1980 381 485
1980 283 674
1980 404 1039
1980 366 1024
1980 399 834
1980 282 525
1980 175 495
1980 353 827
1980 79 419
1980 264 568
1980 299 570
1980 265 507
1980 447 1017
1980 278 661
