1800 370 763
1800 388 831
1800 440 823
1800 239 532
1800 78 491
1800 37 939
1800 219 631
1800 290 1135
1800 283 656
1800 444 606
1800 372 765
1800 294 1190
1800 402 836
1800 283 530
1800 318 812
1800 293 1114
1800 307 662
1800 265 571
1800 299 567
1800 261 501
1820 383 853
1820 422 388
1820 241 532
1820 350 686
1820 37 917
1820 217 626
1820 234 1284
1820 279 667
1820 456 638
1820 383 847
1820 234 1262
1820 421 649
1820 284 526
1820 86 424
1820 263 572
1820 299 567
1820 261 499
1840 388 858
1840 411 377
1840 371 651
1840 422 642
1840 401 656
1840 239 533
1840 82 460
1840 58 921
1840 217 629
1840 278 671
1840 407 827
1840 362 615
1840 283 526
1840 363 614
1840 355 831
1840 304 665
1840 262 565
1840 299 569
1840 260 501
1860 343 492
1860 347 504
1860 310 182
1860 370 687
1860 386 703
1860 238 535
1860 366 687
1860 77 466
1860 58 948
1860 217 630
1860 281 661
1860 388 859
1860 375 559
1860 285 529
1860 351 836
1860 262 569
1860 298 600
1860 260 503
1880 348 513
1880 334 749
1880 385 862
1880 377 511
1880 467 438
1880 242 533
1880 49 868
1880 218 628
1880 379 506
1880 282 664
1880 394 854
1880 283 522
1880 356 852
1880 264 564
1880 300 568
1880 270 496
1900 350 497
1900 361 857
1900 306 666
1900 237 726
1900 355 490
1900 433 436
1900 243 531
1900 60 647
1900 215 630
1900 385 494
1900 426 423
1900 447 392
1900 386 859
1900 285 528
1900 353 838
1900 266 564
1900 300 582
1900 88 750
1900 263 504
1900 229 709
1920 346 504
1920 299 447
1920 80 680
1920 374 875
1920 396 540
1920 428 450
1920 163 642
1920 427 742
1920 238 534
1920 405 342
1920 79 681
1920 218 631
1920 281 668
1920 389 768
1920 394 361
1920 386 858
1920 426 916
1920 473 767
1920 284 528
1920 358 837
1920 263 563
1920 291 646
1920 267 504
1940 356 735
1940 381 872
1940 453 296
1940 365 286
1940 44 265
1940 464 858
1940 368 990
1940 237 537
1940 386 260
1940 217 631
1940 280 665
1940 428 577
1940 358 982
1940 397 833
1940 127 524
1940 284 532
1940 268 466
1940 357 837
1940 313 660
1940 266 571
1940 298 573
1940 96 587
1940 266 498
1940 126 529
1960 373 876
1960 415 237
1960 261 730
1960 240 528
1960 29 502
1960 220 626
1960 423 554
1960 402 848
1960 346 217
1960 429 929
1960 286 529
1960 159 440
1960 122 382
1960 367 839
1960 264 565
1960 300 567
1960 263 504
1960 216 469
1980 354 840
1980 382 868
1980 310 138
1980 112 276
1980 448 883
1980 237 536
1980 36 411
1980 216 630
1980 372 476
1980 303 659
1980 411 1034
1980 364 1024
1980 397 838
1980 284 526
1980 177 484
1980 79 417
1980 264 568
1980 299 571
1980 264 503
1980 86 432
