1800 385 808
1800 433 833
1800 318 817
1800 240 531
1800 78 482
1800 218 624
1800 295 1115
1800 284 600
1800 393 833
1800 444 606
1800 399 844
1800 286 532
1800 307 663
1800 264 567
1800 299 569
1800 265 500
1820 243 536
1820 220 618
1820 232 1272
1820 287 657
1820 226 1253
1820 419 639
1820 421 846
1820 285 522
1820 260 568
1820 303 565
1820 261 495
1840 241 535
1840 80 454
1840 63 915
1840 224 626
1840 281 661
1840 391 657
1840 283 524
1840 359 610
1840 347 839
1840 258 568
1840 301 563
1840 261 498
1860 383 697
1860 344 495
1860 314 183
1860 242 536
1860 76 459
1860 217 628
1860 282 655
1860 400 828
1860 288 522
1860 354 834
1860 260 566
1860 261 502
1880 333 746
1880 433 504
1880 324 740
1880 241 531
1880 221 625
1880 290 662
1880 401 833
1880 401 827
1880 282 521
1880 260 563
1880 300 565
1880 271 492
1900 345 468
1900 351 469
1900 433 377
1900 456 825
1900 245 531
1900 65 650
1900 221 625
1900 301 647
1900 411 847
1900 290 525
1900 359 836
1900 259 563
1900 91 751
1900 65 645
1900 261 495
1920 449 431
1920 410 790
1920 177 601
1920 409 875
1920 238 538
1920 397 336
1920 220 632
1920 289 668
1920 400 357
1920 401 833
1920 399 543
1920 405 876
1920 287 517
1920 357 824
1920 264 562
1920 289 619
1920 263 503
1940 349 734
1940 450 297
1940 373 287
1940 455 871
1940 369 991
1940 236 531
1940 398 267
1940 216 619
1940 285 657
1940 362 982
1940 396 829
1940 287 523
1940 315 668
1940 262 559
1940 302 564
1940 102 576
1940 263 471
1960 423 178
1960 92 392
1960 231 525
1960 434 165
1960 54 507
1960 220 627
1960 429 548
1960 290 526
1960 309 673
1960 263 564
1960 302 557
1960 267 500
1960 214 472
1980 309 125
1980 109 295
1980 449 884
1980 240 535
1980 164 721
1980 70 417
1980 219 614
1980 365 1038
1980 402 837
1980 400 833
1980 283 522
1980 352 844
1980 360 493
1980 261 564
1980 301 563
1980 263 503
