1800 438 825
1800 237 536
1800 77 488
1800 38 924
1800 218 634
1800 289 1137
1800 281 656
1800 432 613
1800 370 765
1800 292 1188
1800 394 834
1800 279 534
1800 314 816
1800 291 1112
1800 306 664
1800 262 573
1800 298 570
1800 260 502
1820 380 851
1820 420 388
1820 239 532
1820 346 675
1820 36 902
1820 217 626
1820 234 1269
1820 277 673
1820 453 643
1820 386 858
1820 230 1248
1820 414 639
1820 283 529
1820 84 424
1820 258 572
1820 297 566
1820 259 500
1840 386 856
1840 280 674
1840 379 316
1840 421 654
1840 414 678
1840 239 532
1840 80 459
1840 62 933
1840 217 626
1840 278 666
1840 404 833
1840 361 617
1840 282 529
1840 360 610
1840 301 668
1840 257 568
1840 297 567
1840 258 504
1860 338 499
1860 343 499
1860 306 181
1860 363 685
1860 386 709
1860 238 537
1860 358 697
1860 76 466
1860 56 945
1860 216 628
1860 277 666
1860 387 860
1860 373 559
1860 284 531
1860 386 694
1860 347 844
1860 257 573
1860 290 600
1860 257 506
1880 346 513
1880 328 749
1880 276 673
1880 374 514
1880 467 439
1880 239 532
1880 49 868
1880 219 629
1880 377 507
1880 278 666
1880 319 739
1880 386 860
1880 280 527
1880 349 855
1880 261 567
1880 297 571
1880 270 500
1880 305 667
1900 343 506
1900 354 838
1900 288 686
1900 237 723
1900 351 480
1900 429 438
1900 472 791
1900 242 533
1900 59 646
1900 34 983
1900 215 632
1900 352 1173
1900 379 491
1900 426 438
1900 450 398
1900 390 866
1900 284 535
1900 346 853
1900 259 564
1900 293 573
1900 261 506
1900 232 714
1920 338 501
1920 293 446
1920 81 678
1920 372 870
1920 423 419
1920 235 537
1920 401 342
1920 78 678
1920 217 631
1920 279 672
1920 386 765
1920 376 371
1920 385 859
1920 424 915
1920 309 472
1920 282 526
1920 356 838
1920 261 568
1920 289 641
1920 265 507
1940 354 734
1940 385 867
1940 450 304
1940 366 288
1940 466 866
1940 359 982
1940 237 537
1940 388 267
1940 217 632
1940 277 671
1940 426 578
1940 356 981
1940 392 830
1940 127 524
1940 473 868
1940 282 533
1940 255 481
1940 348 847
1940 310 666
1940 261 571
1940 297 573
1940 71 581
1940 258 502
1940 126 531
1960 376 869
1960 399 226
1960 255 736
1960 90 407
1960 238 533
1960 45 498
1960 221 627
1960 422 559
1960 398 853
1960 339 217
1960 433 554
1960 423 929
1960 284 531
1960 158 441
1960 122 384
1960 354 836
1960 257 572
1960 299 567
1960 263 505
1960 212 474
1980 354 838
1980 380 863
1980 300 133
1980 114 314
1980 448 884
1980 235 539
1980 50 422
1980 217 630
1980 350 1179
1980 367 484
1980 301 660
1980 360 1026
1980 398 829
1980 477 893
1980 283 529
1980 176 488
1980 271 1171
1980 78 415
1980 261 570
1980 297 570
1980 263 507
1980 91 433
1980 447 1000
