1800 372 765
1800 438 829
1800 240 534
1800 79 487
1800 36 910
1800 218 632
1800 289 1120
1800 285 659
1800 431 615
1800 376 769
1800 398 831
1800 282 532
1800 320 817
1800 291 1110
1800 306 668
1800 264 575
1800 299 572
1800 263 501
1820 425 393
1820 240 533
1820 38 911
1820 220 628
1820 233 1271
1820 282 677
1820 454 640
1820 384 850
1820 226 1228
1820 417 637
1820 286 527
1820 308 668
1820 259 574
1820 301 564
1820 260 501
1840 418 650
1840 324 867
1840 241 536
1840 82 457
1840 62 942
1840 221 632
1840 276 670
1840 408 830
1840 284 530
1840 357 839
1840 301 670
1840 259 572
1840 298 571
1840 260 503
1860 345 498
1860 365 847
1860 345 494
1860 309 180
1860 240 536
1860 77 463
1860 61 945
1860 218 631
1860 280 658
1860 390 851
1860 286 530
1860 356 832
1860 305 670
1860 259 568
1860 298 576
1860 262 509
1880 348 516
1880 336 750
1880 357 516
1880 468 439
1880 241 534
1880 50 868
1880 221 631
1880 380 504
1880 281 665
1880 394 855
1880 281 525
1880 326 766
1880 358 839
1880 302 674
1880 262 572
1880 299 570
1880 65 530
1880 273 501
1900 351 493
1900 242 726
1900 354 476
1900 429 450
1900 243 715
1900 244 532
1900 219 633
1900 354 1169
1900 385 495
1900 453 391
1900 394 867
1900 287 532
1900 353 839
1900 311 666
1900 262 567
1900 298 573
1900 89 746
1900 264 508
1920 312 463
1920 396 541
1920 428 464
1920 162 643
1920 159 613
1920 240 537
1920 382 864
1920 398 345
1920 83 678
1920 218 634
1920 283 670
1920 384 748
1920 391 374
1920 390 861
1920 418 908
1920 285 531
1920 362 840
1920 303 673
1920 264 566
1920 267 511
1940 359 729
1940 446 308
1940 461 866
1940 371 999
1940 238 536
1940 392 270
1940 219 630
1940 280 673
1940 426 576
1940 363 981
1940 399 834
1940 129 520
1940 476 867
1940 284 534
1940 354 843
1940 318 675
1940 265 575
1940 297 574
1940 102 594
1940 262 508
1940 128 528
1960 407 233
1960 90 404
1960 242 529
1960 46 505
1960 224 628
1960 425 544
1960 397 845
1960 344 217
1960 287 529
1960 159 443
1960 125 382
1960 380 869
1960 304 676
1960 262 574
1960 300 570
1960 265 505
1960 214 475
1980 355 839
1980 312 134
1980 110 282
1980 448 882
1980 239 539
1980 160 733
1980 51 422
1980 218 631
1980 372 481
1980 300 661
1980 368 1022
1980 401 833
1980 284 529
1980 178 487
1980 355 842
1980 78 415
1980 263 569
1980 299 572
1980 265 509
1980 103 456
