1800 439 823
1800 241 532
1800 77 488
1800 41 913
1800 222 632
1800 288 1122
1800 285 656
1800 433 611
1800 371 759
1800 295 1188
1800 397 825
1800 474 643
1800 284 531
1800 321 811
1800 294 1113
1800 308 658
1800 266 573
1800 300 571
1800 263 501
1820 424 392
1820 242 531
1820 38 911
1820 221 627
1820 233 1274
1820 286 675
1820 454 635
1820 385 849
1820 233 1253
1820 412 642
1820 286 529
1820 90 421
1820 262 568
1820 299 565
1820 262 498
1840 387 855
1840 304 667
1840 385 329
1840 420 651
1840 407 663
1840 242 531
1840 81 458
1840 69 944
1840 219 629
1840 279 667
1840 406 820
1840 374 650
1840 284 528
1840 360 836
1840 311 671
1840 262 567
1840 299 570
1840 261 502
1840 279 665
1860 345 492
1860 346 499
1860 311 183
1860 370 684
1860 387 701
1860 242 531
1860 360 693
1860 76 464
1860 74 964
1860 218 631
1860 284 670
1860 392 849
1860 374 558
1860 287 530
1860 354 840
1860 261 563
1860 312 589
1860 261 504
1880 349 513
1880 335 751
1880 304 671
1880 378 510
1880 468 439
1880 243 533
1880 51 870
1880 223 628
1880 378 506
1880 290 665
1880 337 747
1880 404 837
1880 284 526
1880 331 759
1880 355 849
1880 264 561
1880 300 567
1880 273 499
1900 349 497
1900 318 662
1900 239 724
1900 353 488
1900 433 427
1900 246 530
1900 60 644
1900 219 630
1900 393 496
1900 433 382
1900 460 396
1900 400 845
1900 288 531
1900 356 833
1900 267 565
1900 300 572
1900 88 749
1900 265 506
1920 344 521
1920 297 441
1920 429 435
1920 244 536
1920 80 676
1920 220 632
1920 289 669
1920 385 755
1920 399 361
1920 393 838
1920 426 919
1920 468 746
1920 287 529
1920 363 840
1920 265 565
1920 267 504
1940 358 735
1940 454 302
1940 371 287
1940 461 865
1940 368 985
1940 240 534
1940 394 271
1940 221 631
1940 281 673
1940 428 573
1940 360 979
1940 399 824
1940 133 519
1940 287 528
1940 355 843
1940 316 671
1940 267 568
1940 300 571
1940 101 586
1940 268 495
1940 130 531
1960 407 233
1960 90 402
1960 245 532
1960 48 500
1960 228 629
1960 425 556
1960 406 850
1960 347 213
1960 427 918
1960 287 529
1960 160 441
1960 124 382
1960 377 864
1960 265 560
1960 301 566
1960 266 504
1960 218 471
1980 310 137
1980 114 268
1980 449 876
1980 240 535
1980 157 726
1980 58 424
1980 224 628
1980 381 491
1980 252 1212
1980 308 657
1980 372 1014
1980 400 829
1980 285 526
1980 180 485
1980 356 843
1980 81 415
1980 264 563
1980 301 565
1980 265 504
1980 110 466
1980 447 1004
