1800 438 828
1800 241 534
1800 77 485
1800 37 904
1800 218 629
1800 291 1112
1800 444 606
1800 372 763
1800 389 817
1800 285 531
1800 317 815
1800 293 1110
1800 305 657
1800 261 572
1800 299 569
1800 262 501
1820 422 388
1820 241 534
1820 41 881
1820 219 623
1820 231 1273
1820 281 673
1820 455 642
1820 385 857
1820 222 1228
1820 415 646
1820 285 527
1820 360 834
1820 308 666
1820 261 570
1820 300 565
1820 259 500
1840 362 612
1840 416 641
1840 242 534
1840 80 457
1840 56 894
1840 220 630
1840 404 832
1840 373 647
1840 283 529
1840 353 834
1840 294 677
1840 258 563
1840 297 568
1840 260 504
1860 341 500
1860 342 499
1860 470 514
1860 308 180
1860 241 535
1860 76 460
1860 60 930
1860 217 630
1860 282 638
1860 377 694
1860 386 860
1860 375 558
1860 285 529
1860 351 839
1860 303 670
1860 259 568
1860 297 572
1860 262 506
1880 349 512
1880 335 747
1880 378 508
1880 470 435
1880 241 531
1880 45 863
1880 220 628
1880 379 503
1880 314 722
1880 395 853
1880 285 526
1880 322 738
1880 352 822
1880 261 562
1880 299 569
1880 272 499
1900 345 500
1900 238 726
1900 354 473
1900 430 431
1900 461 816
1900 244 532
1900 65 650
1900 218 629
1900 339 1175
1900 385 494
1900 428 447
1900 387 858
1900 352 489
1900 287 531
1900 349 840
1900 303 674
1900 265 568
1900 298 567
1900 92 747
1900 264 506
1920 433 468
1920 451 722
1920 240 536
1920 392 334
1920 218 632
1920 277 668
1920 383 745
1920 386 385
1920 395 846
1920 417 902
1920 284 527
1920 356 832
1920 263 565
1920 266 509
1940 351 732
1940 452 303
1940 362 293
1940 456 867
1940 364 992
1940 238 531
1940 390 262
1940 217 625
1940 425 576
1940 363 980
1940 398 834
1940 477 871
1940 286 529
1940 354 817
1940 314 668
1940 263 571
1940 299 571
1940 101 588
1940 265 486
1960 411 238
1960 240 529
1960 57 498
1960 221 625
1960 426 546
1960 405 826
1960 343 203
1960 411 922
1960 287 529
1960 352 833
1960 255 566
1960 300 568
1960 265 504
1980 108 283
1980 454 887
1980 239 537
1980 53 420
1980 222 627
1980 340 1165
1980 372 478
1980 254 1139
1980 293 663
1980 365 1029
1980 399 831
1980 284 527
1980 175 488
1980 353 831
1980 58 424
1980 263 569
1980 300 565
1980 264 505
