1800 369 760
1800 438 824
1800 238 533
1800 76 485
1800 40 906
1800 216 631
1800 286 1120
1800 284 656
1800 434 614
1800 370 764
1800 398 831
1800 280 532
1800 315 817
1800 289 1111
1800 304 659
1800 262 574
1800 299 569
1800 261 503
1820 424 392
1820 239 534
1820 38 894
1820 217 625
1820 228 1282
1820 283 673
1820 454 637
1820 415 835
1820 221 1229
1820 413 654
1820 284 525
1820 84 422
1820 261 570
1820 300 564
1820 259 500
1840 352 836
1840 422 649
1840 239 536
1840 78 459
1840 58 931
1840 218 629
1840 275 672
1840 405 824
1840 283 527
1840 328 870
1840 306 674
1840 259 566
1840 298 570
1840 259 504
1860 341 499
1860 356 835
1860 341 496
1860 308 184
1860 238 537
1860 75 462
1860 57 941
1860 216 629
1860 281 668
1860 383 709
1860 391 842
1860 376 559
1860 286 529
1860 347 847
1860 261 564
1860 304 574
1860 260 505
1880 347 514
1880 349 824
1880 375 515
1880 239 530
1880 46 864
1880 219 630
1880 378 505
1880 277 669
1880 321 730
1880 399 842
1880 282 526
1880 323 773
1880 355 833
1880 261 564
1880 299 565
1880 269 498
1900 347 497
1900 352 835
1900 300 675
1900 238 724
1900 354 474
1900 431 439
1900 233 717
1900 242 533
1900 65 651
1900 218 633
1900 376 492
1900 279 674
1900 436 407
1900 395 845
1900 287 530
1900 266 575
1900 297 570
1900 87 748
1900 263 506
1920 336 513
1920 356 827
1920 435 475
1920 177 607
1920 240 538
1920 398 343
1920 81 681
1920 217 632
1920 278 665
1920 382 757
1920 389 374
1920 395 839
1920 184 610
1920 421 922
1920 286 529
1920 262 562
1920 293 605
1920 265 509
1940 349 815
1940 451 290
1940 360 291
1940 461 863
1940 358 984
1940 238 533
1940 389 266
1940 293 737
1940 216 627
1940 292 696
1940 427 576
1940 358 983
1940 398 830
1940 285 528
1940 141 492
1940 318 672
1940 263 568
1940 299 572
1940 100 592
1940 260 509
1940 126 523
1960 341 855
1960 422 222
1960 260 727
1960 89 401
1960 241 529
1960 55 500
1960 220 629
1960 426 543
1960 404 837
1960 345 214
1960 414 929
1960 286 526
1960 157 444
1960 352 831
1960 260 569
1960 301 569
1960 265 504
1960 213 475
1980 355 829
1980 370 1047
1980 107 286
1980 449 884
1980 236 541
1980 52 418
1980 218 624
1980 371 480
1980 253 1141
1980 295 664
1980 397 826
1980 284 525
1980 176 490
1980 76 411
1980 263 566
1980 299 571
1980 264 505
1980 95 432
