1800 370 761
1800 395 831
1800 439 825
1800 238 535
1800 77 486
1800 36 918
1800 219 632
1800 294 1187
1800 281 659
1800 432 614
1800 371 766
1800 295 1188
1800 404 833
1800 474 641
1800 282 533
1800 319 814
1800 293 1114
1800 306 655
1800 264 574
1800 299 569
1800 260 503
1820 382 851
1820 425 392
1820 415 631
1820 239 532
1820 350 668
1820 35 907
1820 218 627
1820 275 860
1820 226 1282
1820 277 668
1820 454 640
1820 433 397
1820 407 847
1820 226 1246
1820 419 640
1820 284 529
1820 86 423
1820 261 574
1820 298 566
1820 260 500
1840 387 856
1840 288 667
1840 379 315
1840 425 656
1840 400 657
1840 322 864
1840 238 534
1840 81 459
1840 64 956
1840 218 628
1840 321 861
1840 363 498
1840 278 667
1840 281 665
1840 408 827
1840 391 658
1840 283 529
1840 363 615
1840 357 835
1840 301 660
1840 257 569
1840 298 568
1840 259 502
1860 342 499
1860 357 829
1860 347 502
1860 311 181
1860 368 689
1860 387 705
1860 239 539
1860 358 696
1860 76 464
1860 62 952
1860 217 631
1860 279 674
1860 389 856
1860 374 559
1860 284 532
1860 355 836
1860 259 570
1860 292 598
1860 259 503
1880 347 515
1880 334 748
1880 380 876
1880 364 515
1880 469 438
1880 328 761
1880 312 115
1880 241 533
1880 51 865
1880 220 629
1880 378 507
1880 280 663
1880 335 710
1880 319 733
1880 470 435
1880 391 863
1880 280 523
1880 327 762
1880 353 853
1880 262 567
1880 299 569
1880 271 500
1880 309 667
1900 350 491
1900 364 855
1900 306 663
1900 351 478
1900 238 726
1900 359 484
1900 432 440
1900 467 825
1900 242 531
1900 60 648
1900 33 986
1900 216 630
1900 384 500
1900 427 448
1900 453 398
1900 391 872
1900 285 532
1900 357 835
1900 261 565
1900 301 580
1900 263 505
1900 236 714
1920 338 505
1920 294 442
1920 80 682
1920 376 872
1920 427 457
1920 179 607
1920 237 533
1920 403 342
1920 80 679
1920 218 631
1920 358 1200
1920 386 751
1920 380 371
1920 392 855
1920 427 912
1920 470 748
1920 310 472
1920 280 524
1920 310 462
1920 360 839
1920 263 566
1920 297 672
1920 266 505
1940 358 980
1940 355 734
1940 379 867
1940 450 311
1940 367 292
1940 464 866
1940 367 989
1940 237 536
1940 389 265
1940 218 630
1940 290 683
1940 426 581
1940 359 980
1940 396 830
1940 125 523
1940 478 868
1940 283 533
1940 271 476
1940 351 846
1940 312 654
1940 263 573
1940 299 571
1940 75 587
1940 262 500
1940 126 531
1940 449 1131
1960 361 878
1960 385 870
1960 196 747
1960 408 235
1960 376 215
1960 263 734
1960 90 405
1960 242 530
1960 46 498
1960 222 625
1960 423 561
1960 396 869
1960 342 212
1960 427 931
1960 283 531
1960 158 441
1960 123 381
1960 358 845
1960 261 569
1960 299 568
1960 264 504
1960 216 473
1960 384 213
1980 354 837
1980 382 862
1980 315 139
1980 92 359
1980 449 886
1980 237 535
1980 158 731
1980 35 412
1980 217 629
1980 348 1146
1980 374 478
1980 291 664
1980 410 1037
1980 363 1030
1980 399 832
1980 357 144
1980 282 529
1980 177 486
1980 79 415
1980 263 568
1980 298 570
1980 264 505
1980 106 458
