1800 437 830
1800 237 537
1800 75 484
1800 216 631
1800 284 1118
1800 436 609
1800 372 764
1800 387 825
1800 281 531
1800 316 808
1800 285 1117
1800 303 661
1800 262 571
1800 296 572
1800 259 502
1820 240 538
1820 38 910
1820 217 625
1820 230 1280
1820 287 663
1820 452 638
1820 377 845
1820 223 1229
1820 426 852
1820 282 524
1820 257 572
1820 298 567
1820 258 500
1840 405 656
1840 239 536
1840 79 456
1840 59 950
1840 218 626
1840 277 667
1840 403 834
1840 390 657
1840 418 650
1840 282 525
1840 362 616
1840 255 570
1840 295 571
1840 259 501
1860 343 498
1860 342 501
1860 311 182
1860 239 544
1860 75 460
1860 216 629
1860 287 666
1860 472 526
1860 381 863
1860 373 559
1860 398 859
1860 284 531
1860 385 689
1860 344 850
1860 299 673
1860 257 564
1860 288 579
1860 259 505
1880 330 755
1880 238 532
1880 44 864
1880 220 630
1880 379 501
1880 283 671
1880 377 857
1880 404 851
1880 279 520
1880 322 769
1880 260 561
1880 298 570
1880 266 495
1900 342 472
1900 232 715
1900 350 476
1900 428 427
1900 242 535
1900 63 649
1900 235 708
1900 218 632
1900 382 492
1900 447 397
1900 381 860
1900 404 841
1900 284 530
1900 260 568
1900 297 569
1900 85 755
1900 260 502
1920 155 645
1920 171 605
1920 416 898
1920 237 541
1920 396 334
1920 80 682
1920 218 635
1920 284 671
1920 387 378
1920 366 858
1920 410 890
1920 280 528
1920 353 843
1920 260 562
1920 286 609
1920 262 506
1940 361 292
1940 449 862
1940 360 989
1940 237 533
1940 390 263
1940 215 630
1940 425 577
1940 363 978
1940 267 484
1940 394 828
1940 124 528
1940 281 528
1940 346 849
1940 314 665
1940 260 569
1940 296 574
1940 257 505
1960 335 190
1960 254 726
1960 88 398
1960 392 870
1960 239 530
1960 48 504
1960 219 629
1960 425 543
1960 386 858
1960 341 206
1960 412 927
1960 282 525
1960 122 381
1960 347 838
1960 253 576
1960 298 571
1960 264 502
1960 212 471
1980 359 486
1980 313 125
1980 108 281
1980 449 881
1980 237 545
1980 158 726
1980 52 427
1980 217 625
1980 370 476
1980 279 667
1980 357 1035
1980 393 848
1980 401 831
1980 279 523
1980 172 492
1980 346 853
1980 68 422
1980 260 565
1980 298 572
1980 262 506
