1800 369 764
1800 391 831
1800 438 823
1800 238 532
1800 77 489
1800 39 928
1800 219 632
1800 289 1132
1800 279 651
1800 442 613
1800 369 765
1800 296 1189
1800 399 828
1800 283 529
1800 316 813
1800 290 1114
1800 306 658
1800 263 571
1800 299 567
1800 261 500
1820 380 850
1820 423 387
1820 241 530
1820 350 684
1820 36 908
1820 218 624
1820 234 1269
1820 276 662
1820 454 639
1820 382 849
1820 235 1262
1820 419 643
1820 285 525
1820 86 422
1820 262 568
1820 298 566
1820 261 498
1840 381 852
1840 283 668
1840 398 333
1840 417 647
1840 400 661
1840 238 531
1840 81 460
1840 64 926
1840 217 627
1840 277 664
1840 407 830
1840 361 614
1840 282 524
1840 362 614
1840 351 835
1840 306 661
1840 258 562
1840 298 567
1840 260 500
1860 339 496
1860 344 496
1860 312 180
1860 368 684
1860 385 705
1860 238 534
1860 359 694
1860 76 465
1860 72 938
1860 219 626
1860 279 655
1860 383 855
1860 374 557
1860 285 526
1860 346 841
1860 260 568
1860 297 596
1860 260 501
1880 346 514
1880 333 745
1880 376 871
1880 377 507
1880 467 437
1880 240 531
1880 48 865
1880 220 626
1880 378 506
1880 280 659
1880 390 860
1880 282 520
1880 355 848
1880 262 562
1880 298 567
1880 266 495
1900 343 496
1900 358 840
1900 305 663
1900 237 722
1900 354 481
1900 431 434
1900 240 707
1900 243 529
1900 60 646
1900 217 627
1900 383 489
1900 451 389
1900 385 860
1900 284 526
1900 352 837
1900 263 562
1900 298 571
1900 94 752
1900 262 502
1920 332 475
1920 297 441
1920 79 681
1920 376 871
1920 395 539
1920 426 436
1920 236 531
1920 402 340
1920 79 681
1920 219 631
1920 279 665
1920 386 756
1920 393 357
1920 386 858
1920 427 912
1920 281 520
1920 358 835
1920 262 565
1920 293 622
1920 265 502
1940 354 734
1940 381 868
1940 452 297
1940 362 287
1940 464 863
1940 367 984
1940 237 534
1940 387 264
1940 219 626
1940 279 659
1940 427 580
1940 361 975
1940 395 839
1940 128 522
1940 283 525
1940 264 467
1940 357 839
1940 312 666
1940 266 568
1940 299 571
1940 99 586
1940 261 498
1940 125 529
1960 382 865
1960 425 197
1960 261 733
1960 89 404
1960 240 528
1960 60 498
1960 223 624
1960 423 555
1960 395 858
1960 341 216
1960 426 549
1960 426 916
1960 285 526
1960 160 438
1960 123 380
1960 360 835
1960 264 559
1960 299 565
1960 263 503
1960 215 470
1980 353 834
1980 381 862
1980 308 126
1980 88 297
1980 450 882
1980 237 534
1980 39 401
1980 219 626
1980 349 1179
1980 372 477
1980 241 1208
1980 301 642
1980 409 1032
1980 363 1024
1980 398 828
1980 284 521
1980 178 484
1980 355 844
1980 275 1167
1980 78 417
1980 263 568
1980 298 569
1980 263 503
1980 89 431
