1800 369 765
1800 392 831
1800 440 826
1800 238 534
1800 77 490
1800 37 944
1800 218 632
1800 292 1142
1800 279 639
1800 441 616
1800 371 766
1800 292 1193
1800 402 831
1800 281 530
1800 316 814
1800 291 1113
1800 307 663
1800 263 571
1800 299 570
1800 261 502
1820 383 858
1820 424 391
1820 411 639
1820 239 532
1820 36 908
1820 218 628
1820 234 1279
1820 277 664
1820 454 640
1820 383 850
1820 232 1265
1820 414 634
1820 283 526
1820 84 423
1820 261 572
1820 299 569
1820 260 499
1840 387 858
1840 283 672
1840 388 332
1840 425 653
1840 401 661
1840 239 533
1840 81 459
1840 60 924
1840 218 630
1840 277 667
1840 409 830
1840 361 620
1840 282 526
1840 362 617
1840 351 836
1840 300 666
1840 260 568
1840 299 571
1840 259 502
1860 339 498
1860 356 832
1860 341 500
1860 311 179
1860 368 688
1860 387 703
1860 238 538
1860 357 697
1860 76 465
1860 65 954
1860 216 633
1860 278 658
1860 386 864
1860 374 560
1860 284 529
1860 344 852
1860 304 669
1860 261 570
1860 294 604
1860 259 503
1880 346 515
1880 333 749
1880 385 858
1880 351 513
1880 466 444
1880 241 533
1880 47 863
1880 219 627
1880 377 510
1880 277 662
1880 315 731
1880 388 861
1880 280 525
1880 353 852
1880 261 570
1880 299 568
1880 266 496
1900 342 503
1900 359 854
1900 306 666
1900 236 730
1900 351 481
1900 228 721
1900 434 439
1900 466 826
1900 242 531
1900 60 646
1900 30 984
1900 216 628
1900 382 499
1900 424 443
1900 451 394
1900 233 723
1900 388 858
1900 285 530
1900 351 842
1900 306 662
1900 263 566
1900 299 576
1900 88 754
1900 263 504
1900 230 714
1920 342 514
1920 295 450
1920 80 679
1920 375 872
1920 427 437
1920 236 535
1920 404 344
1920 79 682
1920 218 634
1920 278 667
1920 386 375
1920 386 861
1920 428 913
1920 283 525
1920 359 840
1920 262 568
1920 287 633
1920 266 506
1940 354 981
1940 353 739
1940 381 871
1940 451 302
1940 364 291
1940 464 864
1940 368 993
1940 238 537
1940 386 263
1940 218 632
1940 278 662
1940 428 579
1940 358 979
1940 394 834
1940 127 527
1940 283 531
1940 263 473
1940 351 847
1940 310 667
1940 265 574
1940 299 572
1940 99 590
1940 259 507
1940 126 532
1960 379 868
1960 410 225
1960 259 736
1960 88 403
1960 239 532
1960 54 500
1960 222 626
1960 421 559
1960 401 848
1960 338 222
1960 428 550
1960 424 920
1960 283 528
1960 157 439
1960 122 382
1960 357 846
1960 265 565
1960 300 568
1960 264 505
1960 215 471
1980 354 837
1980 381 867
1980 374 1067
1980 301 128
1980 112 326
1980 448 887
1980 237 538
1980 38 404
1980 217 631
1980 342 1159
1980 371 498
1980 299 657
1980 408 1026
1980 360 1026
1980 397 836
1980 282 525
1980 176 485
1980 355 845
1980 78 417
1980 264 571
1980 298 571
1980 264 504
1980 88 432
