1800 370 761
1800 439 826
1800 239 533
1800 77 491
1800 39 930
1800 222 631
1800 294 1178
1800 285 657
1800 431 613
1800 371 766
1800 295 1180
1800 394 828
1800 283 531
1800 319 812
1800 290 1114
1800 306 660
1800 265 572
1800 299 570
1800 262 501
1820 421 389
1820 239 533
1820 348 676
1820 38 913
1820 221 623
1820 234 1284
1820 281 665
1820 453 637
1820 417 842
1820 229 1252
1820 412 648
1820 284 527
1820 364 840
1820 310 669
1820 261 571
1820 299 566
1820 260 499
1840 387 857
1840 305 663
1840 361 613
1840 367 636
1840 417 649
1840 240 530
1840 80 459
1840 64 943
1840 219 628
1840 279 667
1840 406 831
1840 362 613
1840 284 527
1840 361 614
1840 352 832
1840 308 673
1840 258 562
1840 299 567
1840 260 501
1840 304 674
1860 343 494
1860 360 832
1860 342 501
1860 309 182
1860 370 687
1860 240 531
1860 359 694
1860 76 465
1860 58 943
1860 218 630
1860 281 669
1860 387 858
1860 374 555
1860 286 528
1860 355 833
1860 307 669
1860 262 566
1860 302 595
1860 259 505
1880 347 512
1880 336 746
1880 379 504
1880 468 441
1880 241 533
1880 47 868
1880 222 627
1880 378 505
1880 284 664
1880 321 722
1880 391 860
1880 283 524
1880 330 755
1880 357 836
1880 306 673
1880 264 569
1880 299 565
1880 62 530
1880 271 498
1880 307 671
1900 350 489
1900 317 671
1900 239 721
1900 353 486
1900 430 439
1900 242 531
1900 62 647
1900 218 630
1900 358 1187
1900 389 493
1900 445 389
1900 394 865
1900 288 527
1900 356 825
1900 307 669
1900 265 565
1900 298 568
1900 88 749
1900 264 506
1920 297 441
1920 109 674
1920 427 440
1920 177 613
1920 239 533
1920 405 345
1920 83 679
1920 220 633
1920 285 669
1920 384 758
1920 386 376
1920 388 856
1920 423 917
1920 315 466
1920 286 528
1920 357 833
1920 300 669
1920 264 563
1920 307 601
1920 267 506
1940 359 731
1940 451 305
1940 459 873
1940 365 986
1940 238 533
1940 389 264
1940 221 630
1940 280 661
1940 426 574
1940 358 982
1940 397 825
1940 130 521
1940 287 526
1940 354 837
1940 311 675
1940 266 570
1940 299 571
1940 102 585
1940 263 503
1940 127 531
1960 401 227
1960 264 729
1960 90 404
1960 243 531
1960 61 498
1960 228 626
1960 426 551
1960 397 849
1960 346 210
1960 420 951
1960 286 527
1960 160 441
1960 124 381
1960 352 842
1960 304 673
1960 265 563
1960 301 566
1960 265 504
1960 216 472
1980 384 860
1980 306 134
1980 110 340
1980 448 880
1980 239 536
1980 159 728
1980 61 419
1980 222 627
1980 342 1149
1980 371 482
1980 255 1174
1980 299 659
1980 406 1038
1980 364 1022
1980 397 841
1980 284 524
1980 176 489
1980 354 831
1980 80 417
1980 264 565
1980 300 565
1980 264 506
1980 250 1147
1980 440 1006
