1800 433 831
1800 318 818
1800 242 534
1800 78 486
1800 46 931
1800 217 627
1800 431 611
1800 377 767
1800 390 824
1800 283 530
1800 306 663
1800 266 572
1800 299 570
1800 262 502
1820 425 390
1820 243 534
1820 39 889
1820 221 624
1820 229 1269
1820 296 662
1820 454 644
1820 388 862
1820 226 1233
1820 284 527
1820 314 675
1820 263 568
1820 301 568
1820 261 499
1840 360 840
1840 243 532
1840 81 458
1840 58 925
1840 221 630
1840 281 670
1840 400 837
1840 282 526
1840 354 838
1840 294 686
1840 260 567
1840 298 572
1840 261 502
1860 343 501
1860 347 852
1860 342 505
1860 317 189
1860 384 701
1860 243 532
1860 78 461
1860 59 943
1860 221 632
1860 392 856
1860 376 563
1860 286 531
1860 348 846
1860 261 565
1860 299 588
1860 263 505
1880 332 777
1880 468 438
1880 243 533
1880 44 866
1880 223 631
1880 380 504
1880 289 690
1880 399 837
1880 282 520
1880 353 828
1880 261 568
1880 300 570
1880 272 499
1900 352 480
1900 354 842
1900 353 475
1900 433 430
1900 238 705
1900 457 828
1900 246 533
1900 65 649
1900 240 707
1900 220 629
1900 393 498
1900 392 865
1900 286 531
1900 303 675
1900 272 585
1900 300 568
1900 89 766
1900 264 504
1920 348 849
1920 435 475
1920 160 644
1920 36 256
1920 395 757
1920 409 892
1920 243 538
1920 396 339
1920 85 688
1920 219 635
1920 400 357
1920 397 834
1920 189 613
1920 414 895
1920 282 528
1920 350 842
1920 263 564
1920 266 507
1940 345 824
1940 37 260
1940 452 862
1940 362 994
1940 240 530
1940 390 264
1940 217 628
1940 362 983
1940 396 836
1940 130 530
1940 283 534
1940 348 846
1940 316 676
1940 264 565
1940 299 571
1940 269 471
1960 332 872
1960 422 207
1960 89 399
1960 243 530
1960 55 500
1960 225 627
1960 426 548
1960 390 858
1960 354 213
1960 423 547
1960 285 529
1960 164 438
1960 125 380
1960 345 849
1960 304 680
1960 261 569
1960 300 568
1960 266 503
1960 216 475
1980 353 840
1980 325 122
1980 111 284
1980 242 536
1980 69 422
1980 222 628
1980 386 490
1980 306 663
1980 361 1034
1980 399 831
1980 282 530
1980 348 849
1980 73 414
1980 262 568
1980 299 569
1980 264 504
