1800 389 808
1800 442 824
1800 387 803
1800 244 528
1800 77 481
1800 219 624
1800 316 1199
1800 290 1126
1800 293 561
1800 444 597
1800 294 536
1800 309 659
1800 265 571
1800 302 577
1800 267 501
1820 405 646
1820 246 532
1820 222 623
1820 286 573
1820 224 1239
1820 451 632
1820 462 656
1820 292 526
1820 377 839
1820 349 672
1820 263 564
1820 305 562
1820 263 496
1840 246 529
1840 81 450
1840 227 630
1840 285 662
1840 401 654
1840 421 657
1840 291 523
1840 356 831
1840 311 661
1840 261 569
1840 301 568
1840 262 499
1860 388 695
1860 346 499
1860 395 684
1860 392 856
1860 251 522
1860 78 453
1860 219 630
1860 291 592
1860 379 560
1860 295 529
1860 351 840
1860 372 709
1860 262 561
1860 315 587
1860 263 499
1880 432 499
1880 329 702
1880 248 534
1880 223 626
1880 288 551
1880 436 514
1880 292 526
1880 317 676
1880 364 841
1880 260 560
1880 301 562
1880 274 497
1900 358 473
1900 452 392
1900 251 527
1900 223 623
1900 466 821
1900 354 476
1900 295 530
1900 348 846
1900 262 572
1900 264 503
1920 383 749
1920 177 596
1920 111 684
1920 179 600
1920 416 923
1920 246 530
1920 398 338
1920 222 633
1920 287 660
1920 405 340
1920 449 432
1920 414 887
1920 303 520
1920 379 836
1920 265 559
1920 308 582
1920 268 506
1940 351 731
1940 46 265
1940 372 989
1940 239 530
1940 218 617
1940 291 662
1940 368 978
1940 457 872
1940 470 862
1940 295 527
1940 359 801
1940 316 666
1940 267 559
1940 303 569
1940 271 472
1960 240 526
1960 426 182
1960 69 496
1960 223 628
1960 307 1082
1960 285 659
1960 438 552
1960 293 529
1960 359 844
1960 310 674
1960 264 569
1960 302 565
1960 270 502
1960 217 473
1980 402 813
1980 178 483
1980 311 123
1980 117 273
1980 246 533
1980 71 423
1980 223 628
1980 255 1145
1980 369 1031
1980 400 833
1980 471 910
1980 288 527
1980 356 831
1980 262 564
1980 301 564
1980 266 500
