1800 439 825
1800 241 535
1800 78 488
1800 39 915
1800 219 631
1800 292 1196
1800 288 661
1800 433 617
1800 378 764
1800 401 834
1800 285 536
1800 321 816
1800 294 1110
1800 309 658
1800 265 579
1800 299 574
1800 265 501
1820 423 388
1820 240 533
1820 39 908
1820 222 624
1820 235 1287
1820 284 673
1820 455 637
1820 419 835
1820 224 1231
1820 421 636
1820 286 531
1820 310 666
1820 263 582
1820 301 566
1820 262 501
1840 382 315
1840 419 641
1840 240 537
1840 80 460
1840 63 940
1840 221 631
1840 279 674
1840 411 830
1840 367 624
1840 285 531
1840 366 621
1840 357 836
1840 310 670
1840 263 568
1840 298 572
1840 262 506
1860 346 503
1860 345 494
1860 310 180
1860 372 682
1860 240 532
1860 77 463
1860 61 941
1860 220 632
1860 284 671
1860 393 840
1860 377 558
1860 288 531
1860 390 704
1860 357 828
1860 315 671
1860 262 571
1860 317 601
1860 263 506
1880 350 516
1880 337 750
1880 377 510
1880 241 532
1880 46 865
1880 222 631
1880 380 504
1880 283 674
1880 334 743
1880 395 856
1880 285 530
1880 359 848
1880 310 685
1880 265 573
1880 300 571
1880 64 533
1880 275 501
1900 354 488
1900 349 472
1900 242 727
1900 355 476
1900 432 430
1900 249 702
1900 244 532
1900 64 652
1900 38 992
1900 220 630
1900 393 495
1900 437 411
1900 395 869
1900 291 528
1900 357 833
1900 310 668
1900 268 573
1900 303 581
1900 88 751
1900 266 509
1920 347 528
1920 298 441
1920 110 681
1920 397 541
1920 432 467
1920 45 263
1920 170 615
1920 241 538
1920 400 339
1920 85 686
1920 219 635
1920 281 666
1920 388 760
1920 393 371
1920 396 849
1920 421 920
1920 289 533
1920 368 842
1920 301 675
1920 265 569
1920 268 510
1940 360 731
1940 451 305
1940 366 295
1940 37 252
1940 460 871
1940 362 990
1940 239 536
1940 395 274
1940 296 740
1940 220 629
1940 296 687
1940 426 579
1940 360 984
1940 399 826
1940 477 867
1940 287 530
1940 356 842
1940 318 671
1940 266 578
1940 298 574
1940 102 595
1940 267 501
1960 411 238
1960 91 405
1960 244 532
1960 59 500
1960 226 629
1960 427 546
1960 400 844
1960 358 203
1960 427 545
1960 410 921
1960 290 527
1960 159 442
1960 371 832
1960 306 668
1960 262 578
1960 300 569
1960 266 506
1960 218 474
1980 355 826
1980 372 1053
1980 309 133
1980 112 279
1980 450 882
1980 238 540
1980 59 421
1980 226 629
1980 381 487
1980 304 658
1980 368 1024
1980 400 826
1980 287 526
1980 179 486
1980 356 840
1980 79 415
1980 265 570
1980 298 574
1980 266 506
1980 451 1017
