1800 366 765
1800 389 827
1800 438 826
1800 238 532
1800 77 490
1800 39 925
1800 218 623
1800 294 1143
1800 281 643
1800 436 615
1800 370 763
1800 292 1189
1800 402 832
1800 281 528
1800 317 813
1800 293 1109
1800 306 659
1800 262 570
1800 299 568
1800 261 501
1820 381 852
1820 423 389
1820 239 528
1820 349 668
1820 39 906
1820 218 622
1820 275 858
1820 236 1269
1820 280 666
1820 453 637
1820 395 868
1820 230 1251
1820 423 636
1820 284 526
1820 86 424
1820 260 569
1820 299 564
1820 260 498
1840 386 855
1840 282 661
1840 383 325
1840 368 646
1840 400 662
1840 238 530
1840 81 458
1840 62 921
1840 218 625
1840 279 663
1840 361 499
1840 278 662
1840 408 829
1840 361 618
1840 282 524
1840 361 609
1840 303 663
1840 257 568
1840 299 568
1840 260 501
1860 340 491
1860 355 828
1860 350 507
1860 310 182
1860 365 685
1860 384 704
1860 238 531
1860 359 694
1860 76 466
1860 57 921
1860 217 625
1860 280 656
1860 387 856
1860 374 556
1860 284 524
1860 344 847
1860 260 567
1860 298 587
1860 259 502
1880 346 512
1880 335 754
1880 357 846
1880 377 506
1880 466 439
1880 239 531
1880 49 866
1880 220 625
1880 378 505
1880 282 658
1880 318 737
1880 388 858
1880 281 521
1880 328 757
1880 350 852
1880 261 560
1880 298 566
1880 269 497
1880 303 665
1900 346 500
1900 357 840
1900 301 662
1900 238 723
1900 360 488
1900 237 702
1900 429 433
1900 461 829
1900 241 530
1900 61 644
1900 32 986
1900 216 624
1900 361 1174
1900 382 489
1900 456 397
1900 386 858
1900 284 525
1900 349 838
1900 261 564
1900 297 568
1900 87 751
1900 263 502
1900 232 714
1920 341 498
1920 294 441
1920 106 671
1920 367 866
1920 395 538
1920 430 438
1920 183 603
1920 451 736
1920 236 533
1920 401 338
1920 78 678
1920 218 627
1920 356 1209
1920 279 665
1920 386 736
1920 391 366
1920 386 857
1920 427 911
1920 475 845
1920 280 519
1920 310 458
1920 357 836
1920 261 566
1920 300 605
1920 265 504
1940 355 980
1940 355 735
1940 369 865
1940 450 289
1940 365 288
1940 465 865
1940 366 978
1940 237 534
1940 389 264
1940 294 730
1940 218 627
1940 279 668
1940 427 580
1940 360 979
1940 395 829
1940 131 518
1940 282 527
1940 263 473
1940 350 846
1940 314 663
1940 263 571
1940 298 568
1940 100 585
1940 262 499
1940 129 528
1960 372 871
1960 415 240
1960 262 729
1960 89 399
1960 240 528
1960 49 501
1960 224 622
1960 423 554
1960 394 858
1960 334 206
1960 431 925
1960 283 524
1960 159 440
1960 125 378
1960 351 841
1960 263 563
1960 300 566
1960 264 503
1960 214 470
1980 352 831
1980 377 867
1980 305 132
1980 111 338
1980 448 880
1980 236 535
1980 42 418
1980 220 625
1980 351 1173
1980 368 493
1980 300 643
1980 406 1026
1980 362 1023
1980 398 834
1980 479 895
1980 283 519
1980 177 484
1980 272 1171
1980 82 410
1980 261 567
1980 300 568
1980 264 504
1980 97 435
1980 447 990
