1800 440 822
1800 238 533
1800 77 487
1800 36 925
1800 217 625
1800 297 1187
1800 278 647
1800 444 604
1800 371 763
1800 290 1183
1800 410 828
1800 471 640
1800 281 531
1800 315 813
1800 305 654
1800 263 571
1800 299 568
1800 260 501
1820 380 850
1820 423 389
1820 238 530
1820 348 672
1820 35 911
1820 216 622
1820 270 858
1820 233 1267
1820 276 660
1820 456 638
1820 418 839
1820 228 1250
1820 422 630
1820 283 526
1820 357 673
1820 83 424
1820 261 566
1820 299 565
1820 260 498
1840 388 856
1840 280 659
1840 397 340
1840 370 648
1840 417 644
1840 400 654
1840 238 531
1840 81 458
1840 60 916
1840 217 625
1840 277 663
1840 405 826
1840 361 618
1840 282 526
1840 359 609
1840 351 831
1840 302 659
1840 258 564
1840 298 567
1840 258 502
1860 341 492
1860 342 493
1860 309 181
1860 366 683
1860 384 695
1860 236 536
1860 360 690
1860 76 464
1860 58 929
1860 217 628
1860 279 653
1860 386 855
1860 374 556
1860 283 530
1860 345 843
1860 260 566
1860 291 594
1860 259 503
1880 346 513
1880 330 744
1880 293 643
1880 376 513
1880 466 438
1880 239 532
1880 49 867
1880 217 624
1880 379 504
1880 283 659
1880 334 737
1880 320 712
1880 388 855
1880 446 1064
1880 280 518
1880 327 759
1880 352 849
1880 261 559
1880 299 568
1880 265 496
1900 344 498
1900 357 839
1900 301 661
1900 236 722
1900 352 478
1900 232 712
1900 432 432
1900 234 702
1900 241 530
1900 60 643
1900 229 708
1900 32 980
1900 215 627
1900 350 1183
1900 383 490
1900 461 414
1900 232 708
1900 387 856
1900 283 529
1900 351 839
1900 262 560
1900 297 571
1900 89 757
1900 262 502
1900 232 715
1920 340 509
1920 294 441
1920 79 680
1920 375 867
1920 395 539
1920 427 428
1920 180 605
1920 235 533
1920 401 340
1920 78 679
1920 217 625
1920 353 1190
1920 278 664
1920 386 735
1920 380 372
1920 384 848
1920 429 911
1920 461 697
1920 276 521
1920 355 836
1920 262 562
1920 294 611
1920 265 504
1940 354 969
1940 355 732
1940 382 865
1940 451 303
1940 366 287
1940 464 858
1940 368 976
1940 237 533
1940 387 264
1940 216 627
1940 277 677
1940 427 579
1940 281 662
1940 359 976
1940 393 824
1940 128 523
1940 282 532
1940 262 471
1940 351 844
1940 308 667
1940 266 566
1940 298 572
1940 72 578
1940 260 501
1940 126 531
1960 377 867
1960 408 219
1960 257 736
1960 89 402
1960 239 530
1960 27 502
1960 220 623
1960 423 554
1960 394 863
1960 341 219
1960 429 920
1960 283 528
1960 157 440
1960 124 378
1960 355 836
1960 262 565
1960 299 566
1960 59 499
1960 262 502
1960 212 472
1980 353 837
1980 387 858
1980 304 131
1980 86 299
1980 446 881
1980 236 534
1980 45 417
1980 216 625
1980 350 1175
1980 371 482
1980 296 649
1980 410 1032
1980 362 1020
1980 398 828
1980 283 524
1980 176 484
1980 272 1170
1980 79 415
1980 262 564
1980 299 569
1980 262 504
1980 87 428
1980 447 994
