1800 438 829
1800 239 533
1800 78 489
1800 41 933
1800 218 625
1800 290 1133
1800 284 661
1800 433 616
1800 371 763
1800 395 831
1800 283 532
1800 319 814
1800 265 574
1800 300 569
1800 263 500
1820 422 389
1820 158 1336
1820 242 531
1820 40 907
1820 219 624
1820 237 1279
1820 279 667
1820 454 641
1820 383 847
1820 236 1259
1820 414 639
1820 286 528
1820 88 423
1820 264 569
1820 300 567
1820 260 499
1840 389 857
1840 373 305
1840 419 648
1840 397 658
1840 322 868
1840 241 532
1840 82 458
1840 68 947
1840 217 626
1840 278 666
1840 407 826
1840 362 616
1840 283 527
1840 261 565
1840 298 567
1840 260 501
1860 343 496
1860 343 497
1860 309 181
1860 369 681
1860 383 712
1860 241 532
1860 366 692
1860 78 464
1860 68 946
1860 216 631
1860 278 663
1860 388 859
1860 287 528
1860 348 853
1860 261 569
1860 292 593
1860 260 501
1880 347 514
1880 328 752
1880 358 515
1880 467 442
1880 241 533
1880 51 867
1880 220 625
1880 379 507
1880 282 663
1880 389 863
1880 284 527
1880 330 761
1880 349 854
1880 264 568
1880 299 567
1880 272 500
1900 349 501
1900 307 663
1900 240 718
1900 352 483
1900 433 433
1900 245 529
1900 61 643
1900 37 1001
1900 216 628
1900 354 1174
1900 389 495
1900 425 447
1900 446 395
1900 386 864
1900 288 526
1900 349 849
1900 266 564
1900 295 571
1900 89 754
1900 264 504
1920 337 505
1920 296 441
1920 87 689
1920 373 875
1920 424 444
1920 240 534
1920 404 342
1920 81 679
1920 218 633
1920 359 1208
1920 388 765
1920 382 378
1920 386 858
1920 423 914
1920 285 528
1920 352 846
1920 265 565
1920 291 624
1920 267 507
1940 355 738
1940 384 873
1940 451 304
1940 371 288
1940 462 865
1940 371 984
1940 238 535
1940 391 266
1940 218 630
1940 288 682
1940 427 582
1940 359 981
1940 397 832
1940 130 523
1940 285 530
1940 349 850
1940 306 671
1940 266 572
1940 298 572
1940 101 587
1940 262 499
1940 128 529
1960 408 233
1960 90 403
1960 244 532
1960 35 497
1960 223 626
1960 422 560
1960 404 850
1960 342 213
1960 428 938
1960 287 529
1960 159 441
1960 126 380
1960 377 862
1960 300 1057
1960 264 563
1960 301 567
1960 264 504
1960 215 473
1980 382 866
1980 312 133
1980 100 416
1980 449 884
1980 239 535
1980 160 727
1980 61 420
1980 220 627
1980 353 1188
1980 374 482
1980 289 670
1980 409 1038
1980 363 1030
1980 400 838
1980 285 524
1980 178 484
1980 353 844
1980 81 414
1980 264 566
1980 299 568
1980 265 505
1980 93 427
1980 445 1015
