1800 439 826
1800 239 532
1800 77 488
1800 38 917
1800 219 631
1800 291 1138
1800 281 651
1800 435 617
1800 370 764
1800 294 1190
1800 402 829
1800 284 530
1800 318 813
1800 293 1113
1800 307 662
1800 264 571
1800 299 569
1800 260 502
1820 383 851
1820 422 388
1820 154 1354
1820 240 533
1820 350 666
1820 38 907
1820 218 625
1820 234 1265
1820 284 676
1820 453 634
1820 394 861
1820 230 1249
1820 420 630
1820 285 527
1820 307 663
1820 86 423
1820 262 569
1820 298 565
1820 260 499
1840 390 857
1840 384 322
1840 390 655
1840 416 682
1840 406 659
1840 239 532
1840 81 458
1840 63 929
1840 218 625
1840 280 665
1840 407 829
1840 362 618
1840 283 525
1840 362 611
1840 350 834
1840 305 665
1840 261 565
1840 298 567
1840 259 502
1860 341 496
1860 343 493
1860 311 182
1860 368 688
1860 387 703
1860 238 534
1860 361 692
1860 77 463
1860 61 961
1860 218 626
1860 281 660
1860 387 858
1860 374 558
1860 285 527
1860 352 833
1860 305 669
1860 262 563
1860 293 595
1860 260 503
1880 346 512
1880 333 746
1880 360 512
1880 467 439
1880 241 531
1880 49 864
1880 220 626
1880 379 506
1880 284 657
1880 387 860
1880 282 520
1880 330 757
1880 354 849
1880 303 675
1880 263 561
1880 299 566
1880 270 497
1900 351 481
1900 307 670
1900 237 720
1900 351 480
1900 429 437
1900 242 530
1900 61 645
1900 30 986
1900 217 628
1900 367 1201
1900 383 491
1900 423 436
1900 449 396
1900 389 858
1900 287 527
1900 357 834
1900 303 669
1900 265 564
1900 296 569
1900 88 752
1900 261 501
1920 329 474
1920 293 443
1920 107 671
1920 374 873
1920 427 433
1920 237 532
1920 403 341
1920 80 674
1920 218 632
1920 357 1233
1920 281 668
1920 388 754
1920 378 373
1920 387 858
1920 425 913
1920 312 469
1920 284 526
1920 356 834
1920 263 564
1920 285 638
1920 266 505
1940 357 733
1940 453 297
1940 370 287
1940 462 863
1940 363 980
1940 238 535
1940 387 263
1940 291 735
1940 218 630
1940 279 667
1940 426 581
1940 358 980
1940 397 831
1940 128 518
1940 285 530
1940 349 847
1940 316 669
1940 267 570
1940 299 571
1940 101 583
1940 261 498
1940 127 527
1960 407 225
1960 368 206
1960 90 402
1960 241 531
1960 53 500
1960 222 625
1960 423 560
1960 400 868
1960 345 216
1960 425 549
1960 427 940
1960 286 526
1960 157 438
1960 125 379
1960 354 840
1960 263 560
1960 300 565
1960 263 503
1960 214 472
1980 385 863
1980 310 134
1980 112 295
1980 447 883
1980 238 534
1980 158 728
1980 54 426
1980 220 628
1980 352 1178
1980 369 484
1980 307 646
1980 412 1035
1980 365 1029
1980 398 836
1980 478 886
1980 285 522
1980 179 485
1980 277 1166
1980 79 417
1980 264 564
1980 299 568
1980 264 504
1980 95 429
1980 435 1024
