1800 384 812
1800 234 545
1800 68 485
1800 209 635
1800 290 1120
1800 280 530
1800 324 819
1800 303 655
1800 254 578
1800 297 567
1820 391 672
1820 421 531
1820 234 542
1820 211 620
1820 226 1246
1820 446 635
1820 463 654
1820 280 522
1820 344 856
1820 250 582
1820 296 559
1820 254 498
1840 365 505
1840 236 542
1840 73 453
1840 211 623
1840 387 653
1840 414 667
1840 281 525
1840 337 875
1840 283 671
1840 253 582
1840 294 564
1840 256 501
1860 232 553
1860 73 454
1860 207 641
1860 371 553
1860 278 528
1860 332 871
1860 309 668
1860 255 570
1860 299 591
1860 253 503
1880 350 841
1880 432 499
1880 313 741
1880 225 544
1880 210 632
1880 276 518
1880 311 708
1880 255 575
1880 296 556
1880 262 488
1900 402 836
1900 344 471
1900 448 385
1900 236 536
1900 209 628
1900 224 715
1900 349 487
1900 281 531
1900 309 670
1900 251 567
1900 297 567
1900 252 500
1920 378 774
1920 391 542
1920 150 643
1920 407 939
1920 228 545
1920 388 367
1920 214 633
1920 410 897
1920 283 518
1920 349 864
1920 297 673
1920 261 573
1940 342 756
1940 367 999
1940 231 550
1940 368 311
1940 207 630
1940 281 519
1940 309 670
1940 249 572
1940 293 577
1940 378 274
1960 429 547
1960 427 216
1960 220 493
1960 434 247
1960 63 495
1960 208 634
1960 265 723
1960 433 546
1960 279 533
1960 305 681
1960 248 579
1960 296 564
1960 260 504
1960 208 482
1980 396 829
1980 292 119
1980 110 288
1980 49 419
1980 209 624
1980 245 1156
1980 340 1083
1980 279 525
1980 254 583
1980 296 558
1980 257 506
