1800 296 547
1800 188 1315
1800 255 501
1800 310 663
1800 420 813
1800 313 812
1800 312 812
1800 76 481
1800 44 946
1800 214 631
1800 287 1148
1800 285 662
1800 367 755
1800 304 1187
1800 456 629
1800 330 818
1800 373 764
1800 387 810
1800 278 542
1800 477 635
1800 306 658
1800 258 572
1800 236 532
1805 293 537
1805 255 500
1805 419 824
1805 309 834
1805 76 455
1805 211 613
1805 284 1216
1805 279 1156
1805 277 659
1805 360 767
1805 450 638
1805 364 801
1805 466 956
1805 382 810
1805 385 833
1805 277 1256
1805 281 530
1805 255 561
1805 235 539
1805 465 1118
1810 358 831
1810 294 559
1810 462 438
1810 254 499
1810 419 841
1810 67 423
1810 41 928
1810 210 613
1810 258 1191
1810 287 704
1810 354 843
1810 267 1178
1810 416 625
1810 353 709
1810 372 837
1810 262 1249
1810 389 829
1810 249 1166
1810 432 610
1810 469 608
1810 281 527
1810 36 903
1810 470 590
1810 36 368
1810 258 558
1810 235 537
1810 460 1075
1815 295 565
1815 432 509
1815 254 500
1815 311 673
1815 418 835
1815 53 439
1815 41 913
1815 214 622
1815 285 691
1815 354 829
1815 253 1267
1815 416 627
1815 390 838
1815 237 1197
1815 383 839
1815 233 1204
1815 461 599
1815 279 528
1815 256 564
1815 237 530
1815 271 848
1815 456 1115
1820 349 834
1820 299 563
1820 429 514
1820 254 500
1820 418 835
1820 412 388
1820 35 906
1820 213 621
1820 285 706
1820 358 840
1820 237 1289
1820 422 633
1820 370 837
1820 214 1253
1820 388 843
1820 211 1286
1820 468 669
1820 282 520
1820 413 644
1820 354 677
1820 255 559
1820 236 533
1825 295 560
1825 255 499
1825 307 660
1825 439 629
1825 411 365
1825 45 917
1825 210 619
1825 279 692
1825 355 832
1825 218 1317
1825 437 630
1825 334 721
1825 369 846
1825 207 1301
1825 392 512
1825 386 857
1825 222 1334
1825 279 529
1825 403 631
1825 350 658
1825 261 553
1825 237 532
1825 460 1108
1830 344 833
1830 299 566
1830 255 499
1830 312 667
1830 415 831
1830 76 434
1830 52 919
1830 212 624
1830 360 841
1830 440 643
1830 364 861
1830 387 505
1830 382 846
1830 279 535
1830 402 687
1830 352 632
1830 259 562
1830 236 534
1830 462 1072
1835 340 871
1835 296 547
1835 181 1322
1835 428 626
1835 256 498
1835 382 313
1835 74 440
1835 52 914
1835 211 621
1835 281 670
1835 355 825
1835 367 843
1835 180 1314
1835 337 636
1835 311 855
1835 382 850
1835 280 525
1835 398 661
1835 301 660
1835 354 623
1835 257 558
1835 233 558
1835 465 1110
1840 294 539
1840 256 499
1840 373 310
1840 76 454
1840 52 913
1840 211 623
1840 287 672
1840 364 832
1840 370 847
1840 302 858
1840 384 847
1840 365 622
1840 280 524
1840 401 668
1840 359 598
1840 258 558
1840 239 532
1840 465 1107
1845 349 493
1845 298 557
1845 255 499
1845 77 454
1845 52 921
1845 212 623
1845 287 676
1845 391 862
1845 380 852
1845 364 605
1845 280 523
1845 401 671
1845 312 673
1845 358 595
1845 357 265
1845 257 551
1845 237 534
1845 463 1095
1850 344 828
1850 345 494
1850 298 551
1850 256 501
1850 343 234
1850 77 456
1850 54 916
1850 213 625
1850 288 684
1850 309 665
1850 396 831
1850 385 839
1850 326 227
1850 365 576
1850 280 524
1850 401 670
1850 340 235
1850 260 548
1850 237 532
1850 461 1076
1850 339 495
1855 337 842
1855 345 496
1855 298 564
1855 256 500
1855 77 456
1855 53 936
1855 213 628
1855 357 830
1855 379 862
1855 382 862
1855 330 206
1855 367 678
1855 280 525
1855 396 678
1855 256 552
1855 235 536
1855 457 1068
1855 345 487
1860 342 847
1860 343 497
1860 298 561
1860 255 501
1860 349 709
1860 379 549
1860 76 455
1860 50 930
1860 208 639
1860 286 677
1860 359 837
1860 384 854
1860 382 862
1860 369 695
1860 477 497
1860 279 526
1860 395 707
1860 363 692
1860 323 180
1860 255 551
1860 237 534
1860 462 1069
1860 342 493
1865 340 846
1865 297 546
1865 469 510
1865 256 507
1865 463 503
1865 381 545
1865 388 856
1865 73 459
1865 52 917
1865 211 630
1865 364 838
1865 474 506
1865 305 661
1865 373 863
1865 383 854
1865 281 522
1865 477 503
1865 384 547
1865 258 556
1865 236 534
1865 460 1075
1865 341 509
1870 343 839
1870 355 519
1870 295 549
1870 448 510
1870 263 499
1870 463 511
1870 77 481
1870 53 879
1870 212 627
1870 280 678
1870 355 849
1870 331 714
1870 365 845
1870 451 514
1870 381 850
1870 283 514
1870 308 670
1870 254 561
1870 234 532
1870 462 1085
1870 343 506
1875 345 810
1875 300 562
1875 428 505
1875 264 517
1875 348 743
1875 336 721
1875 469 276
1875 49 515
1875 211 619
1875 356 837
1875 476 434
1875 328 717
1875 360 842
1875 435 498
1875 382 851
1875 286 526
1875 479 426
1875 309 675
1875 50 1277
1875 258 561
1875 237 529
1875 464 1077
1875 346 507
1880 350 836
1880 354 511
1880 296 556
1880 423 501
1880 262 492
1880 309 667
1880 470 423
1880 265 81
1880 48 875
1880 214 627
1880 354 835
1880 472 433
1880 323 751
1880 357 841
1880 420 507
1880 380 852
1880 284 521
1880 41 868
1880 12 410
1880 257 560
1880 238 530
1880 461 1101
1880 344 509
1885 349 511
1885 298 557
1885 361 494
1885 422 498
1885 257 497
1885 307 765
1885 447 489
1885 214 626
1885 362 782
1885 475 426
1885 358 838
1885 382 503
1885 380 863
1885 284 731
1885 410 491
1885 284 518
1885 56 842
1885 24 386
1885 258 551
1885 236 527
1885 463 1062
1885 345 510
1890 268 737
1890 356 510
1890 296 561
1890 356 494
1890 454 415
1890 253 497
1890 443 406
1890 267 754
1890 51 831
1890 211 628
1890 353 838
1890 354 843
1890 383 512
1890 381 878
1890 287 726
1890 259 715
1890 282 530
1890 259 544
1890 61 587
1890 235 535
1890 271 743
1890 468 1096
1890 342 511
1895 348 840
1895 352 470
1895 235 697
1895 298 552
1895 446 393
1895 253 498
1895 438 385
1895 214 628
1895 355 840
1895 268 763
1895 359 838
1895 384 498
1895 380 861
1895 397 494
1895 475 786
1895 252 710
1895 280 530
1895 475 807
1895 258 564
1895 63 614
1895 237 537
1895 263 757
1895 241 739
1895 460 1107
1895 260 728
1895 344 488
1900 84 750
1900 341 846
1900 349 472
1900 239 702
1900 300 552
1900 378 489
1900 435 395
1900 255 497
1900 453 844
1900 423 388
1900 216 628
1900 355 841
1900 306 660
1900 355 841
1900 384 494
1900 383 855
1900 459 823
1900 287 525
1900 94 755
1900 478 751
1900 260 553
1900 68 645
1900 239 527
1900 234 688
1900 453 1129
1900 345 480
1905 87 731
1905 347 827
1905 347 464
1905 299 564
1905 428 371
1905 259 503
1905 204 721
1905 30 235
1905 438 830
1905 214 674
1905 420 389
1905 93 741
1905 212 631
1905 354 838
1905 214 699
1905 358 835
1905 414 416
1905 382 869
1905 465 743
1905 284 522
1905 96 729
1905 470 745
1905 214 688
1905 257 556
1905 50 686
1905 238 534
1905 347 459
1910 324 443
1910 86 729
1910 345 833
1910 347 474
1910 300 566
1910 437 379
1910 430 375
1910 258 509
1910 202 666
1910 26 241
1910 424 862
1910 409 358
1910 91 727
1910 204 679
1910 208 658
1910 208 687
1910 196 661
1910 355 828
1910 308 671
1910 471 873
1910 359 837
1910 418 361
1910 380 865
1910 191 663
1910 459 855
1910 285 522
1910 311 670
1910 312 445
1910 255 556
1910 24 707
1910 237 534
1910 346 471
1915 88 693
1915 347 832
1915 345 477
1915 305 581
1915 460 446
1915 258 510
1915 198 659
1915 156 666
1915 314 442
1915 26 231
1915 433 911
1915 410 356
1915 94 700
1915 181 645
1915 215 634
1915 288 692
1915 191 639
1915 358 836
1915 457 879
1915 362 842
1915 415 380
1915 381 864
1915 163 654
1915 154 665
1915 189 647
1915 429 923
1915 279 526
1915 302 441
1915 257 554
1915 36 720
1915 235 530
1915 339 477
1920 79 680
1920 343 847
1920 297 554
1920 455 429
1920 259 506
1920 294 441
1920 157 640
1920 452 738
1920 280 613
1920 407 892
1920 416 287
1920 93 688
1920 211 631
1920 196 626
1920 359 817
1920 443 464
1920 425 913
1920 301 455
1920 358 829
1920 297 444
1920 382 853
1920 151 639
1920 156 639
1920 427 922
1920 281 520
1920 456 697
1920 308 457
1920 256 564
1920 68 687
1920 236 530
1920 152 652
1925 273 432
1925 303 567
1925 426 380
1925 454 406
1925 259 502
1925 299 458
1925 163 627
1925 312 668
1925 21 247
1925 437 716
1925 314 468
1925 411 343
1925 394 328
1925 159 585
1925 6 488
1925 213 608
1925 284 684
1925 359 776
1925 407 548
1925 408 901
1925 289 442
1925 361 867
1925 273 431
1925 285 437
1925 432 385
1925 380 879
1925 168 613
1925 408 550
1925 286 527
1925 320 499
1925 169 564
1925 147 619
1925 255 559
1925 72 663
1925 235 532
1925 466 1102
1930 273 435
1930 346 840
1930 385 915
1930 297 565
1930 463 382
1930 257 504
1930 376 314
1930 380 331
1930 384 925
1930 310 517
1930 410 321
1930 12 500
1930 213 618
1930 283 674
1930 366 858
1930 409 563
1930 328 738
1930 404 928
1930 290 468
1930 357 836
1930 384 851
1930 85 654
1930 282 516
1930 396 707
1930 162 539
1930 256 553
1930 60 639
1930 235 544
1930 256 437
1935 398 956
1935 298 567
1935 243 431
1935 461 365
1935 265 463
1935 234 431
1935 131 553
1935 372 310
1935 417 835
1935 390 885
1935 416 311
1935 210 626
1935 281 689
1935 361 834
1935 427 562
1935 308 658
1935 405 984
1935 279 472
1935 353 815
1935 270 465
1935 440 357
1935 382 845
1935 431 396
1935 72 626
1935 465 872
1935 282 513
1935 466 841
1935 144 568
1935 129 545
1935 256 550
1935 63 622
1935 234 544
1935 256 437
1935 272 671
1935 125 546
1940 357 983
1940 345 818
1940 376 967
1940 296 564
1940 462 278
1940 251 464
1940 237 434
1940 132 522
1940 373 285
1940 441 864
1940 418 295
1940 280 747
1940 211 630
1940 352 834
1940 472 863
1940 357 840
1940 460 313
1940 386 863
1940 468 855
1940 282 536
1940 471 874
1940 257 556
1940 61 604
1940 233 531
1940 224 428
1940 464 1112
1945 355 999
1945 347 824
1945 297 561
1945 460 254
1945 250 469
1945 129 475
1945 414 261
1945 372 266
1945 311 677
1945 303 677
1945 429 876
1945 436 282
1945 212 630
1945 280 673
1945 355 838
1945 257 748
1945 426 565
1945 326 734
1945 361 850
1945 381 859
1945 425 334
1945 455 895
1945 279 525
1945 471 863
1945 259 564
1945 229 537
1945 258 749
1945 142 460
1945 217 429
1950 351 1033
1950 342 840
1950 296 564
1950 258 496
1950 371 236
1950 317 727
1950 308 689
1950 423 889
1950 239 473
1950 449 227
1950 128 432
1950 213 627
1950 283 687
1950 355 841
1950 417 569
1950 302 674
1950 299 700
1950 329 1061
1950 360 851
1950 385 859
1950 287 732
1950 412 246
1950 428 889
1950 283 519
1950 475 545
1950 21 426
1950 345 246
1950 256 570
1950 241 505
1950 377 227
1950 245 731
1950 226 471
1950 467 1089
1950 263 731
1955 200 740
1955 342 825
1955 299 566
1955 174 438
1955 259 501
1955 339 225
1955 424 243
1955 431 895
1955 457 175
1955 130 403
1955 272 756
1955 29 580
1955 211 640
1955 294 1069
1955 198 741
1955 290 685
1955 352 841
1955 416 568
1955 306 659
1955 452 958
1955 203 739
1955 359 847
1955 381 875
1955 435 906
1955 281 521
1955 263 545
1955 238 509
1955 268 711
1955 352 224
1955 223 473
1955 468 1116
1955 263 747
1960 339 848
1960 297 557
1960 260 502
1960 431 161
1960 307 666
1960 28 266
1960 457 213
1960 127 376
1960 69 502
1960 206 632
1960 311 1072
1960 361 843
1960 412 568
1960 412 975
1960 361 850
1960 387 845
1960 430 950
1960 246 726
1960 281 524
1960 261 562
1960 236 527
1960 347 210
1960 155 447
1960 465 1113
1965 343 846
1965 297 557
1965 260 502
1965 400 152
1965 304 668
1965 103 370
1965 387 963
1965 137 439
1965 149 740
1965 74 484
1965 210 623
1965 287 1089
1965 277 1129
1965 357 824
1965 410 548
1965 308 675
1965 403 992
1965 362 822
1965 383 845
1965 193 476
1965 443 984
1965 281 518
1965 259 567
1965 234 536
1965 193 475
1965 348 163
1965 142 442
1965 200 477
1965 468 1091
1970 224 747
1970 346 824
1970 381 1030
1970 300 558
1970 258 506
1970 312 166
1970 437 172
1970 132 745
1970 85 343
1970 472 851
1970 384 982
1970 462 116
1970 139 443
1970 142 741
1970 76 456
1970 212 626
1970 276 1117
1970 209 734
1970 366 862
1970 404 1009
1970 225 737
1970 368 864
1970 387 852
1970 191 476
1970 282 523
1970 475 842
1970 387 526
1970 56 409
1970 256 560
1970 236 555
1970 192 478
1970 345 139
1970 454 1037
1975 375 1061
1975 346 830
1975 295 554
1975 260 503
1975 118 455
1975 429 137
1975 383 109
1975 85 312
1975 453 937
1975 380 1033
1975 127 457
1975 73 437
1975 211 627
1975 278 1143
1975 260 1140
1975 357 840
1975 306 1241
1975 270 1134
1975 407 1015
1975 363 851
1975 384 495
1975 386 853
1975 464 878
1975 282 524
1975 105 747
1975 470 871
1975 69 322
1975 256 562
1975 180 481
1975 234 531
1975 187 478
1975 456 1055
1980 359 1049
1980 89 751
1980 349 829
1980 349 492
1980 298 551
1980 345 1113
1980 258 509
1980 78 421
1980 168 494
1980 21 231
1980 446 889
1980 388 1035
1980 72 410
1980 211 628
1980 251 1174
1980 235 1157
1980 357 840
1980 241 1153
1980 420 1024
1980 362 848
1980 383 490
1980 386 853
1980 235 1173
1980 281 519
1980 83 763
1980 24 427
1980 257 564
1980 173 484
1980 238 543
1980 380 102
1985 338 1104
1985 346 830
1985 348 465
1985 391 1078
1985 302 563
1985 259 504
1985 104 468
1985 173 489
1985 130 724
1985 438 899
1985 76 281
1985 74 393
1985 209 618
1985 356 838
1985 336 1069
1985 360 847
1985 219 1190
1985 356 448
1985 385 858
1985 230 1169
1985 434 930
1985 281 521
1985 32 413
1985 258 561
1985 175 486
1985 237 543
1990 318 443
1990 344 1108
1990 79 740
1990 348 828
1990 348 413
1990 300 561
1990 259 501
1990 165 488
1990 322 441
1990 48 259
1990 432 959
1990 411 923
1990 76 474
1990 207 614
1990 356 828
1990 457 956
1990 358 840
1990 217 1186
1990 361 431
1990 388 843
1990 221 1187
1990 429 957
1990 281 521
1990 104 731
1990 315 444
1990 67 330
1990 259 549
1990 171 485
1990 237 529
1990 356 102
1990 424 1133
1990 356 416
1995 323 416
1995 68 725
1995 347 829
1995 295 556
1995 262 499
1995 167 483
1995 327 427
1995 321 411
1995 40 259
1995 393 872
1995 69 477
1995 211 612
1995 279 679
1995 357 838
1995 411 959
1995 363 848
1995 209 1213
1995 387 849
1995 225 1212
1995 430 958
1995 280 516
1995 310 411
1995 163 482
1995 70 330
1995 318 414
1995 256 565
1995 172 482
1995 233 546
1995 334 385
1995 447 998
1995 270 678
1995 357 398
