1800 299 571
1800 319 1190
1800 258 503
1800 236 72
1800 236 76
1800 304 659
1800 446 844
1800 282 664
1800 238 71
1800 74 485
1800 35 908
1800 301 1125
1800 380 787
1800 297 1193
1800 423 617
1800 384 802
1800 390 813
1800 398 822
1800 295 1180
1800 434 828
1800 283 535
1800 463 890
1800 263 577
1800 239 537
1800 217 628
1800 427 1146
1800 239 79
1820 417 840
1820 300 574
1820 429 517
1820 258 502
1820 351 668
1820 304 668
1820 454 640
1820 280 686
1820 274 860
1820 450 461
1820 421 385
1820 33 909
1820 405 870
1820 450 633
1820 358 844
1820 452 1086
1820 373 840
1820 218 1234
1820 411 829
1820 304 669
1820 231 1250
1820 424 844
1820 283 530
1820 263 586
1820 238 534
1820 218 623
1820 423 1107
1840 370 843
1840 360 602
1840 357 829
1840 298 573
1840 139 1363
1840 362 621
1840 258 503
1840 367 316
1840 417 661
1840 360 624
1840 432 647
1840 276 675
1840 408 857
1840 78 457
1840 55 915
1840 412 674
1840 430 646
1840 356 836
1840 461 1087
1840 371 843
1840 360 615
1840 302 865
1840 397 828
1840 281 676
1840 422 858
1840 287 530
1840 420 664
1840 358 603
1840 357 840
1840 261 582
1840 241 536
1840 218 625
1860 386 704
1860 299 572
1860 389 709
1860 258 506
1860 360 692
1860 309 666
1860 455 667
1860 372 555
1860 277 679
1860 333 212
1860 373 553
1860 76 461
1860 51 928
1860 390 858
1860 469 518
1860 352 829
1860 460 1110
1860 375 852
1860 389 695
1860 295 179
1860 399 830
1860 305 668
1860 455 903
1860 285 531
1860 472 901
1860 371 554
1860 263 572
1860 239 536
1860 219 629
1860 334 506
1880 349 851
1880 301 570
1880 429 499
1880 274 496
1880 319 687
1880 463 443
1880 376 515
1880 279 669
1880 464 440
1880 43 864
1880 390 823
1880 472 444
1880 346 830
1880 317 675
1880 464 1082
1880 372 846
1880 429 511
1880 399 825
1880 290 699
1880 290 531
1880 42 869
1880 260 582
1880 237 531
1880 218 625
1880 345 511
1900 229 699
1900 378 872
1900 334 477
1900 302 565
1900 438 397
1900 263 506
1900 389 883
1900 300 668
1900 468 757
1900 278 697
1900 458 405
1900 422 447
1900 229 667
1900 387 858
1900 340 853
1900 371 844
1900 57 798
1900 412 522
1900 401 826
1900 278 549
1900 240 709
1900 441 902
1900 290 537
1900 99 823
1900 471 819
1900 263 582
1900 62 649
1900 241 539
1900 226 730
1900 344 493
1920 299 561
1920 454 443
1920 265 505
1920 294 442
1920 156 650
1920 26 258
1920 452 724
1920 396 547
1920 279 682
1920 413 894
1920 315 467
1920 407 354
1920 398 542
1920 102 693
1920 7 514
1920 386 766
1920 359 821
1920 417 922
1920 371 853
1920 400 852
1920 282 679
1920 417 885
1920 287 528
1920 408 759
1920 412 383
1920 262 579
1920 154 647
1920 238 538
1920 222 633
1920 104 677
1920 332 473
1940 363 732
1940 300 570
1940 464 288
1940 260 499
1940 228 429
1940 127 532
1940 418 303
1940 371 298
1940 345 732
1940 462 868
1940 289 737
1940 277 673
1940 376 941
1940 410 289
1940 450 315
1940 304 728
1940 428 576
1940 349 815
1940 470 881
1940 362 858
1940 393 822
1940 310 664
1940 271 539
1940 442 861
1940 285 534
1940 466 859
1940 149 526
1940 264 581
1940 64 599
1940 238 538
1940 221 629
1940 96 593
1940 452 1141
1960 386 872
1960 323 1082
1960 300 565
1960 203 740
1960 263 503
1960 461 134
1960 379 88
1960 390 882
1960 41 262
1960 463 589
1960 279 681
1960 458 142
1960 346 209
1960 437 195
1960 163 441
1960 62 504
1960 317 1074
1960 377 830
1960 441 201
1960 167 440
1960 425 543
1960 347 843
1960 417 971
1960 367 866
1960 400 839
1960 304 669
1960 419 949
1960 284 531
1960 87 403
1960 265 573
1960 237 529
1960 212 630
1960 364 30
1980 386 866
1980 358 1041
1980 300 570
1980 344 1135
1980 262 508
1980 107 463
1980 338 128
1980 369 875
1980 42 263
1980 462 910
1980 360 491
1980 277 668
1980 365 112
1980 83 419
1980 38 439
1980 248 1157
1980 246 1186
1980 393 822
1980 265 1183
1980 360 489
1980 249 1160
1980 169 493
1980 353 831
1980 459 1120
1980 374 1050
1980 384 856
1980 386 494
1980 399 827
1980 289 687
1980 260 1200
1980 432 982
1980 284 527
1980 459 876
1980 353 858
1980 83 410
1980 260 584
1980 239 536
1980 213 613
1980 392 73
1980 176 484
1980 443 1043
