1800 370 764
1800 301 570
1800 428 817
1800 261 503
1800 247 68
1800 308 663
1800 462 624
1800 428 611
1800 283 667
1800 315 808
1800 477 213
1800 272 56
1800 236 63
1800 76 490
1800 64 942
1800 290 1128
1800 369 766
1800 288 1164
1800 285 1126
1800 428 612
1800 390 810
1800 392 821
1800 392 826
1800 431 821
1800 310 663
1800 440 823
1800 286 530
1800 433 602
1800 314 814
1800 288 1120
1800 267 570
1800 241 532
1800 220 633
1820 277 854
1820 374 836
1820 301 572
1820 221 1277
1820 358 677
1820 430 518
1820 260 500
1820 275 857
1820 37 885
1820 260 500
1820 306 670
1820 453 635
1820 284 679
1820 420 385
1820 414 631
1820 35 890
1820 407 640
1820 232 1297
1820 454 639
1820 377 833
1820 420 843
1820 223 1248
1820 418 845
1820 428 517
1820 419 837
1820 307 670
1820 221 1263
1820 407 648
1820 286 529
1820 31 899
1820 453 643
1820 424 517
1820 264 568
1820 238 535
1820 220 626
1820 406 645
1840 369 840
1840 301 570
1840 81 460
1840 361 622
1840 260 501
1840 304 666
1840 431 641
1840 362 501
1840 279 673
1840 390 657
1840 81 456
1840 66 934
1840 428 646
1840 373 849
1840 411 830
1840 361 621
1840 329 874
1840 419 643
1840 375 299
1840 284 674
1840 361 503
1840 288 531
1840 430 644
1840 361 501
1840 263 567
1840 241 534
1840 220 630
1840 362 294
1840 361 623
1860 336 856
1860 341 501
1860 369 848
1860 302 571
1860 77 463
1860 372 703
1860 470 516
1860 260 502
1860 308 669
1860 374 560
1860 294 678
1860 465 262
1860 329 198
1860 390 687
1860 316 181
1860 77 460
1860 61 931
1860 379 692
1860 475 528
1860 350 822
1860 402 822
1860 348 834
1860 404 823
1860 310 670
1860 459 897
1860 289 532
1860 342 500
1860 374 560
1860 366 706
1860 265 565
1860 242 536
1860 223 638
1880 349 512
1880 369 845
1880 302 567
1880 431 502
1880 275 501
1880 291 526
1880 267 82
1880 465 437
1880 379 510
1880 276 662
1880 473 437
1880 313 703
1880 55 866
1880 469 438
1880 462 435
1880 354 836
1880 387 859
1880 354 830
1880 429 501
1880 301 662
1880 290 525
1880 349 511
1880 379 512
1880 309 667
1880 25 381
1880 262 569
1880 241 534
1880 222 626
1880 278 672
1880 323 700
1880 346 513
1900 234 713
1900 347 509
1900 89 753
1900 373 845
1900 306 570
1900 436 421
1900 264 503
1900 308 666
1900 473 730
1900 355 499
1900 283 684
1900 431 386
1900 402 829
1900 468 441
1900 352 834
1900 387 861
1900 358 841
1900 429 441
1900 391 495
1900 454 860
1900 306 661
1900 460 825
1900 231 640
1900 291 525
1900 479 742
1900 353 503
1900 355 501
1900 265 564
1900 64 649
1900 247 546
1900 233 737
1900 220 632
1900 242 745
1900 341 517
1920 380 847
1920 317 465
1920 304 572
1920 456 707
1920 449 410
1920 266 507
1920 313 466
1920 411 345
1920 109 676
1920 387 755
1920 386 741
1920 42 249
1920 458 722
1920 43 251
1920 278 691
1920 184 614
1920 329 475
1920 416 353
1920 88 693
1920 185 607
1920 384 737
1920 411 345
1920 358 832
1920 418 898
1920 408 859
1920 380 865
1920 417 363
1920 405 776
1920 411 347
1920 303 670
1920 296 548
1920 459 725
1920 313 466
1920 392 559
1920 266 567
1920 25 751
1920 246 549
1920 224 637
1920 402 340
1920 110 678
1940 391 861
1940 364 976
1940 301 569
1940 355 730
1940 468 293
1940 263 500
1940 286 529
1940 129 532
1940 379 291
1940 411 302
1940 237 433
1940 468 859
1940 422 577
1940 279 665
1940 432 292
1940 72 601
1940 363 729
1940 421 569
1940 350 833
1940 267 474
1940 372 978
1940 351 836
1940 434 350
1940 452 872
1940 378 291
1940 312 670
1940 453 870
1940 286 532
1940 476 892
1940 150 505
1940 149 501
1940 132 517
1940 268 564
1940 73 599
1940 240 538
1940 219 627
1940 301 717
1940 103 589
1960 382 853
1960 302 570
1960 165 443
1960 266 502
1960 91 411
1960 167 440
1960 214 477
1960 372 199
1960 459 153
1960 264 502
1960 366 176
1960 393 840
1960 93 409
1960 424 553
1960 46 264
1960 303 673
1960 419 959
1960 358 219
1960 92 411
1960 286 733
1960 123 384
1960 65 509
1960 299 1072
1960 306 1066
1960 463 197
1960 427 546
1960 379 841
1960 422 951
1960 389 857
1960 385 865
1960 383 837
1960 439 557
1960 369 178
1960 305 672
1960 288 527
1960 422 561
1960 89 410
1960 267 566
1960 240 528
1960 221 625
1960 384 220
1960 253 729
1960 259 730
1980 386 850
1980 365 1026
1980 301 567
1980 175 486
1980 399 826
1980 265 504
1980 100 457
1980 86 754
1980 327 131
1980 44 311
1980 469 913
1980 364 491
1980 279 671
1980 410 1029
1980 325 118
1980 308 123
1980 116 461
1980 61 450
1980 399 827
1980 278 1228
1980 256 1148
1980 354 831
1980 468 1125
1980 410 1027
1980 400 821
1980 241 1154
1980 399 831
1980 357 842
1980 380 483
1980 400 821
1980 363 1033
1980 303 657
1980 450 890
1980 288 529
1980 475 914
1980 358 489
1980 109 463
1980 244 1148
1980 84 410
1980 262 569
1980 261 1175
1980 241 536
1980 215 616
1980 458 1094
