1800 376 769
1800 299 568
1800 291 1113
1800 258 500
1800 306 660
1800 308 660
1800 467 631
1800 369 761
1800 254 72
1800 267 68
1800 79 483
1800 35 917
1800 282 1139
1800 291 1164
1800 281 1135
1800 427 614
1800 389 811
1800 423 831
1800 316 812
1800 439 824
1800 283 533
1800 477 638
1800 316 810
1800 279 1129
1800 262 568
1800 238 529
1800 215 631
1820 378 844
1820 299 567
1820 350 671
1820 258 500
1820 274 852
1820 304 669
1820 303 662
1820 415 655
1820 419 385
1820 39 885
1820 274 858
1820 217 1291
1820 455 639
1820 383 847
1820 433 511
1820 420 839
1820 218 1245
1820 421 840
1820 280 529
1820 416 652
1820 358 837
1820 85 419
1820 259 565
1820 239 534
1820 216 624
1840 379 849
1840 300 569
1840 257 501
1840 364 291
1840 361 503
1840 288 671
1840 284 670
1840 422 648
1840 433 644
1840 61 908
1840 390 657
1840 382 850
1840 407 833
1840 373 859
1840 314 869
1840 361 608
1840 283 529
1840 429 646
1840 346 839
1840 257 566
1840 239 534
1840 216 626
1860 383 854
1860 301 571
1860 368 689
1860 475 522
1860 258 502
1860 341 500
1860 306 671
1860 306 666
1860 372 687
1860 373 558
1860 72 460
1860 54 916
1860 385 695
1860 474 521
1860 385 858
1860 395 843
1860 406 828
1860 373 557
1860 469 512
1860 282 532
1860 342 842
1860 261 562
1860 238 534
1860 216 634
1880 380 855
1880 301 562
1880 461 438
1880 267 493
1880 347 511
1880 294 674
1880 297 669
1880 306 720
1880 352 818
1880 467 436
1880 280 87
1880 378 508
1880 66 531
1880 48 859
1880 475 445
1880 386 856
1880 433 510
1880 352 512
1880 284 525
1880 352 818
1880 257 565
1880 239 531
1880 217 626
1880 66 539
1900 386 856
1900 301 566
1900 350 1181
1900 444 451
1900 259 497
1900 351 476
1900 301 670
1900 308 669
1900 477 746
1900 353 831
1900 439 388
1900 385 498
1900 231 694
1900 234 716
1900 386 860
1900 435 443
1900 230 727
1900 402 825
1900 239 711
1900 353 500
1900 462 825
1900 287 528
1900 88 755
1900 353 826
1900 262 565
1900 241 530
1900 216 626
1920 367 811
1920 384 855
1920 304 456
1920 304 569
1920 296 439
1920 453 415
1920 265 502
1920 296 440
1920 29 253
1920 112 689
1920 293 663
1920 302 664
1920 459 713
1920 393 543
1920 154 636
1920 31 994
1920 173 603
1920 384 867
1920 417 907
1920 315 463
1920 414 896
1920 379 373
1920 285 526
1920 81 684
1920 359 824
1920 265 573
1920 16 658
1920 239 533
1920 154 638
1920 218 630
1920 177 607
1940 401 845
1940 300 569
1940 354 734
1940 457 285
1940 260 494
1940 128 526
1940 146 501
1940 232 429
1940 376 292
1940 451 290
1940 46 259
1940 307 671
1940 309 675
1940 423 571
1940 366 960
1940 347 737
1940 447 290
1940 422 570
1940 128 529
1940 292 720
1940 129 526
1940 71 593
1940 147 498
1940 366 965
1940 424 569
1940 392 807
1940 466 874
1940 367 969
1940 146 503
1940 423 313
1940 361 973
1940 373 294
1940 472 897
1940 275 536
1940 474 893
1940 147 501
1940 351 788
1940 263 557
1940 64 598
1940 144 507
1940 237 532
1940 217 627
1940 101 593
1940 71 595
1940 352 285
1960 382 829
1960 307 1080
1960 301 568
1960 160 443
1960 264 502
1960 123 384
1960 371 177
1960 41 264
1960 302 669
1960 299 672
1960 23 318
1960 355 215
1960 421 560
1960 89 407
1960 65 509
1960 212 477
1960 331 1083
1960 431 188
1960 429 551
1960 392 811
1960 418 953
1960 187 748
1960 426 941
1960 420 949
1960 251 732
1960 440 552
1960 282 529
1960 347 831
1960 88 406
1960 262 562
1960 236 531
1960 218 626
1960 422 196
1960 428 943
1980 386 861
1980 375 1055
1980 301 567
1980 175 484
1980 264 503
1980 49 280
1980 316 121
1980 358 489
1980 55 285
1980 295 570
1980 298 671
1980 84 304
1980 110 252
1980 353 834
1980 339 128
1980 378 484
1980 93 427
1980 70 426
1980 86 414
1980 361 1023
1980 248 1192
1980 262 1174
1980 393 836
1980 406 1042
1980 249 1159
1980 397 827
1980 355 1029
1980 244 1164
1980 367 483
1980 455 880
1980 281 527
1980 88 751
1980 351 828
1980 84 407
1980 259 564
1980 241 532
1980 216 627
