1800 370 763
1800 388 810
1800 300 569
1800 292 1117
1800 261 501
1800 308 664
1800 307 659
1800 438 823
1800 436 602
1800 235 63
1800 78 491
1800 39 915
1800 287 1134
1800 446 602
1800 440 823
1800 400 830
1800 304 660
1800 282 558
1800 467 625
1800 316 811
1800 263 569
1800 240 532
1800 316 809
1800 217 629
1820 380 846
1820 300 569
1820 432 514
1820 260 500
1820 306 666
1820 303 665
1820 352 677
1820 420 383
1820 412 633
1820 223 1242
1820 366 838
1820 41 888
1820 455 636
1820 420 839
1820 420 841
1820 223 1244
1820 276 855
1820 303 665
1820 283 529
1820 85 419
1820 264 572
1820 240 535
1820 274 859
1820 217 626
1840 379 853
1840 300 569
1840 363 612
1840 260 499
1840 365 321
1840 425 656
1840 302 668
1840 302 670
1840 364 505
1840 416 642
1840 375 852
1840 60 913
1840 391 657
1840 369 502
1840 405 834
1840 278 677
1840 286 527
1840 362 496
1840 260 568
1840 240 533
1840 218 624
1840 323 866
1860 386 693
1860 385 858
1860 300 571
1860 476 502
1860 260 500
1860 388 699
1860 308 669
1860 307 666
1860 369 684
1860 343 493
1860 318 189
1860 384 861
1860 78 465
1860 57 919
1860 391 683
1860 476 509
1860 373 556
1860 401 832
1860 281 650
1860 286 528
1860 263 573
1860 241 534
1860 219 629
1860 353 831
1880 383 859
1880 301 564
1880 432 502
1880 270 496
1880 303 671
1880 306 668
1880 316 732
1880 376 516
1880 468 434
1880 357 850
1880 67 535
1880 51 869
1880 390 850
1880 378 512
1880 402 829
1880 284 612
1880 285 526
1880 378 510
1880 317 747
1880 261 569
1880 240 534
1880 218 625
1880 433 502
1880 66 532
1880 358 834
1900 60 775
1900 383 859
1900 301 567
1900 433 448
1900 262 497
1900 304 667
1900 231 714
1900 473 818
1900 353 491
1900 436 386
1900 360 832
1900 230 717
1900 479 747
1900 233 688
1900 472 829
1900 378 495
1900 229 713
1900 401 831
1900 291 572
1900 287 528
1900 91 760
1900 380 501
1900 265 566
1900 241 533
1900 237 706
1900 218 626
1900 389 492
1920 297 436
1920 392 739
1920 33 744
1920 385 855
1920 298 604
1920 438 470
1920 266 502
1920 296 437
1920 315 464
1920 107 674
1920 393 745
1920 300 676
1920 303 664
1920 402 340
1920 369 850
1920 178 603
1920 397 898
1920 409 895
1920 399 357
1920 277 670
1920 284 528
1920 453 429
1920 265 572
1920 242 535
1920 219 630
1920 178 606
1920 360 827
1940 355 730
1940 385 858
1940 300 570
1940 257 473
1940 266 468
1940 148 494
1940 150 495
1940 387 267
1940 458 288
1940 72 590
1940 372 305
1940 385 270
1940 403 830
1940 311 673
1940 305 674
1940 463 871
1940 361 978
1940 408 314
1940 132 518
1940 354 845
1940 423 568
1940 365 972
1940 462 871
1940 398 833
1940 374 296
1940 478 884
1940 286 672
1940 280 536
1940 264 570
1940 73 593
1940 240 534
1940 218 627
1940 101 585
1960 385 827
1960 388 856
1960 302 568
1960 265 502
1960 160 440
1960 366 200
1960 304 668
1960 303 668
1960 368 179
1960 428 549
1960 90 405
1960 90 405
1960 386 861
1960 160 443
1960 69 511
1960 302 1060
1960 432 551
1960 178 748
1960 428 943
1960 184 755
1960 416 955
1960 387 866
1960 254 724
1960 278 672
1960 285 529
1960 433 553
1960 300 1062
1960 91 406
1960 265 563
1960 243 531
1960 224 623
1960 435 191
1960 68 507
1960 353 831
1980 353 823
1980 93 754
1980 397 830
1980 376 1052
1980 300 568
1980 177 483
1980 265 503
1980 302 664
1980 454 887
1980 358 1021
1980 170 732
1980 376 480
1980 337 130
1980 96 426
1980 105 464
1980 393 845
1980 91 319
1980 177 484
1980 264 1171
1980 394 842
1980 454 887
1980 363 488
1980 399 825
1980 477 908
1980 274 660
1980 283 527
1980 163 722
1980 382 484
1980 81 417
1980 264 568
1980 243 1153
1980 240 532
1980 216 626
1980 384 488
1980 373 101
1980 356 833
