1800 300 570
1800 259 502
1800 369 766
1800 307 664
1800 305 666
1800 436 827
1800 431 609
1800 236 58
1800 75 485
1800 38 917
1800 435 603
1800 438 829
1800 399 824
1800 284 532
1800 317 809
1800 263 571
1800 290 1111
1800 240 535
1800 216 634
1820 380 849
1820 300 570
1820 427 520
1820 259 501
1820 306 664
1820 287 666
1820 350 671
1820 420 385
1820 409 639
1820 41 888
1820 408 640
1820 453 645
1820 422 840
1820 271 865
1820 410 841
1820 221 1232
1820 282 531
1820 411 649
1820 261 573
1820 240 536
1820 217 626
1840 350 833
1840 382 851
1840 299 570
1840 259 501
1840 303 657
1840 280 668
1840 363 500
1840 426 641
1840 55 903
1840 391 656
1840 391 861
1840 371 291
1840 284 529
1840 427 644
1840 261 566
1840 239 534
1840 316 868
1840 218 626
1840 342 849
1860 346 851
1860 384 862
1860 298 572
1860 259 503
1860 387 698
1860 306 670
1860 294 666
1860 319 193
1860 341 495
1860 320 191
1860 75 464
1860 55 914
1860 387 691
1860 374 555
1860 401 841
1860 284 530
1860 346 500
1860 263 570
1860 241 534
1860 218 629
1880 358 826
1880 383 862
1880 299 568
1880 433 505
1880 267 496
1880 301 673
1880 285 662
1880 375 516
1880 67 536
1880 57 879
1880 377 510
1880 404 829
1880 285 528
1880 348 510
1880 325 761
1880 261 570
1880 239 533
1880 218 627
1880 375 508
1880 68 539
1880 353 510
1900 355 837
1900 60 774
1900 383 857
1900 299 567
1900 433 447
1900 265 505
1900 301 668
1900 291 590
1900 232 723
1900 353 474
1900 434 386
1900 233 702
1900 351 840
1900 236 721
1900 233 723
1900 401 837
1900 236 725
1900 285 529
1900 89 769
1900 346 508
1900 265 566
1900 241 533
1900 218 626
1900 383 490
1920 316 467
1920 363 828
1920 377 863
1920 301 570
1920 414 391
1920 265 502
1920 297 443
1920 104 683
1920 395 741
1920 296 662
1920 377 864
1920 398 354
1920 422 922
1920 426 917
1920 394 543
1920 386 862
1920 397 364
1920 465 725
1920 285 529
1920 262 572
1920 13 645
1920 242 534
1920 218 631
1920 394 541
1920 155 638
1940 354 840
1940 383 866
1940 299 571
1940 237 434
1940 262 496
1940 149 501
1940 149 502
1940 388 269
1940 400 299
1940 307 671
1940 305 683
1940 464 862
1940 358 981
1940 358 730
1940 440 314
1940 358 980
1940 399 828
1940 370 298
1940 287 740
1940 473 867
1940 283 529
1940 263 570
1940 240 540
1940 218 628
1940 103 582
1960 354 827
1960 387 854
1960 300 568
1960 265 503
1960 371 182
1960 304 670
1960 291 648
1960 369 204
1960 421 553
1960 89 409
1960 251 722
1960 167 735
1960 364 834
1960 124 381
1960 67 507
1960 162 445
1960 431 553
1960 429 941
1960 425 956
1960 392 845
1960 286 531
1960 210 628
1960 300 1062
1960 89 408
1960 263 564
1960 242 531
1960 223 618
1960 95 494
1980 356 825
1980 86 755
1980 386 857
1980 370 1051
1980 299 569
1980 264 504
1980 303 580
1980 291 643
1980 112 280
1980 358 1031
1980 363 491
1980 341 124
1980 325 145
1980 102 456
1980 358 837
1980 178 485
1980 275 1163
1980 367 1050
1980 452 895
1980 361 490
1980 400 828
1980 284 530
1980 94 759
1980 246 1151
1980 84 422
1980 261 576
1980 239 536
1980 215 628
1980 374 482
