1800 28 760
1800 371 768
1800 300 569
1800 260 501
1800 307 664
1800 308 661
1800 438 828
1800 239 60
1800 75 485
1800 36 918
1800 284 1140
1800 438 606
1800 440 825
1800 401 827
1800 283 531
1800 316 809
1800 263 571
1800 287 1114
1800 239 533
1800 316 811
1800 216 632
1820 364 838
1820 379 848
1820 300 571
1820 428 514
1820 259 501
1820 406 647
1820 304 665
1820 293 664
1820 352 669
1820 422 384
1820 37 890
1820 407 635
1820 454 639
1820 420 835
1820 269 864
1820 419 833
1820 221 1230
1820 282 530
1820 433 662
1820 261 568
1820 239 532
1820 216 626
1840 349 835
1840 376 858
1840 300 570
1840 364 612
1840 259 500
1840 392 658
1840 300 663
1840 284 657
1840 364 501
1840 59 916
1840 392 657
1840 390 860
1840 284 528
1840 432 639
1840 261 564
1840 239 533
1840 314 866
1840 217 625
1840 351 838
1860 350 838
1860 351 839
1860 298 571
1860 477 518
1860 260 502
1860 386 694
1860 306 668
1860 302 667
1860 320 190
1860 341 497
1860 318 185
1860 76 464
1860 387 687
1860 373 553
1860 399 844
1860 284 530
1860 343 495
1860 261 567
1860 240 532
1860 217 628
1880 354 826
1880 42 844
1880 358 835
1880 299 564
1880 432 504
1880 267 497
1880 293 670
1880 297 668
1880 332 753
1880 66 537
1880 50 870
1880 378 513
1880 397 847
1880 311 722
1880 284 524
1880 328 752
1880 259 569
1880 240 533
1880 217 626
1880 376 512
1880 67 532
1880 350 512
1900 352 833
1900 56 771
1900 355 826
1900 300 568
1900 434 440
1900 264 503
1900 302 668
1900 296 663
1900 353 474
1900 435 387
1900 374 850
1900 479 760
1900 230 680
1900 232 718
1900 394 850
1900 472 820
1900 235 723
1900 284 529
1900 87 763
1900 264 562
1900 241 532
1900 217 627
1900 381 497
1920 299 441
1920 358 827
1920 83 685
1920 365 822
1920 301 569
1920 442 434
1920 266 504
1920 297 447
1920 102 684
1920 390 738
1920 301 664
1920 300 661
1920 404 342
1920 381 861
1920 153 636
1920 391 375
1920 430 913
1920 425 917
1920 388 864
1920 459 713
1920 283 531
1920 215 630
1920 262 569
1920 16 608
1920 241 533
1920 218 630
1920 395 543
1920 155 637
1940 354 830
1940 300 570
1940 238 431
1940 259 502
1940 148 501
1940 147 497
1940 390 269
1940 405 314
1940 308 669
1940 302 693
1940 463 870
1940 361 979
1940 268 469
1940 355 729
1940 455 295
1940 422 568
1940 358 846
1940 460 874
1940 398 832
1940 371 297
1940 286 748
1940 472 864
1940 282 529
1940 264 565
1940 287 740
1940 72 593
1940 239 536
1940 286 737
1940 218 629
1940 102 580
1960 352 827
1960 367 822
1960 300 569
1960 265 503
1960 367 202
1960 303 667
1960 290 658
1960 369 204
1960 424 546
1960 339 208
1960 252 723
1960 89 405
1960 176 741
1960 384 860
1960 123 382
1960 67 507
1960 169 741
1960 433 553
1960 419 925
1960 177 745
1960 428 942
1960 423 953
1960 388 853
1960 284 530
1960 302 1056
1960 89 407
1960 262 562
1960 244 528
1960 223 624
1960 408 241
1980 246 1153
1980 354 824
1980 84 753
1980 300 569
1980 265 504
1980 302 575
1980 294 664
1980 108 279
1980 452 884
1980 358 1032
1980 161 723
1980 361 488
1980 343 128
1980 337 125
1980 107 464
1980 104 465
1980 388 847
1980 179 485
1980 273 1281
1980 268 1157
1980 404 1030
1980 452 890
1980 365 486
1980 399 829
1980 284 529
1980 247 1152
1980 80 420
1980 262 572
1980 240 535
1980 214 627
1980 377 479
1980 150 726
