1800 300 569
1800 259 502
1800 369 765
1800 308 665
1800 307 664
1800 437 829
1800 431 610
1800 75 485
1800 37 922
1800 290 1202
1800 438 601
1800 439 827
1800 403 822
1800 284 532
1800 317 810
1800 263 571
1800 289 1111
1800 240 534
1800 216 632
1820 380 849
1820 300 569
1820 427 518
1820 259 502
1820 306 666
1820 285 667
1820 350 670
1820 421 384
1820 221 1230
1820 41 887
1820 409 644
1820 454 646
1820 422 840
1820 274 860
1820 413 837
1820 224 1242
1820 282 530
1820 260 571
1820 239 534
1820 217 626
1840 350 836
1840 381 851
1840 299 571
1840 362 614
1840 259 501
1840 302 659
1840 278 670
1840 363 499
1840 428 641
1840 54 911
1840 391 656
1840 389 858
1840 370 293
1840 285 528
1840 428 644
1840 261 565
1840 239 533
1840 317 867
1840 218 626
1860 348 847
1860 383 864
1860 299 572
1860 476 520
1860 259 503
1860 387 700
1860 307 670
1860 296 667
1860 319 186
1860 343 494
1860 320 187
1860 75 462
1860 53 913
1860 388 690
1860 374 557
1860 400 842
1860 285 530
1860 343 491
1860 262 571
1860 240 534
1860 218 628
1880 355 826
1880 381 867
1880 300 567
1880 433 505
1880 267 496
1880 301 672
1880 284 663
1880 376 513
1880 66 536
1880 56 880
1880 377 510
1880 400 842
1880 285 528
1880 347 512
1880 327 760
1880 261 569
1880 239 534
1880 218 626
1880 375 510
1880 67 540
1880 348 512
1900 355 836
1900 58 775
1900 381 864
1900 300 567
1900 433 446
1900 265 504
1900 302 671
1900 297 629
1900 231 725
1900 353 474
1900 433 386
1900 232 705
1900 237 731
1900 235 724
1900 233 724
1900 396 847
1900 237 737
1900 285 528
1900 89 768
1900 348 509
1900 352 474
1900 265 564
1900 241 533
1900 217 627
1900 381 498
1920 315 467
1920 362 831
1920 377 864
1920 300 568
1920 451 414
1920 266 504
1920 297 441
1920 102 688
1920 395 743
1920 303 665
1920 298 662
1920 400 345
1920 397 361
1920 412 898
1920 426 919
1920 394 544
1920 386 863
1920 396 364
1920 461 729
1920 285 530
1920 263 571
1920 242 535
1920 218 631
1920 393 541
1920 159 623
1940 355 838
1940 383 865
1940 300 570
1940 237 435
1940 262 501
1940 148 503
1940 148 502
1940 388 269
1940 403 299
1940 307 669
1940 305 687
1940 464 860
1940 359 982
1940 355 731
1940 439 317
1940 356 981
1940 398 832
1940 370 298
1940 286 741
1940 471 866
1940 283 529
1940 263 570
1940 240 540
1940 219 629
1940 102 582
1960 352 827
1960 382 863
1960 300 568
1960 265 503
1960 365 202
1960 304 670
1960 291 659
1960 368 204
1960 419 554
1960 252 724
1960 175 743
1960 123 383
1960 66 507
1960 432 554
1960 180 753
1960 429 941
1960 426 959
1960 388 853
1960 286 530
1960 209 631
1960 300 1061
1960 88 407
1960 262 565
1960 242 533
1960 223 624
1980 354 828
1980 87 755
1980 384 856
1980 300 569
1980 265 504
1980 311 611
1980 287 662
1980 111 298
1980 359 1035
1980 361 490
1980 341 127
1980 318 137
1980 92 429
1980 104 462
1980 178 484
1980 281 1166
1980 368 1058
1980 451 893
1980 397 833
1980 284 529
1980 100 764
1980 247 1151
1980 84 422
1980 262 574
1980 239 535
1980 215 629
1980 372 477
