1800 300 569
1800 259 502
1800 369 766
1800 307 664
1800 299 666
1800 437 828
1800 75 486
1800 37 922
1800 290 1197
1800 437 602
1800 438 828
1800 400 826
1800 284 530
1800 317 810
1800 261 570
1800 289 1111
1800 239 534
1800 216 633
1820 378 852
1820 299 569
1820 426 519
1820 259 502
1820 304 665
1820 283 667
1820 349 672
1820 420 384
1820 42 886
1820 409 643
1820 454 646
1820 421 840
1820 272 863
1820 394 855
1820 223 1230
1820 282 530
1820 260 571
1820 239 535
1820 217 626
1840 350 835
1840 374 863
1840 300 571
1840 362 614
1840 259 501
1840 302 657
1840 276 670
1840 54 911
1840 391 656
1840 388 857
1840 367 292
1840 284 528
1840 428 645
1840 260 565
1840 238 534
1840 316 870
1840 218 626
1840 351 836
1860 349 845
1860 383 865
1860 298 571
1860 477 520
1860 258 503
1860 387 699
1860 307 670
1860 290 666
1860 318 187
1860 320 188
1860 75 463
1860 53 907
1860 387 692
1860 374 556
1860 396 845
1860 284 530
1860 344 495
1860 262 570
1860 240 535
1860 218 629
1880 355 829
1880 384 853
1880 300 567
1880 432 504
1880 268 497
1880 304 671
1880 280 664
1880 66 538
1880 56 881
1880 377 510
1880 400 838
1880 286 529
1880 347 511
1880 324 760
1880 260 567
1880 239 533
1880 218 627
1880 376 510
1880 67 538
1880 348 511
1900 355 836
1900 58 776
1900 371 844
1900 299 568
1900 433 445
1900 265 504
1900 302 670
1900 292 632
1900 230 723
1900 353 474
1900 434 386
1900 233 706
1900 237 729
1900 236 726
1900 463 825
1900 234 726
1900 396 847
1900 238 735
1900 285 529
1900 90 769
1900 347 511
1900 264 563
1900 241 533
1900 217 627
1900 380 498
1920 316 467
1920 360 832
1920 381 861
1920 300 568
1920 446 411
1920 265 503
1920 298 441
1920 103 688
1920 395 745
1920 304 664
1920 295 664
1920 400 345
1920 378 863
1920 396 361
1920 413 897
1920 427 918
1920 395 544
1920 385 863
1920 396 361
1920 463 722
1920 285 530
1920 262 572
1920 241 534
1920 218 631
1920 393 541
1920 155 638
1940 355 843
1940 383 866
1940 300 570
1940 237 434
1940 262 500
1940 148 502
1940 146 502
1940 387 269
1940 413 302
1940 306 669
1940 304 689
1940 465 858
1940 358 982
1940 356 731
1940 440 315
1940 357 984
1940 356 981
1940 397 833
1940 371 297
1940 286 738
1940 283 528
1940 262 569
1940 240 540
1940 218 628
1940 102 583
1960 352 827
1960 385 857
1960 300 568
1960 264 503
1960 364 201
1960 304 669
1960 285 665
1960 370 210
1960 419 554
1960 250 720
1960 171 742
1960 123 383
1960 67 508
1960 163 444
1960 431 553
1960 177 750
1960 425 961
1960 388 852
1960 285 531
1960 301 1061
1960 88 407
1960 261 564
1960 242 534
1960 221 623
1960 88 504
1980 355 827
1980 86 754
1980 384 858
1980 299 568
1980 264 504
1980 309 590
1980 283 665
1980 107 280
1980 358 1035
1980 361 490
1980 339 129
1980 89 428
1980 104 461
1980 178 484
1980 277 1286
1980 282 1162
1980 370 1058
1980 451 894
1980 397 834
1980 284 529
1980 246 1152
1980 84 418
1980 262 571
1980 239 535
1980 214 629
1980 375 480
