1800 372 759
1800 300 569
1800 290 1114
1800 261 502
1800 306 665
1800 305 662
1800 439 827
1800 458 623
1800 233 63
1800 76 486
1800 39 914
1800 287 1112
1800 431 612
1800 396 832
1800 293 665
1800 283 533
1800 468 638
1800 315 813
1800 290 1113
1800 264 571
1800 240 535
1800 317 811
1800 217 631
1820 362 841
1820 299 570
1820 259 502
1820 304 669
1820 302 667
1820 414 835
1820 350 671
1820 422 386
1820 413 643
1820 360 840
1820 39 887
1820 456 643
1820 381 848
1820 222 1234
1820 458 645
1820 283 669
1820 283 531
1820 84 421
1820 262 570
1820 238 537
1820 217 628
1840 365 838
1840 299 570
1840 363 616
1840 260 502
1840 296 672
1840 296 676
1840 422 646
1840 357 833
1840 81 456
1840 59 917
1840 388 656
1840 386 858
1840 280 676
1840 286 530
1840 362 502
1840 262 566
1840 240 538
1840 217 626
1840 317 867
1860 385 694
1860 351 841
1860 299 571
1860 478 524
1860 259 502
1860 387 699
1860 306 672
1860 305 668
1860 368 690
1860 344 498
1860 322 198
1860 356 833
1860 77 463
1860 374 558
1860 479 512
1860 340 500
1860 395 851
1860 285 668
1860 286 530
1860 266 569
1860 239 538
1860 218 631
1880 332 758
1880 359 839
1880 301 565
1880 468 437
1880 269 497
1880 298 677
1880 305 672
1880 347 517
1880 467 436
1880 352 850
1880 53 873
1880 475 440
1880 377 516
1880 397 850
1880 285 667
1880 284 529
1880 466 440
1880 379 514
1880 312 749
1880 260 569
1880 239 538
1880 217 626
1880 66 538
1900 60 774
1900 355 832
1900 299 567
1900 436 454
1900 261 500
1900 303 672
1900 301 669
1900 469 825
1900 345 506
1900 439 387
1900 354 838
1900 231 722
1900 479 478
1900 231 724
1900 231 686
1900 229 718
1900 397 851
1900 246 734
1900 280 686
1900 287 529
1900 91 761
1900 476 480
1900 376 493
1900 267 566
1900 241 537
1900 282 690
1900 217 628
1900 389 495
1920 37 753
1920 362 838
1920 297 600
1920 445 429
1920 265 504
1920 178 608
1920 313 467
1920 104 675
1920 103 681
1920 391 744
1920 303 667
1920 296 666
1920 457 713
1920 403 345
1920 363 843
1920 177 608
1920 387 371
1920 181 609
1920 427 522
1920 430 915
1920 395 547
1920 399 894
1920 401 354
1920 284 669
1920 281 530
1920 265 568
1920 243 538
1920 217 631
1920 178 610
1940 352 840
1940 300 570
1940 235 431
1940 264 479
1940 148 496
1940 148 498
1940 377 296
1940 440 319
1940 71 593
1940 308 672
1940 304 677
1940 463 872
1940 361 982
1940 271 467
1940 355 735
1940 436 310
1940 355 848
1940 424 571
1940 363 980
1940 473 876
1940 395 834
1940 374 299
1940 477 887
1940 304 675
1940 283 531
1940 264 568
1940 74 600
1940 240 540
1940 217 628
1940 101 585
1960 365 825
1960 301 569
1960 158 442
1960 264 503
1960 157 441
1960 304 671
1960 299 673
1960 367 201
1960 90 405
1960 90 497
1960 366 835
1960 125 384
1960 67 508
1960 435 557
1960 183 754
1960 427 950
1960 416 954
1960 391 853
1960 303 1067
1960 414 250
1960 259 732
1960 287 671
1960 285 531
1960 439 559
1960 308 1075
1960 89 407
1960 265 564
1960 240 532
1960 221 620
1960 421 237
1980 355 836
1980 373 1055
1980 299 568
1980 265 506
1980 300 571
1980 298 668
1980 108 282
1980 451 888
1980 357 1037
1980 341 129
1980 106 463
1980 106 466
1980 359 837
1980 88 433
1980 177 486
1980 272 1251
1980 277 1169
1980 396 836
1980 479 921
1980 291 671
1980 284 530
1980 366 493
1980 258 1158
1980 82 415
1980 263 572
1980 239 539
1980 219 628
1980 378 496
