1800 298 568
1800 289 1113
1800 259 500
1800 367 764
1800 305 664
1800 304 658
1800 436 826
1800 75 485
1800 37 914
1800 289 1151
1800 431 608
1800 438 828
1800 399 817
1800 316 807
1800 283 529
1800 471 640
1800 316 810
1800 261 569
1800 288 1113
1800 239 532
1800 215 629
1820 361 840
1820 375 851
1820 299 568
1820 426 516
1820 258 501
1820 407 643
1820 302 665
1820 291 658
1820 416 840
1820 347 683
1820 419 383
1820 40 889
1820 409 637
1820 453 637
1820 420 837
1820 274 861
1820 415 832
1820 221 1229
1820 280 530
1820 422 652
1820 85 420
1820 261 566
1820 238 534
1820 216 624
1840 347 833
1840 378 854
1840 299 568
1840 362 613
1840 259 500
1840 297 668
1840 285 666
1840 363 501
1840 58 914
1840 392 655
1840 417 644
1840 388 858
1840 283 527
1840 431 644
1840 259 564
1840 239 533
1840 317 866
1840 217 625
1840 346 840
1860 350 835
1860 383 855
1860 298 570
1860 258 502
1860 381 698
1860 306 668
1860 300 666
1860 318 184
1860 341 496
1860 315 184
1860 76 464
1860 388 688
1860 374 553
1860 396 848
1860 283 528
1860 262 568
1860 239 535
1860 218 625
1880 351 832
1880 380 852
1880 299 564
1880 432 501
1880 266 495
1880 297 676
1880 290 667
1880 332 753
1880 348 514
1880 50 868
1880 378 512
1880 397 846
1880 282 524
1880 330 751
1880 259 567
1880 239 533
1880 217 624
1880 377 509
1880 67 536
1880 351 509
1900 351 831
1900 58 775
1900 359 834
1900 299 567
1900 434 444
1900 261 499
1900 234 723
1900 299 666
1900 295 629
1900 351 477
1900 433 385
1900 69 1075
1900 230 716
1900 234 703
1900 381 494
1900 232 725
1900 393 851
1900 477 742
1900 234 723
1900 283 529
1900 87 763
1900 232 721
1900 261 564
1900 240 532
1900 216 625
1900 383 491
1900 356 473
1920 298 437
1920 359 822
1920 21 681
1920 376 858
1920 300 567
1920 438 477
1920 265 502
1920 177 604
1920 297 447
1920 405 346
1920 103 678
1920 388 740
1920 296 664
1920 289 658
1920 398 344
1920 154 639
1920 386 371
1920 422 920
1920 427 916
1920 395 545
1920 386 863
1920 376 370
1920 459 713
1920 280 529
1920 457 724
1920 318 467
1920 186 614
1920 262 567
1920 241 533
1920 217 627
1920 394 543
1920 177 608
1920 355 829
1940 351 826
1940 378 863
1940 298 570
1940 241 433
1940 263 474
1940 147 499
1940 145 498
1940 389 268
1940 395 275
1940 353 731
1940 305 670
1940 303 672
1940 462 868
1940 357 982
1940 354 730
1940 436 310
1940 356 979
1940 422 568
1940 361 984
1940 397 833
1940 371 296
1940 287 722
1940 281 527
1940 56 417
1940 263 565
1940 71 593
1940 238 536
1940 287 726
1940 218 626
1940 100 581
1940 346 824
1960 352 824
1960 383 861
1960 201 753
1960 300 567
1960 264 502
1960 365 202
1960 301 669
1960 291 652
1960 172 738
1960 368 204
1960 421 557
1960 89 403
1960 251 724
1960 102 505
1960 184 754
1960 123 384
1960 66 505
1960 320 1072
1960 171 740
1960 434 553
1960 415 951
1960 178 751
1960 167 743
1960 431 944
1960 421 958
1960 195 754
1960 387 849
1960 283 529
1960 303 1062
1960 89 404
1960 263 562
1960 241 530
1960 222 623
1960 389 224
1960 353 835
1980 244 1151
1980 352 823
1980 385 856
1980 299 564
1980 177 484
1980 264 503
1980 178 484
1980 288 656
1980 284 660
1980 111 269
1980 450 884
1980 359 1030
1980 361 489
1980 338 116
1980 332 121
1980 90 426
1980 102 458
1980 179 485
1980 268 1229
1980 371 1054
1980 451 895
1980 370 475
1980 398 827
1980 281 528
1980 156 727
1980 83 414
1980 260 570
1980 270 1165
1980 238 534
1980 214 627
1980 370 475
1980 351 829
