1800 300 568
1800 259 501
1800 370 768
1800 307 663
1800 307 661
1800 436 830
1800 430 609
1800 234 56
1800 75 486
1800 38 917
1800 287 1194
1800 430 609
1800 439 830
1800 398 824
1800 286 661
1800 284 529
1800 317 811
1800 263 571
1800 288 1113
1800 240 533
1800 217 631
1820 366 845
1820 377 851
1820 301 569
1820 426 517
1820 259 501
1820 305 664
1820 300 668
1820 416 840
1820 349 670
1820 420 384
1820 39 883
1820 410 642
1820 452 639
1820 421 840
1820 270 864
1820 384 848
1820 222 1230
1820 282 529
1820 411 648
1820 262 569
1820 239 532
1820 218 625
1840 350 835
1840 380 854
1840 300 570
1840 259 500
1840 301 662
1840 290 663
1840 59 914
1840 391 655
1840 416 645
1840 389 859
1840 367 288
1840 284 527
1840 427 644
1840 263 563
1840 239 533
1840 318 868
1840 218 625
1860 351 840
1860 386 858
1860 300 570
1860 259 502
1860 386 699
1860 305 669
1860 301 666
1860 321 191
1860 340 498
1860 319 188
1860 76 461
1860 56 920
1860 387 689
1860 374 552
1860 395 849
1860 284 529
1860 345 493
1860 265 568
1860 240 535
1860 218 628
1880 356 839
1880 385 858
1880 300 565
1880 433 504
1880 269 497
1880 299 671
1880 297 668
1880 331 756
1880 53 869
1880 377 511
1880 401 836
1880 285 526
1880 328 760
1880 262 567
1880 240 532
1880 218 625
1880 378 509
1880 68 536
1880 349 510
1900 352 835
1900 59 773
1900 379 855
1900 300 568
1900 433 444
1900 264 504
1900 300 667
1900 296 640
1900 234 726
1900 355 474
1900 432 386
1900 236 712
1900 234 707
1900 234 724
1900 394 851
1900 238 727
1900 285 528
1900 89 763
1900 346 515
1900 352 473
1900 265 560
1900 241 532
1900 217 625
1900 381 492
1920 315 467
1920 359 835
1920 85 686
1920 387 860
1920 301 591
1920 402 382
1920 266 504
1920 298 441
1920 104 681
1920 395 748
1920 296 658
1920 301 661
1920 396 349
1920 379 371
1920 429 918
1920 426 920
1920 395 544
1920 386 875
1920 459 716
1920 283 528
1920 326 472
1920 217 630
1920 264 570
1920 242 534
1920 219 629
1920 179 604
1940 356 839
1940 383 864
1940 300 569
1940 237 431
1940 258 523
1940 148 497
1940 148 499
1940 389 269
1940 396 280
1940 306 670
1940 301 693
1940 463 871
1940 359 982
1940 358 731
1940 437 321
1940 421 568
1940 421 573
1940 357 982
1940 396 834
1940 362 295
1940 287 737
1940 287 736
1940 473 879
1940 283 528
1940 264 567
1940 239 538
1940 219 627
1940 102 581
1960 354 823
1960 389 854
1960 201 753
1960 301 568
1960 264 502
1960 161 444
1960 192 754
1960 366 203
1960 304 670
1960 302 667
1960 215 473
1960 370 204
1960 422 557
1960 89 406
1960 251 721
1960 178 741
1960 123 383
1960 67 507
1960 163 444
1960 431 552
1960 387 862
1960 186 753
1960 170 746
1960 427 954
1960 425 964
1960 390 850
1960 287 529
1960 299 1066
1960 89 406
1960 263 564
1960 242 532
1960 249 722
1960 225 623
1960 432 195
1960 91 504
1960 217 474
1980 355 824
1980 87 753
1980 388 858
1980 371 1053
1980 301 567
1980 265 504
1980 301 577
1980 291 668
1980 104 281
1980 358 1029
1980 363 490
1980 339 125
1980 91 428
1980 105 463
1980 177 484
1980 266 1229
1980 278 1169
1980 376 1058
1980 452 891
1980 401 1036
1980 399 830
1980 284 529
1980 158 724
1980 246 1152
1980 85 420
1980 262 570
1980 239 535
1980 214 629
1980 368 476
