1800 239 67
1800 369 770
1800 299 571
1800 290 1111
1800 259 501
1800 306 662
1800 304 662
1800 436 826
1800 463 618
1800 237 79
1800 72 489
1800 36 917
1800 289 1204
1800 429 613
1800 439 824
1800 399 825
1800 450 844
1800 275 539
1800 316 809
1800 262 571
1800 288 1111
1800 240 535
1800 316 809
1800 215 632
1820 361 840
1820 359 836
1820 300 572
1820 427 517
1820 258 501
1820 304 664
1820 302 665
1820 417 835
1820 349 674
1820 419 387
1820 407 636
1820 40 890
1820 453 643
1820 421 842
1820 357 837
1820 223 1250
1820 272 857
1820 458 635
1820 280 530
1820 408 645
1820 79 424
1820 261 576
1820 238 535
1820 216 625
1840 345 839
1840 365 846
1840 300 569
1840 362 614
1840 259 502
1840 391 654
1840 296 663
1840 297 663
1840 415 644
1840 56 916
1840 389 655
1840 420 645
1840 383 855
1840 361 837
1840 283 529
1840 429 648
1840 259 573
1840 239 535
1840 317 865
1840 217 624
1840 321 866
1860 344 843
1860 353 835
1860 299 572
1860 389 690
1860 472 519
1860 258 502
1860 387 694
1860 304 668
1860 302 668
1860 358 692
1860 338 503
1860 317 186
1860 73 465
1860 55 922
1860 385 690
1860 471 512
1860 373 554
1860 402 832
1860 268 599
1860 283 530
1860 340 494
1860 264 569
1860 240 535
1860 217 624
1860 374 558
1880 351 841
1880 357 838
1880 300 565
1880 431 503
1880 271 499
1880 297 670
1880 299 669
1880 304 697
1880 333 754
1880 349 514
1880 436 506
1880 64 537
1880 51 867
1880 377 512
1880 404 834
1880 282 527
1880 345 513
1880 324 758
1880 260 572
1880 238 535
1880 216 625
1880 377 511
1880 66 536
1900 352 832
1900 56 774
1900 353 832
1900 299 564
1900 430 450
1900 264 503
1900 62 650
1900 302 666
1900 301 666
1900 235 727
1900 467 827
1900 348 473
1900 431 387
1900 226 720
1900 478 742
1900 235 696
1900 380 497
1900 230 725
1900 404 836
1900 469 825
1900 284 529
1900 86 757
1900 479 736
1900 350 508
1900 380 498
1900 347 473
1900 233 727
1900 263 570
1900 241 534
1900 231 694
1900 217 626
1900 381 494
1920 296 440
1920 359 827
1920 88 689
1920 357 826
1920 300 569
1920 409 390
1920 265 506
1920 296 444
1920 102 685
1920 387 735
1920 296 663
1920 300 661
1920 46 201
1920 326 477
1920 399 353
1920 363 841
1920 175 603
1920 31 983
1920 398 346
1920 406 898
1920 411 896
1920 414 897
1920 394 542
1920 391 786
1920 460 712
1920 280 528
1920 312 466
1920 324 479
1920 263 571
1920 241 533
1920 217 627
1920 395 544
1920 157 642
1940 354 834
1940 356 835
1940 299 571
1940 233 429
1940 259 513
1940 136 507
1940 147 496
1940 390 273
1940 441 316
1940 307 665
1940 300 692
1940 461 873
1940 288 730
1940 423 314
1940 363 976
1940 149 500
1940 422 570
1940 362 977
1940 458 875
1940 397 833
1940 371 295
1940 286 733
1940 474 868
1940 279 530
1940 264 569
1940 295 717
1940 242 539
1940 291 720
1940 217 626
1940 99 582
1960 350 824
1960 367 825
1960 300 567
1960 215 475
1960 440 556
1960 264 502
1960 158 442
1960 445 340
1960 304 668
1960 301 668
1960 40 232
1960 446 198
1960 368 203
1960 334 208
1960 252 726
1960 178 747
1960 121 383
1960 65 508
1960 422 555
1960 166 733
1960 163 751
1960 429 946
1960 423 958
1960 284 531
1960 158 442
1960 301 1058
1960 89 406
1960 262 563
1960 239 545
1960 224 616
1960 85 511
1980 353 824
1980 85 750
1980 358 834
1980 369 1037
1980 299 567
1980 177 486
1980 264 502
1980 173 492
1980 299 578
1980 287 672
1980 451 888
1980 359 1034
1980 164 729
1980 361 492
1980 337 118
1980 103 463
1980 102 462
1980 165 525
1980 268 1171
1980 451 887
1980 359 489
1980 401 821
1980 469 909
1980 282 531
1980 372 477
1980 244 1151
1980 78 422
1980 261 576
1980 239 540
1980 215 626
1980 363 487
1980 375 104
