1800 300 569
1800 259 502
1800 370 764
1800 307 663
1800 306 664
1800 437 825
1800 430 608
1800 74 486
1800 36 921
1800 291 1199
1800 438 600
1800 439 825
1800 397 820
1800 284 530
1800 474 642
1800 290 1110
1800 262 570
1800 290 1110
1800 240 533
1800 317 809
1800 216 632
1820 379 852
1820 300 568
1820 427 517
1820 259 500
1820 305 666
1820 285 665
1820 349 671
1820 420 384
1820 408 636
1820 40 888
1820 409 641
1820 453 644
1820 422 840
1820 269 869
1820 420 834
1820 220 1231
1820 282 529
1820 260 573
1820 240 534
1820 217 625
1840 350 833
1840 377 858
1840 299 570
1840 259 500
1840 298 659
1840 279 666
1840 427 640
1840 56 914
1840 391 655
1840 388 856
1840 369 293
1840 285 527
1840 425 640
1840 261 564
1840 238 532
1840 316 868
1840 217 625
1840 348 840
1860 350 840
1860 373 865
1860 298 571
1860 477 516
1860 259 502
1860 386 699
1860 307 669
1860 299 667
1860 318 190
1860 319 185
1860 76 464
1860 55 912
1860 387 690
1860 374 556
1860 396 846
1860 284 528
1860 345 491
1860 261 572
1860 241 533
1860 218 627
1880 354 827
1880 376 853
1880 300 566
1880 433 503
1880 267 495
1880 300 672
1880 287 661
1880 66 538
1880 55 877
1880 378 509
1880 395 845
1880 285 526
1880 349 509
1880 314 745
1880 261 569
1880 239 532
1880 217 626
1880 375 507
1880 67 536
1880 348 508
1900 356 836
1900 60 774
1900 358 837
1900 300 567
1900 432 449
1900 265 504
1900 300 673
1900 297 663
1900 354 474
1900 435 386
1900 237 727
1900 233 726
1900 394 848
1900 235 730
1900 285 527
1900 91 768
1900 348 502
1900 264 566
1900 241 532
1900 217 626
1900 382 494
1920 317 468
1920 361 833
1920 375 864
1920 301 569
1920 441 431
1920 265 502
1920 297 442
1920 103 686
1920 396 745
1920 299 664
1920 399 350
1920 412 898
1920 423 922
1920 430 914
1920 394 541
1920 386 861
1920 396 359
1920 467 716
1920 285 528
1920 263 572
1920 242 533
1920 218 631
1920 394 541
1920 156 637
1940 355 839
1940 383 863
1940 300 571
1940 238 435
1940 260 503
1940 148 502
1940 148 504
1940 387 268
1940 418 316
1940 306 669
1940 306 681
1940 466 858
1940 358 981
1940 357 728
1940 442 313
1940 360 978
1940 356 982
1940 397 831
1940 371 296
1940 285 743
1940 473 864
1940 283 526
1940 263 568
1940 241 539
1940 218 629
1940 103 582
1960 352 826
1960 384 859
1960 300 568
1960 265 502
1960 371 181
1960 303 668
1960 290 648
1960 328 1069
1960 369 203
1960 423 558
1960 252 721
1960 162 736
1960 124 381
1960 67 506
1960 429 551
1960 405 945
1960 428 942
1960 426 957
1960 393 843
1960 285 530
1960 301 1058
1960 87 407
1960 262 563
1960 243 537
1960 224 613
1980 355 825
1980 85 754
1980 385 855
1980 299 568
1980 265 503
1980 285 661
1980 108 286
1980 360 1037
1980 362 488
1980 340 125
1980 89 425
1980 100 455
1980 178 484
1980 280 1164
1980 368 1052
1980 452 892
1980 399 830
1980 284 529
1980 246 1151
1980 84 426
1980 261 574
1980 239 533
1980 215 627
1980 369 480
