1800 367 759
1800 272 657
1800 301 569
1800 281 658
1800 264 500
1800 243 60
1800 314 668
1800 276 652
1800 423 814
1800 287 655
1800 289 655
1800 268 73
1800 242 61
1800 52 952
1800 219 624
1800 289 1134
1800 309 1129
1800 297 639
1800 278 661
1800 371 759
1800 304 1170
1800 426 613
1800 324 810
1800 397 826
1800 318 813
1800 416 810
1800 81 482
1800 452 845
1800 282 538
1800 477 612
1800 315 813
1800 259 586
1800 244 531
1800 283 651
1800 454 936
1800 294 653
1820 304 567
1820 437 525
1820 262 499
1820 421 830
1820 297 671
1820 282 854
1820 416 392
1820 283 680
1820 83 418
1820 42 892
1820 218 613
1820 290 699
1820 278 858
1820 379 836
1820 220 1255
1820 230 1246
1820 424 636
1820 374 840
1820 215 1234
1820 357 668
1820 417 836
1820 227 1262
1820 288 526
1820 265 600
1820 249 532
1820 440 944
1840 349 830
1840 384 858
1840 301 572
1840 277 667
1840 367 627
1840 263 499
1840 387 326
1840 415 828
1840 288 673
1840 83 455
1840 60 919
1840 221 626
1840 287 675
1840 371 848
1840 430 643
1840 356 610
1840 470 1075
1840 370 847
1840 313 867
1840 411 820
1840 290 672
1840 81 454
1840 372 630
1840 286 524
1840 420 685
1840 329 870
1840 263 579
1840 248 532
1860 337 848
1860 349 501
1860 304 574
1860 263 500
1860 383 693
1860 363 707
1860 459 749
1860 381 549
1860 298 676
1860 273 578
1860 81 458
1860 56 928
1860 219 630
1860 290 668
1860 379 863
1860 359 708
1860 376 857
1860 80 460
1860 379 697
1860 472 489
1860 285 528
1860 375 552
1860 324 185
1860 261 582
1860 246 529
1860 460 902
1860 343 496
1880 340 756
1880 307 573
1880 427 498
1880 278 495
1880 322 658
1880 325 762
1880 468 430
1880 294 664
1880 452 453
1880 292 688
1880 306 780
1880 1 631
1880 50 866
1880 220 624
1880 289 677
1880 373 819
1880 327 774
1880 313 664
1880 464 1108
1880 374 871
1880 417 577
1880 411 841
1880 317 686
1880 73 525
1880 289 525
1880 68 859
1880 379 507
1880 345 853
1880 266 598
1880 252 537
1880 460 940
1880 352 511
1900 235 687
1900 91 750
1900 356 474
1900 232 651
1900 307 570
1900 374 490
1900 436 393
1900 262 494
1900 241 711
1900 455 875
1900 294 700
1900 408 836
1900 431 385
1900 389 494
1900 0 472
1900 216 627
1900 386 862
1900 393 495
1900 376 872
1900 410 558
1900 413 837
1900 252 708
1900 62 646
1900 464 857
1900 290 531
1900 95 750
1900 473 732
1900 390 493
1900 262 584
1900 70 649
1900 248 533
1900 237 679
1900 71 652
1900 459 873
1900 354 471
1920 367 817
1920 305 574
1920 453 424
1920 272 507
1920 318 465
1920 37 254
1920 429 907
1920 292 686
1920 415 894
1920 167 644
1920 318 465
1920 415 372
1920 263 566
1920 100 695
1920 194 612
1920 8 516
1920 220 635
1920 194 614
1920 382 773
1920 458 423
1920 438 914
1920 296 442
1920 374 856
1920 400 541
1920 406 877
1920 158 637
1920 433 918
1920 286 528
1920 408 754
1920 319 467
1920 402 541
1920 259 586
1920 81 687
1920 245 535
1920 82 679
1920 163 648
1920 458 962
1940 359 974
1940 361 795
1940 346 997
1940 302 571
1940 237 431
1940 458 289
1940 260 468
1940 234 429
1940 135 522
1940 424 305
1940 73 598
1940 372 312
1940 355 737
1940 353 746
1940 445 857
1940 290 680
1940 433 293
1940 433 269
1940 288 730
1940 11 414
1940 217 625
1940 395 817
1940 369 862
1940 351 833
1940 391 968
1940 291 742
1940 74 602
1940 287 532
1940 466 871
1940 137 511
1940 290 738
1940 143 506
1940 321 894
1940 261 585
1940 66 608
1940 243 537
1940 289 744
1940 461 893
1960 304 569
1960 203 743
1960 268 501
1960 162 439
1960 427 245
1960 40 260
1960 290 685
1960 394 1048
1960 461 196
1960 427 182
1960 130 378
1960 223 479
1960 168 437
1960 52 515
1960 218 623
1960 343 1072
1960 313 1054
1960 381 764
1960 422 555
1960 408 1002
1960 377 867
1960 408 843
1960 88 505
1960 242 721
1960 431 948
1960 260 729
1960 286 526
1960 332 202
1960 263 589
1960 248 541
1960 376 177
1960 164 439
1960 448 998
1980 356 1029
1980 90 754
1980 356 489
1980 396 1032
1980 304 569
1980 349 1117
1980 267 503
1980 361 137
1980 335 119
1980 66 295
1980 445 905
1980 292 695
1980 375 472
1980 165 725
1980 79 408
1980 220 626
1980 262 1164
1980 244 1183
1980 389 850
1980 282 1170
1980 385 486
1980 252 1159
1980 180 485
1980 461 1117
1980 382 1087
1980 378 857
1980 390 494
1980 410 840
1980 244 1210
1980 459 936
1980 285 524
1980 470 941
1980 344 983
1980 74 305
1980 260 586
1980 181 489
1980 250 535
1980 451 1081
