1800 378 1021
1800 311 814
1800 390 792
1800 299 559
1800 465 215
1800 254 502
1800 276 1150
1800 309 653
1800 420 815
1800 320 812
1800 292 543
1800 270 63
1800 264 45
1800 77 480
1800 39 927
1800 215 618
1800 299 1115
1800 294 1123
1800 286 658
1800 370 759
1800 302 1202
1800 452 612
1800 331 817
1800 391 810
1800 371 757
1800 392 811
1800 291 36
1800 278 655
1800 444 820
1800 277 536
1800 38 909
1800 470 605
1800 80 482
1800 268 51
1800 257 566
1800 236 530
1800 459 1098
1800 251 70
1800 276 659
1820 44 907
1820 414 387
1820 424 832
1820 301 563
1820 436 397
1820 426 512
1820 255 499
1820 346 833
1820 417 830
1820 290 538
1820 428 851
1820 423 383
1820 237 32
1820 81 414
1820 40 905
1820 215 616
1820 275 846
1820 234 1318
1820 447 707
1820 354 664
1820 368 852
1820 210 1295
1820 382 849
1820 425 384
1820 391 843
1820 273 654
1820 364 690
1820 282 511
1820 35 904
1820 459 732
1820 416 610
1820 260 563
1820 236 533
1820 84 423
1820 464 1062
1840 353 503
1840 305 866
1840 341 854
1840 299 554
1840 256 498
1840 83 457
1840 319 666
1840 418 831
1840 378 658
1840 78 453
1840 52 915
1840 214 618
1840 282 658
1840 398 653
1840 365 614
1840 365 840
1840 329 867
1840 390 849
1840 364 615
1840 280 519
1840 37 901
1840 415 652
1840 356 602
1840 79 460
1840 319 847
1840 263 557
1840 237 532
1840 375 103
1840 466 1035
1840 362 494
1860 352 498
1860 378 857
1860 301 559
1860 256 498
1860 330 697
1860 413 833
1860 384 690
1860 378 549
1860 290 572
1860 79 454
1860 212 623
1860 290 674
1860 373 681
1860 473 516
1860 361 687
1860 370 842
1860 353 824
1860 391 849
1860 276 626
1860 362 688
1860 280 519
1860 34 910
1860 379 559
1860 80 469
1860 261 562
1860 233 535
1860 77 470
1860 458 974
1880 344 507
1880 379 849
1880 299 554
1880 370 516
1880 425 498
1880 264 490
1880 327 678
1880 307 657
1880 317 722
1880 336 749
1880 293 552
1880 446 508
1880 336 750
1880 52 872
1880 213 619
1880 288 661
1880 467 427
1880 326 709
1880 310 659
1880 368 863
1880 358 838
1880 376 501
1880 394 846
1880 282 513
1880 60 860
1880 475 425
1880 383 501
1880 258 564
1880 237 530
1880 460 1067
1900 84 753
1900 348 468
1900 233 710
1900 370 851
1900 302 555
1900 244 727
1900 356 471
1900 436 507
1900 256 495
1900 90 744
1900 285 581
1900 423 419
1900 62 767
1900 215 625
1900 443 421
1900 456 996
1900 367 847
1900 434 381
1900 346 842
1900 420 391
1900 239 674
1900 390 855
1900 429 417
1900 62 649
1900 460 821
1900 283 518
1900 105 786
1900 477 598
1900 377 494
1900 263 558
1900 60 639
1900 238 527
1900 391 51
1900 240 730
1900 462 1080
1900 356 469
1920 432 898
1920 41 788
1920 370 850
1920 300 558
1920 391 542
1920 453 430
1920 259 503
1920 241 562
1920 300 438
1920 441 156
1920 45 789
1920 152 636
1920 308 657
1920 452 712
1920 362 827
1920 396 532
1920 288 586
1920 419 895
1920 414 338
1920 96 686
1920 9 508
1920 212 628
1920 367 778
1920 410 558
1920 420 923
1920 298 441
1920 369 851
1920 367 849
1920 289 440
1920 411 376
1920 391 838
1920 278 610
1920 420 379
1920 145 631
1920 429 902
1920 281 517
1920 449 746
1920 314 460
1920 408 404
1920 182 594
1920 260 560
1920 64 691
1920 234 531
1920 94 681
1920 104 669
1920 396 352
1940 360 981
1940 362 837
1940 299 552
1940 131 519
1940 457 398
1940 261 463
1940 236 433
1940 140 506
1940 382 259
1940 375 287
1940 313 666
1940 438 863
1940 351 741
1940 294 543
1940 384 913
1940 236 431
1940 435 333
1940 283 714
1940 213 620
1940 287 671
1940 363 723
1940 429 275
1940 457 640
1940 429 564
1940 369 857
1940 344 835
1940 270 463
1940 399 826
1940 445 325
1940 474 866
1940 282 519
1940 424 298
1940 134 503
1940 321 1055
1940 260 561
1940 70 589
1940 232 534
1940 258 463
1940 465 1040
1960 436 184
1960 361 849
1960 301 559
1960 190 744
1960 257 503
1960 367 174
1960 415 216
1960 410 568
1960 65 306
1960 422 553
1960 298 540
1960 396 1026
1960 74 490
1960 213 627
1960 302 1073
1960 292 1057
1960 435 180
1960 412 570
1960 412 549
1960 184 735
1960 424 963
1960 372 852
1960 363 860
1960 395 835
1960 275 653
1960 430 189
1960 437 930
1960 255 713
1960 279 520
1960 264 560
1960 234 529
1960 350 210
1960 156 442
1960 239 751
1960 460 1098
1960 411 176
1980 356 1051
1980 358 484
1980 39 811
1980 349 487
1980 369 867
1980 301 554
1980 351 1108
1980 256 509
1980 90 418
1980 175 484
1980 265 1168
1980 87 752
1980 387 168
1980 336 123
1980 20 217
1980 428 867
1980 293 629
1980 294 541
1980 316 119
1980 153 728
1980 114 272
1980 78 402
1980 214 614
1980 264 1175
1980 241 1173
1980 283 663
1980 253 1177
1980 304 119
1980 178 481
1980 447 1027
1980 361 1001
1980 370 857
1980 242 1162
1980 358 841
1980 379 487
1980 394 852
1980 458 878
1980 281 513
1980 89 753
1980 85 420
1980 329 980
1980 38 411
1980 261 562
1980 236 534
1980 378 108
1980 374 91
1980 82 418
1980 92 749
1980 433 1022
1980 370 471
