1800 371 767
1800 300 570
1800 289 1112
1800 260 501
1800 370 765
1800 307 662
1800 307 660
1800 439 824
1800 429 608
1800 76 484
1800 37 914
1800 289 1193
1800 430 611
1800 398 822
1800 283 530
1800 317 808
1800 263 571
1800 291 1109
1800 240 533
1800 317 806
1800 217 633
1820 365 835
1820 380 846
1820 300 571
1820 428 515
1820 259 500
1820 411 646
1820 305 664
1820 302 669
1820 349 679
1820 420 385
1820 408 632
1820 224 1229
1820 40 891
1820 410 640
1820 453 638
1820 421 835
1820 272 862
1820 384 847
1820 222 1229
1820 281 530
1820 413 652
1820 261 574
1820 240 534
1820 217 626
1840 357 824
1840 376 856
1840 300 570
1840 364 614
1840 260 500
1840 294 662
1840 284 663
1840 416 643
1840 61 928
1840 392 656
1840 389 859
1840 284 528
1840 424 643
1840 259 567
1840 240 533
1840 318 864
1840 218 626
1840 351 827
1860 354 828
1860 356 835
1860 299 571
1860 473 519
1860 259 502
1860 385 694
1860 307 668
1860 304 667
1860 318 183
1860 343 496
1860 320 184
1860 76 460
1860 388 688
1860 473 520
1860 374 557
1860 397 845
1860 284 529
1860 344 494
1860 264 568
1860 240 534
1860 218 629
1880 354 828
1880 359 834
1880 300 565
1880 432 503
1880 272 496
1880 301 671
1880 290 669
1880 66 539
1880 51 870
1880 379 510
1880 401 830
1880 305 715
1880 283 526
1880 330 756
1880 260 571
1880 240 532
1880 218 626
1880 377 510
1880 65 535
1880 351 510
1900 354 823
1900 60 774
1900 356 827
1900 300 568
1900 432 441
1900 265 504
1900 62 649
1900 296 662
1900 299 665
1900 355 474
1900 436 387
1900 231 687
1900 350 837
1900 230 679
1900 382 495
1900 232 722
1900 397 846
1900 234 720
1900 284 530
1900 87 759
1900 479 729
1900 262 568
1900 242 532
1900 217 627
1900 380 492
1920 298 437
1920 366 824
1920 363 825
1920 301 569
1920 450 419
1920 266 502
1920 297 442
1920 83 688
1920 393 741
1920 295 663
1920 400 346
1920 382 856
1920 154 639
1920 382 368
1920 427 914
1920 427 916
1920 415 894
1920 395 543
1920 387 863
1920 397 349
1920 458 710
1920 281 528
1920 325 473
1920 261 572
1920 243 534
1920 218 632
1920 395 543
1920 178 604
1940 354 829
1940 300 570
1940 270 468
1940 267 487
1940 147 498
1940 147 497
1940 390 268
1940 394 274
1940 308 667
1940 303 686
1940 467 858
1940 359 979
1940 355 731
1940 420 309
1940 354 848
1940 423 569
1940 397 831
1940 372 297
1940 289 731
1940 476 880
1940 282 528
1940 263 569
1940 72 590
1940 239 537
1940 218 629
1940 102 580
1960 353 827
1960 378 820
1960 300 568
1960 265 503
1960 367 204
1960 289 644
1960 46 263
1960 368 202
1960 428 548
1960 90 405
1960 171 740
1960 373 857
1960 123 384
1960 67 508
1960 322 1072
1960 429 550
1960 411 930
1960 170 736
1960 428 944
1960 426 949
1960 389 856
1960 400 226
1960 285 530
1960 302 1055
1960 89 405
1960 261 566
1960 241 528
1960 225 623
1960 372 180
1960 88 504
1980 245 1152
1980 352 823
1980 85 751
1980 300 569
1980 265 503
1980 285 668
1980 84 272
1980 451 885
1980 354 1031
1980 168 731
1980 363 487
1980 341 128
1980 320 129
1980 106 464
1980 97 452
1980 357 832
1980 180 485
1980 273 1281
1980 280 1160
1980 373 1052
1980 452 889
1980 407 1037
1980 372 474
1980 399 826
1980 283 530
1980 78 418
1980 262 577
1980 240 533
1980 215 627
1980 371 473
