1800 300 570
1800 296 1190
1800 260 501
1800 370 774
1800 306 663
1800 440 826
1800 446 600
1800 188 1307
1800 236 61
1800 76 486
1800 39 909
1800 292 1193
1800 282 1157
1800 429 613
1800 416 832
1800 301 667
1800 282 532
1800 473 625
1800 314 816
1800 290 1113
1800 262 573
1800 239 533
1800 315 812
1800 217 629
1820 299 572
1820 428 519
1820 259 502
1820 302 667
1820 303 670
1820 420 842
1820 348 680
1820 420 385
1820 408 644
1820 360 837
1820 42 882
1820 410 643
1820 429 395
1820 455 639
1820 417 830
1820 220 1230
1820 458 655
1820 287 672
1820 282 532
1820 413 648
1820 261 573
1820 237 534
1820 217 627
1840 300 571
1840 362 616
1840 260 501
1840 371 293
1840 302 662
1840 302 669
1840 399 660
1840 361 838
1840 66 918
1840 390 657
1840 425 647
1840 361 503
1840 404 837
1840 316 866
1840 281 677
1840 286 530
1840 428 642
1840 361 621
1840 258 573
1840 239 534
1840 318 868
1840 217 626
1840 320 865
1860 316 182
1860 300 572
1860 477 528
1860 259 504
1860 386 708
1860 306 671
1860 308 669
1860 341 500
1860 317 185
1860 373 857
1860 77 462
1860 390 691
1860 374 561
1860 402 832
1860 301 670
1860 283 531
1860 374 559
1860 260 586
1860 240 535
1860 218 630
1860 356 830
1880 301 566
1880 431 504
1880 275 498
1880 302 672
1880 304 671
1880 320 738
1880 331 755
1880 351 512
1880 467 439
1880 356 839
1880 66 540
1880 68 856
1880 379 514
1880 401 832
1880 348 513
1880 285 671
1880 282 526
1880 332 754
1880 260 569
1880 240 535
1880 217 626
1900 70 773
1900 298 569
1900 438 457
1900 264 504
1900 445 394
1900 401 841
1900 304 665
1900 467 828
1900 356 496
1900 441 392
1900 54 1217
1900 352 830
1900 448 449
1900 479 748
1900 239 718
1900 388 500
1900 234 725
1900 403 828
1900 346 517
1900 469 829
1900 295 680
1900 285 530
1900 89 763
1900 478 745
1900 264 573
1900 241 533
1900 217 627
1920 297 438
1920 88 689
1920 294 441
1920 299 571
1920 432 553
1920 265 503
1920 299 446
1920 218 630
1920 323 479
1920 400 347
1920 106 680
1920 389 752
1920 302 669
1920 431 911
1920 316 473
1920 400 346
1920 393 544
1920 367 851
1920 178 611
1920 401 367
1920 394 548
1920 388 864
1920 388 868
1920 398 358
1920 281 533
1920 459 714
1920 261 573
1920 240 535
1920 218 630
1920 160 646
1940 300 570
1940 265 555
1940 264 481
1940 129 528
1940 148 499
1940 236 431
1940 376 294
1940 407 312
1940 72 597
1940 309 673
1940 307 679
1940 458 873
1940 356 985
1940 355 736
1940 456 294
1940 289 730
1940 361 853
1940 148 494
1940 232 430
1940 422 571
1940 362 979
1940 400 820
1940 374 299
1940 466 870
1940 290 681
1940 282 531
1940 356 733
1940 263 574
1940 74 597
1940 243 541
1940 218 628
1940 101 588
1960 369 205
1960 301 569
1960 215 475
1960 264 503
1960 223 627
1960 378 224
1960 382 830
1960 304 671
1960 396 855
1960 367 177
1960 426 559
1960 90 404
1960 373 857
1960 67 506
1960 170 743
1960 431 553
1960 260 732
1960 420 954
1960 164 746
1960 414 959
1960 403 832
1960 302 673
1960 284 531
1960 324 1073
1960 90 404
1960 265 565
1960 239 536
1960 222 627
1960 417 244
1960 204 752
1980 326 123
1980 92 754
1980 405 1048
1980 299 569
1980 176 485
1980 265 505
1980 299 663
1980 302 666
1980 84 297
1980 453 889
1980 359 1036
1980 158 724
1980 324 121
1980 321 127
1980 92 425
1980 393 857
1980 96 430
1980 257 1165
1980 277 1169
1980 407 1042
1980 364 488
1980 398 821
1980 460 911
1980 285 672
1980 282 531
1980 246 1152
1980 88 415
1980 260 577
1980 245 1147
1980 239 537
1980 216 629
1980 380 110
