1800 371 764
1800 372 772
1800 301 569
1800 260 502
1800 389 812
1800 307 663
1800 299 661
1800 438 823
1800 431 609
1800 239 70
1800 387 811
1800 75 484
1800 36 919
1800 290 1201
1800 434 606
1800 439 825
1800 398 823
1800 283 531
1800 474 629
1800 263 570
1800 288 1111
1800 240 535
1800 318 807
1800 217 629
1820 362 837
1820 380 846
1820 300 569
1820 430 513
1820 259 501
1820 408 644
1820 307 663
1820 286 658
1820 353 666
1820 421 384
1820 417 631
1820 225 1229
1820 383 847
1820 39 887
1820 410 641
1820 453 638
1820 422 834
1820 276 851
1820 404 842
1820 223 1229
1820 282 529
1820 413 649
1820 263 570
1820 241 541
1820 217 624
1840 351 825
1840 377 856
1840 300 569
1840 364 613
1840 260 500
1840 389 649
1840 302 659
1840 279 662
1840 364 500
1840 429 637
1840 382 852
1840 82 457
1840 58 918
1840 393 656
1840 386 853
1840 285 526
1840 428 640
1840 263 563
1840 240 535
1840 317 865
1840 218 625
1840 340 859
1860 353 832
1860 381 863
1860 300 571
1860 474 520
1860 260 502
1860 386 697
1860 310 669
1860 284 659
1860 318 183
1860 363 685
1860 342 495
1860 317 183
1860 388 857
1860 75 462
1860 62 925
1860 375 555
1860 394 848
1860 285 529
1860 340 493
1860 264 567
1860 241 534
1860 219 625
1880 356 830
1880 363 828
1880 301 563
1880 432 503
1880 271 499
1880 302 671
1880 285 660
1880 374 519
1880 386 854
1880 66 533
1880 51 868
1880 379 508
1880 401 842
1880 309 700
1880 284 524
1880 348 511
1880 330 753
1880 261 568
1880 240 532
1880 219 624
1880 377 506
1880 66 531
1880 351 508
1900 355 826
1900 59 769
1900 362 831
1900 302 567
1900 432 442
1900 266 505
1900 63 647
1900 404 823
1900 303 668
1900 288 674
1900 468 824
1900 353 473
1900 434 386
1900 234 697
1900 383 859
1900 463 825
1900 235 729
1900 393 853
1900 471 821
1900 237 722
1900 285 528
1900 89 760
1900 479 730
1900 348 507
1900 260 565
1900 242 531
1900 217 625
1900 382 489
1920 299 439
1920 361 827
1920 36 750
1920 366 830
1920 302 571
1920 443 466
1920 266 503
1920 297 447
1920 95 685
1920 392 739
1920 303 663
1920 284 660
1920 399 345
1920 378 860
1920 153 634
1920 391 370
1920 423 918
1920 422 919
1920 396 543
1920 386 856
1920 460 710
1920 282 528
1920 330 479
1920 218 626
1920 262 569
1920 242 532
1920 219 630
1920 395 540
1920 180 607
1940 356 828
1940 397 828
1940 301 570
1940 240 431
1940 263 500
1940 148 499
1940 149 497
1940 389 267
1940 392 271
1940 71 587
1940 373 295
1940 307 663
1940 300 697
1940 470 866
1940 359 979
1940 357 726
1940 415 304
1940 423 567
1940 376 869
1940 421 568
1940 362 978
1940 463 875
1940 395 834
1940 371 294
1940 287 742
1940 288 734
1940 474 872
1940 283 526
1940 264 566
1940 73 591
1940 240 535
1940 287 736
1940 219 626
1940 102 579
1940 353 834
1960 353 825
1960 379 835
1960 301 566
1960 265 502
1960 162 443
1960 347 214
1960 305 667
1960 286 665
1960 368 202
1960 423 549
1960 253 722
1960 170 732
1960 384 861
1960 123 381
1960 67 505
1960 429 550
1960 413 922
1960 430 943
1960 423 959
1960 388 851
1960 285 530
1960 301 1057
1960 89 404
1960 263 561
1960 242 530
1960 224 619
1960 88 509
1980 247 1151
1980 354 822
1980 87 752
1980 388 852
1980 409 1021
1980 301 567
1980 265 503
1980 180 483
1980 288 662
1980 108 283
1980 352 1035
1980 162 724
1980 362 488
1980 340 126
1980 95 432
1980 105 461
1980 385 859
1980 178 484
1980 364 1032
1980 282 1164
1980 372 1052
1980 452 890
1980 365 481
1980 397 833
1980 284 528
1980 247 1150
1980 82 413
1980 262 572
1980 241 533
1980 217 626
1980 365 480
1980 373 109
