1800 227 624
1800 283 591
1800 437 759
1800 261 510
1800 297 1135
1800 255 33
1800 234 62
1800 448 594
1800 407 841
1800 262 559
1800 267 58
1800 294 538
1800 29 987
1800 273 60
1800 72 484
1800 50 936
1800 231 624
1800 292 1130
1800 284 558
1800 321 811
1800 312 1231
1800 454 860
1800 432 854
1800 430 619
1800 181 1330
1800 442 828
1800 287 549
1800 48 972
1800 235 541
1800 271 541
1800 470 925
1820 226 612
1820 365 676
1820 302 661
1820 265 499
1820 206 1366
1820 416 820
1820 324 579
1820 455 649
1820 268 626
1820 32 914
1820 234 34
1820 3 502
1820 49 910
1820 230 616
1820 284 469
1820 238 1303
1820 428 639
1820 282 676
1820 461 869
1820 374 865
1820 252 1320
1820 416 836
1820 215 1289
1820 419 520
1820 441 861
1820 294 489
1820 31 914
1820 427 501
1820 86 429
1820 35 914
1820 299 671
1820 472 825
1840 226 628
1840 293 692
1840 264 504
1840 395 643
1840 362 621
1840 414 833
1840 350 887
1840 332 633
1840 430 635
1840 263 607
1840 263 507
1840 79 455
1840 50 913
1840 232 636
1840 281 521
1840 314 861
1840 463 580
1840 287 667
1840 478 760
1840 375 817
1840 326 866
1840 429 748
1840 477 481
1840 290 540
1840 60 893
1840 474 775
1840 326 873
1840 68 1198
1840 295 667
1860 73 464
1860 224 631
1860 384 708
1860 364 849
1860 293 689
1860 350 497
1860 320 587
1860 264 514
1860 396 713
1860 411 829
1860 373 716
1860 426 490
1860 441 653
1860 260 564
1860 286 530
1860 305 555
1860 259 522
1860 72 451
1860 51 929
1860 231 642
1860 281 634
1860 287 687
1860 465 761
1860 376 825
1860 392 700
1860 340 491
1860 401 820
1860 477 411
1860 290 531
1860 475 815
1860 66 1147
1860 238 533
1860 297 663
1860 476 807
1880 357 516
1880 224 624
1880 385 859
1880 343 751
1880 284 696
1880 306 657
1880 264 578
1880 378 502
1880 329 664
1880 410 829
1880 316 571
1880 401 819
1880 280 636
1880 43 875
1880 47 870
1880 231 610
1880 281 537
1880 318 743
1880 466 420
1880 284 665
1880 473 756
1880 375 815
1880 65 555
1880 56 529
1880 475 399
1880 295 566
1880 62 859
1880 232 543
1880 296 661
1880 63 533
1880 357 518
1900 356 482
1900 236 707
1900 103 738
1900 347 468
1900 361 525
1900 305 647
1900 262 508
1900 368 495
1900 77 760
1900 235 731
1900 413 840
1900 307 644
1900 251 536
1900 261 572
1900 79 766
1900 230 729
1900 232 629
1900 286 518
1900 438 378
1900 468 405
1900 458 853
1900 242 710
1900 376 829
1900 375 487
1900 253 746
1900 397 832
1900 91 737
1900 246 729
1900 479 320
1900 299 547
1900 101 774
1900 69 764
1900 237 534
1900 288 664
1900 63 655
1900 254 679
1900 472 836
1900 356 473
1920 310 449
1920 226 629
1920 416 901
1920 405 362
1920 407 731
1920 475 56
1920 262 522
1920 400 261
1920 418 285
1920 415 806
1920 257 600
1920 93 695
1920 268 581
1920 307 453
1920 3 728
1920 233 613
1920 432 893
1920 424 882
1920 372 788
1920 405 346
1920 389 731
1920 160 620
1920 444 898
1920 291 524
1920 35 804
1920 455 714
1920 176 602
1920 308 455
1920 233 546
1920 300 666
1920 267 505
1920 462 890
1940 222 630
1940 399 835
1940 360 740
1940 376 265
1940 129 1250
1940 464 271
1940 263 505
1940 383 741
1940 241 437
1940 456 869
1940 355 740
1940 383 909
1940 226 640
1940 264 583
1940 429 298
1940 0 774
1940 232 611
1940 279 513
1940 455 285
1940 287 580
1940 465 927
1940 362 986
1940 398 837
1940 406 261
1940 293 551
1940 395 267
1940 136 529
1940 236 564
1940 293 647
1940 162 540
1940 470 852
1960 219 636
1960 293 620
1960 211 485
1960 443 176
1960 194 731
1960 472 140
1960 261 523
1960 439 151
1960 428 214
1960 14 445
1960 420 851
1960 426 722
1960 270 668
1960 448 192
1960 82 507
1960 283 1120
1960 280 541
1960 470 110
1960 282 656
1960 416 939
1960 435 957
1960 380 775
1960 401 779
1960 428 897
1960 292 518
1960 210 478
1960 56 505
1960 435 230
1960 93 426
1960 212 451
1960 222 476
1960 98 409
1960 185 737
1960 445 922
1980 219 626
1980 391 853
1980 393 866
1980 370 494
1980 48 1333
1980 308 569
1980 340 1080
1980 262 528
1980 118 474
1980 95 464
1980 410 836
1980 338 621
1980 371 124
1980 405 823
1980 263 540
1980 21 959
1980 80 412
1980 71 444
1980 231 608
1980 254 1152
1980 282 591
1980 266 1181
1980 452 934
1980 373 1055
1980 383 821
1980 250 1153
1980 379 488
1980 390 865
1980 456 886
1980 291 523
1980 82 410
1980 87 430
1980 47 280
1980 235 552
1980 291 673
1980 373 79
1980 144 720
1980 461 1002
