1800 377 782
1800 299 569
1800 259 501
1800 369 767
1800 307 660
1800 445 602
1800 282 659
1800 310 818
1800 239 71
1800 77 486
1800 76 486
1800 37 915
1800 289 1161
1800 286 1171
1800 427 611
1800 369 769
1800 416 829
1800 413 826
1800 445 835
1800 280 535
1800 31 897
1800 266 568
1800 239 532
1800 218 632
1820 379 847
1820 300 572
1820 221 1247
1820 357 668
1820 432 517
1820 259 500
1820 273 853
1820 303 670
1820 416 629
1820 275 856
1820 275 668
1820 434 399
1820 410 636
1820 38 890
1820 224 1262
1820 455 641
1820 361 839
1820 219 1229
1820 426 513
1820 416 833
1820 220 1229
1820 453 634
1820 283 528
1820 29 889
1820 85 421
1820 262 570
1820 236 533
1820 218 629
1840 374 858
1840 300 571
1840 259 501
1840 369 289
1840 299 672
1840 415 645
1840 360 499
1840 278 668
1840 391 656
1840 81 457
1840 67 924
1840 428 645
1840 376 854
1840 405 831
1840 318 863
1840 362 285
1840 407 816
1840 363 287
1840 362 615
1840 286 532
1840 259 566
1840 240 536
1840 219 627
1860 373 864
1860 287 532
1860 372 690
1860 472 515
1860 259 503
1860 308 668
1860 277 668
1860 320 187
1860 390 682
1860 342 848
1860 78 457
1860 66 935
1860 371 686
1860 473 524
1860 352 824
1860 397 852
1860 398 830
1860 258 573
1860 284 534
1860 471 729
1860 264 565
1860 239 537
1860 221 635
1880 312 697
1880 377 893
1880 300 565
1880 303 737
1880 431 499
1880 270 495
1880 304 667
1880 464 501
1880 379 509
1880 273 663
1880 329 753
1880 49 870
1880 471 439
1880 350 834
1880 385 863
1880 432 502
1880 400 823
1880 282 518
1880 46 870
1880 351 510
1880 325 762
1880 260 570
1880 65 529
1880 239 531
1880 220 625
1880 307 729
1900 238 724
1900 84 760
1900 385 864
1900 298 568
1900 441 384
1900 264 504
1900 304 664
1900 475 741
1900 375 490
1900 277 684
1900 442 386
1900 61 646
1900 344 858
1900 60 797
1900 348 838
1900 400 832
1900 392 495
1900 403 831
1900 464 824
1900 288 532
1900 101 760
1900 476 820
1900 343 502
1900 261 568
1900 244 538
1900 218 630
1900 79 763
1920 382 862
1920 301 569
1920 265 503
1920 105 677
1920 391 747
1920 455 702
1920 279 665
1920 328 477
1920 412 346
1920 104 690
1920 24 906
1920 182 606
1920 407 346
1920 360 837
1920 409 893
1920 413 841
1920 404 348
1920 413 839
1920 455 705
1920 284 526
1920 266 568
1920 235 533
1920 220 639
1920 108 674
1940 388 865
1940 299 569
1940 363 727
1940 460 286
1940 262 491
1940 347 282
1940 450 287
1940 72 592
1940 235 431
1940 285 672
1940 287 741
1940 460 873
1940 277 663
1940 368 942
1940 347 736
1940 430 307
1940 129 527
1940 71 594
1940 346 848
1940 422 567
1940 348 833
1940 366 946
1940 345 845
1940 453 871
1940 361 969
1940 372 292
1940 467 864
1940 278 541
1940 472 871
1940 141 498
1940 142 493
1940 129 530
1940 359 728
1940 270 565
1940 73 587
1940 237 536
1940 218 627
1940 102 589
1960 394 863
1960 301 569
1960 124 381
1960 264 502
1960 214 476
1960 331 205
1960 430 180
1960 125 376
1960 366 176
1960 304 668
1960 87 408
1960 426 546
1960 284 675
1960 419 951
1960 458 141
1960 329 200
1960 122 383
1960 62 509
1960 307 1050
1960 191 743
1960 432 156
1960 52 257
1960 426 545
1960 386 813
1960 417 951
1960 421 951
1960 430 552
1960 427 941
1960 284 530
1960 265 565
1960 63 511
1960 233 532
1960 47 260
1960 44 287
1960 218 627
1960 39 267
1960 372 210
1980 393 850
1980 314 1178
1980 301 567
1980 174 485
1980 336 1124
1980 264 504
1980 87 422
1980 314 124
1980 419 84
1980 48 259
1980 318 121
1980 82 419
1980 366 489
1980 111 247
1980 275 662
1980 407 1036
1980 303 121
1980 112 461
1980 348 845
1980 86 420
1980 69 425
1980 263 1181
1980 265 1169
1980 259 1170
1980 350 835
1980 390 1044
1980 399 822
1980 245 1155
1980 378 491
1980 399 820
1980 371 1053
1980 456 894
1980 47 270
1980 282 526
1980 474 912
1980 109 463
1980 79 413
1980 260 573
1980 240 536
1980 213 613
1980 365 120
