1800 296 547
1800 188 1315
1800 255 501
1800 310 663
1800 420 813
1800 313 812
1800 312 812
1800 76 481
1800 44 946
1800 214 631
1800 287 1148
1800 285 662
1800 367 755
1800 304 1187
1800 456 629
1800 330 818
1800 373 764
1800 387 810
1800 278 542
1800 477 635
1800 306 658
1800 258 572
1800 236 532
1820 349 834
1820 299 563
1820 429 514
1820 254 500
1820 418 835
1820 412 388
1820 35 906
1820 213 621
1820 285 706
1820 358 840
1820 237 1289
1820 422 633
1820 370 837
1820 214 1253
1820 388 843
1820 211 1286
1820 468 669
1820 282 520
1820 413 644
1820 354 677
1820 255 559
1820 236 533
1840 294 539
1840 256 499
1840 373 310
1840 76 454
1840 52 913
1840 211 623
1840 287 672
1840 364 832
1840 370 847
1840 302 858
1840 384 847
1840 365 622
1840 280 524
1840 401 668
1840 359 598
1840 258 558
1840 239 532
1840 465 1107
1860 342 847
1860 343 497
1860 298 561
1860 255 501
1860 349 709
1860 379 549
1860 76 455
1860 50 930
1860 208 639
1860 286 677
1860 359 837
1860 384 854
1860 382 862
1860 369 695
1860 477 497
1860 279 526
1860 395 707
1860 363 692
1860 323 180
1860 255 551
1860 237 534
1860 462 1069
1860 342 493
1880 350 836
1880 354 511
1880 296 556
1880 423 501
1880 262 492
1880 309 667
1880 470 423
1880 265 81
1880 48 875
1880 214 627
1880 354 835
1880 472 433
1880 323 751
1880 357 841
1880 420 507
1880 380 852
1880 284 521
1880 41 868
1880 12 410
1880 257 560
1880 238 530
1880 461 1101
1880 344 509
1900 84 750
1900 341 846
1900 349 472
1900 239 702
1900 300 552
1900 378 489
1900 435 395
1900 255 497
1900 453 844
1900 423 388
1900 216 628
1900 355 841
1900 306 660
1900 355 841
1900 384 494
1900 383 855
1900 459 823
1900 287 525
1900 94 755
1900 478 751
1900 260 553
1900 68 645
1900 239 527
1900 234 688
1900 453 1129
1900 345 480
1920 79 680
1920 343 847
1920 297 554
1920 455 429
1920 259 506
1920 294 441
1920 157 640
1920 452 738
1920 280 613
1920 407 892
1920 416 287
1920 93 688
1920 211 631
1920 196 626
1920 359 817
1920 443 464
1920 425 913
1920 301 455
1920 358 829
1920 297 444
1920 382 853
1920 151 639
1920 156 639
1920 427 922
1920 281 520
1920 456 697
1920 308 457
1920 256 564
1920 68 687
1920 236 530
1920 152 652
1940 357 983
1940 345 818
1940 376 967
1940 296 564
1940 462 278
1940 251 464
1940 237 434
1940 132 522
1940 373 285
1940 441 864
1940 418 295
1940 280 747
1940 211 630
1940 352 834
1940 472 863
1940 357 840
1940 460 313
1940 386 863
1940 468 855
1940 282 536
1940 471 874
1940 257 556
1940 61 604
1940 233 531
1940 224 428
1940 464 1112
1960 339 848
1960 297 557
1960 260 502
1960 431 161
1960 307 666
1960 28 266
1960 457 213
1960 127 376
1960 69 502
1960 206 632
1960 311 1072
1960 361 843
1960 412 568
1960 412 975
1960 361 850
1960 387 845
1960 430 950
1960 246 726
1960 281 524
1960 261 562
1960 236 527
1960 347 210
1960 155 447
1960 465 1113
1980 359 1049
1980 89 751
1980 349 829
1980 349 492
1980 298 551
1980 345 1113
1980 258 509
1980 78 421
1980 168 494
1980 21 231
1980 446 889
1980 388 1035
1980 72 410
1980 211 628
1980 251 1174
1980 235 1157
1980 357 840
1980 241 1153
1980 420 1024
1980 362 848
1980 383 490
1980 386 853
1980 235 1173
1980 281 519
1980 83 763
1980 24 427
1980 257 564
1980 173 484
1980 238 543
1980 380 102
