1800 300 569
1800 259 501
1800 372 769
1800 307 663
1800 306 662
1800 438 826
1800 235 61
1800 75 488
1800 36 919
1800 290 1178
1800 435 605
1800 439 828
1800 399 823
1800 283 531
1800 317 809
1800 263 572
1800 288 1112
1800 240 533
1800 316 809
1800 216 633
1820 363 839
1820 378 848
1820 300 570
1820 426 517
1820 259 501
1820 304 666
1820 286 665
1820 273 861
1820 352 668
1820 420 384
1820 39 886
1820 409 643
1820 453 637
1820 422 837
1820 271 862
1820 382 848
1820 219 1231
1820 281 529
1820 412 646
1820 262 572
1820 239 533
1820 217 626
1840 350 827
1840 375 857
1840 299 570
1840 364 614
1840 259 500
1840 296 666
1840 281 665
1840 364 501
1840 56 916
1840 392 656
1840 387 857
1840 284 527
1840 430 643
1840 261 566
1840 239 533
1840 317 867
1840 218 625
1840 357 835
1860 351 834
1860 354 836
1860 298 571
1860 476 521
1860 259 502
1860 386 696
1860 306 670
1860 298 671
1860 321 190
1860 355 698
1860 342 497
1860 318 185
1860 76 462
1860 54 918
1860 377 689
1860 374 558
1860 394 850
1860 284 529
1860 341 495
1860 263 570
1860 240 534
1860 218 630
1880 357 832
1880 361 839
1880 300 566
1880 432 504
1880 266 496
1880 295 678
1880 284 666
1880 331 755
1880 65 538
1880 53 873
1880 379 512
1880 400 840
1880 313 730
1880 284 527
1880 312 740
1880 260 568
1880 240 532
1880 217 626
1880 377 509
1880 66 536
1880 348 510
1900 353 825
1900 58 774
1900 356 829
1900 299 568
1900 432 445
1900 262 501
1900 301 668
1900 295 667
1900 354 474
1900 433 386
1900 233 695
1900 231 724
1900 393 855
1900 476 744
1900 236 726
1900 284 529
1900 87 764
1900 479 734
1900 263 565
1900 241 533
1900 216 627
1900 381 491
1920 314 466
1920 361 829
1920 80 685
1920 368 839
1920 301 568
1920 403 388
1920 265 502
1920 297 441
1920 104 681
1920 394 743
1920 303 666
1920 294 666
1920 399 344
1920 382 861
1920 387 372
1920 424 919
1920 430 914
1920 386 863
1920 379 369
1920 459 714
1920 283 529
1920 215 634
1920 264 572
1920 17 620
1920 241 534
1920 217 632
1920 394 543
1920 162 618
1940 355 832
1940 382 862
1940 300 570
1940 236 431
1940 268 479
1940 147 500
1940 390 269
1940 413 312
1940 307 673
1940 301 692
1940 462 870
1940 358 978
1940 356 729
1940 439 324
1940 421 568
1940 363 975
1940 360 985
1940 398 833
1940 372 297
1940 285 739
1940 287 736
1940 473 869
1940 283 528
1940 262 568
1940 72 594
1940 241 540
1940 287 736
1940 218 629
1940 446 314
1940 101 580
1960 351 826
1960 382 843
1960 300 568
1960 264 503
1960 161 443
1960 367 203
1960 303 669
1960 290 659
1960 370 207
1960 424 549
1960 252 725
1960 169 741
1960 123 384
1960 67 508
1960 328 1068
1960 425 548
1960 431 552
1960 414 934
1960 428 944
1960 426 953
1960 387 857
1960 285 530
1960 210 620
1960 300 1060
1960 89 406
1960 263 566
1960 241 530
1960 250 722
1960 221 625
1960 431 213
1960 87 504
1960 167 739
1980 245 1151
1980 353 824
1980 84 752
1980 386 852
1980 405 1035
1980 300 568
1980 264 503
1980 297 656
1980 284 664
1980 106 283
1980 452 888
1980 356 1033
1980 170 740
1980 362 488
1980 342 131
1980 321 140
1980 90 429
1980 103 463
1980 177 484
1980 275 1168
1980 369 1055
1980 451 890
1980 404 1032
1980 400 827
1980 283 530
1980 366 482
1980 246 1149
1980 80 414
1980 262 574
1980 239 534
1980 214 628
1980 366 480
