1800 299 569
1800 260 501
1800 369 769
1800 307 664
1800 301 665
1800 438 827
1800 430 609
1800 236 66
1800 75 487
1800 37 911
1800 287 1204
1800 429 612
1800 439 829
1800 395 828
1800 281 534
1800 316 812
1800 263 573
1800 287 1114
1800 240 535
1800 216 635
1820 365 843
1820 299 572
1820 428 518
1820 259 502
1820 304 666
1820 298 670
1820 348 678
1820 420 385
1820 409 638
1820 221 1229
1820 85 423
1820 38 886
1820 223 1236
1820 454 642
1820 421 843
1820 381 848
1820 221 1249
1820 282 531
1820 411 657
1820 89 409
1820 261 577
1820 237 535
1820 217 626
1840 370 860
1840 299 569
1840 363 617
1840 259 501
1840 296 669
1840 298 668
1840 416 646
1840 82 459
1840 54 914
1840 390 657
1840 418 646
1840 388 866
1840 385 856
1840 368 297
1840 284 530
1840 427 652
1840 260 569
1840 239 533
1840 318 866
1840 217 626
1840 347 843
1860 355 835
1860 297 571
1860 475 517
1860 259 503
1860 387 701
1860 305 670
1860 301 668
1860 366 690
1860 341 500
1860 318 188
1860 76 467
1860 54 920
1860 389 689
1860 374 553
1860 390 853
1860 283 530
1860 264 570
1860 241 535
1860 218 629
1860 353 833
1880 355 846
1880 299 566
1880 432 505
1880 268 495
1880 301 673
1880 300 675
1880 65 540
1880 51 870
1880 378 513
1880 395 849
1880 284 529
1880 315 761
1880 261 572
1880 238 536
1880 218 625
1880 377 511
1880 66 534
1880 352 827
1880 350 512
1900 353 830
1900 60 774
1900 356 835
1900 299 568
1900 435 451
1900 261 500
1900 63 650
1900 302 674
1900 299 666
1900 472 821
1900 349 474
1900 434 387
1900 232 725
1900 479 743
1900 235 695
1900 464 829
1900 230 726
1900 393 855
1900 474 827
1900 284 530
1900 90 763
1900 479 736
1900 349 473
1900 264 571
1900 240 533
1900 217 628
1900 382 491
1900 351 832
1920 312 461
1920 32 742
1920 371 849
1920 300 568
1920 440 442
1920 265 504
1920 178 608
1920 296 444
1920 105 684
1920 379 371
1920 392 748
1920 302 667
1920 300 661
1920 324 480
1920 400 346
1920 371 861
1920 178 608
1920 31 970
1920 384 372
1920 402 901
1920 412 898
1920 421 918
1920 399 554
1920 386 864
1920 457 715
1920 282 528
1920 459 742
1920 318 469
1920 265 572
1920 241 534
1920 219 631
1920 395 544
1920 157 641
1920 358 828
1940 347 740
1940 372 875
1940 299 570
1940 234 431
1940 258 503
1940 145 492
1940 148 503
1940 388 269
1940 397 279
1940 307 671
1940 303 674
1940 464 870
1940 358 984
1940 357 732
1940 425 320
1940 358 981
1940 424 571
1940 359 984
1940 461 878
1940 392 849
1940 371 298
1940 286 730
1940 478 877
1940 281 530
1940 264 571
1940 243 537
1940 285 735
1940 219 628
1940 100 581
1940 354 830
1960 352 833
1960 372 859
1960 300 569
1960 264 503
1960 124 385
1960 367 202
1960 384 794
1960 303 670
1960 300 672
1960 446 179
1960 370 205
1960 422 562
1960 89 407
1960 254 728
1960 94 500
1960 195 748
1960 123 385
1960 68 509
1960 422 564
1960 430 953
1960 423 964
1960 385 862
1960 284 531
1960 159 442
1960 300 1062
1960 90 407
1960 263 564
1960 241 529
1960 224 624
1960 352 828
1980 353 825
1980 386 850
1980 299 567
1980 264 504
1980 299 579
1980 293 676
1980 458 908
1980 361 1043
1980 338 122
1980 318 125
1980 104 459
1980 103 460
1980 176 485
1980 259 1234
1980 272 1179
1980 401 1037
1980 452 891
1980 362 488
1980 393 848
1980 475 911
1980 282 532
1980 90 754
1980 373 480
1980 85 419
1980 261 575
1980 269 1168
1980 240 540
1980 217 629
1980 362 487
1980 352 828
