1800 300 570
1800 259 502
1800 368 767
1800 307 664
1800 437 826
1800 75 484
1800 36 924
1800 438 601
1800 439 825
1800 402 822
1800 284 531
1800 317 810
1800 262 569
1800 290 1111
1800 240 534
1800 216 632
1820 380 850
1820 300 568
1820 427 518
1820 259 501
1820 305 663
1820 284 664
1820 350 668
1820 421 384
1820 42 884
1820 410 643
1820 455 646
1820 423 838
1820 273 858
1820 403 842
1820 224 1243
1820 282 530
1820 260 571
1820 240 535
1820 217 626
1840 351 834
1840 381 851
1840 299 570
1840 362 613
1840 259 500
1840 302 657
1840 278 662
1840 54 909
1840 391 655
1840 389 857
1840 368 292
1840 284 528
1840 425 644
1840 261 564
1840 239 532
1840 316 870
1840 218 626
1840 346 840
1860 351 841
1860 384 856
1860 298 571
1860 259 502
1860 387 698
1860 307 670
1860 288 662
1860 318 187
1860 320 187
1860 76 464
1860 54 910
1860 387 690
1860 374 557
1860 398 844
1860 284 529
1860 347 497
1860 261 574
1860 240 534
1860 218 628
1880 354 828
1880 383 858
1880 300 567
1880 433 504
1880 268 496
1880 304 671
1880 284 660
1880 67 535
1880 56 879
1880 376 511
1880 398 841
1880 285 528
1880 348 511
1880 323 759
1880 261 568
1880 239 533
1880 218 625
1880 65 537
1900 356 835
1900 58 775
1900 369 845
1900 299 568
1900 432 445
1900 265 504
1900 303 670
1900 292 664
1900 230 722
1900 353 474
1900 434 386
1900 232 707
1900 233 724
1900 232 723
1900 395 848
1900 235 739
1900 285 528
1900 90 768
1900 348 503
1900 264 564
1900 241 532
1900 217 626
1900 381 497
1920 317 466
1920 361 829
1920 376 863
1920 299 569
1920 412 375
1920 265 502
1920 297 440
1920 102 688
1920 396 742
1920 297 662
1920 395 360
1920 413 896
1920 428 916
1920 393 544
1920 386 862
1920 395 361
1920 467 729
1920 285 529
1920 262 572
1920 241 533
1920 218 631
1920 155 638
1940 355 841
1940 384 863
1940 300 570
1940 237 433
1940 262 499
1940 387 268
1940 406 309
1940 306 667
1940 305 683
1940 465 858
1940 359 981
1940 357 731
1940 440 316
1940 354 985
1940 397 830
1940 370 295
1940 286 736
1940 475 872
1940 283 528
1940 263 569
1940 239 539
1940 218 628
1940 102 581
1960 353 826
1960 386 853
1960 300 568
1960 265 503
1960 364 201
1960 304 669
1960 291 652
1960 370 208
1960 419 554
1960 250 718
1960 176 743
1960 124 381
1960 67 507
1960 431 554
1960 425 962
1960 389 847
1960 285 530
1960 301 1059
1960 88 405
1960 261 564
1960 242 534
1960 222 621
1980 355 826
1980 386 855
1980 299 568
1980 264 504
1980 306 584
1980 286 668
1980 109 297
1980 358 1036
1980 361 489
1980 339 128
1980 103 460
1980 179 484
1980 277 1164
1980 451 893
1980 396 834
1980 285 529
1980 246 1153
1980 85 416
1980 261 573
1980 239 534
1980 214 629
1980 372 475
