1800 300 569
1800 259 501
1800 367 766
1800 308 664
1800 305 667
1800 437 828
1800 75 486
1800 36 923
1800 290 1196
1800 437 601
1800 438 826
1800 401 825
1800 283 531
1800 317 810
1800 261 569
1800 289 1111
1800 239 534
1800 216 632
1820 378 852
1820 300 569
1820 427 519
1820 259 501
1820 305 664
1820 284 666
1820 349 670
1820 420 384
1820 42 886
1820 410 643
1820 454 647
1820 421 839
1820 273 858
1820 405 844
1820 223 1239
1820 282 530
1820 260 571
1820 239 534
1820 217 626
1840 350 835
1840 368 854
1840 299 570
1840 361 614
1840 259 501
1840 303 656
1840 279 667
1840 54 911
1840 391 655
1840 388 856
1840 369 293
1840 284 528
1840 427 645
1840 260 564
1840 239 533
1840 316 869
1840 218 626
1840 351 836
1860 350 840
1860 381 862
1860 298 571
1860 259 502
1860 387 698
1860 308 670
1860 293 668
1860 318 189
1860 320 187
1860 75 464
1860 54 913
1860 387 691
1860 374 557
1860 396 846
1860 284 529
1860 345 493
1860 261 572
1860 240 535
1860 218 629
1880 355 827
1880 382 841
1880 300 567
1880 432 503
1880 267 496
1880 303 671
1880 281 663
1880 66 539
1880 56 880
1880 377 510
1880 399 840
1880 285 528
1880 347 511
1880 324 760
1880 260 567
1880 239 533
1880 217 626
1880 376 511
1880 66 537
1880 348 511
1900 355 836
1900 58 775
1900 368 835
1900 299 568
1900 433 445
1900 265 504
1900 303 669
1900 295 643
1900 231 725
1900 353 474
1900 433 386
1900 234 726
1900 233 724
1900 395 849
1900 235 739
1900 285 528
1900 90 768
1900 349 502
1900 265 564
1900 241 533
1900 217 626
1900 381 498
1920 315 466
1920 363 824
1920 385 856
1920 299 569
1920 409 390
1920 265 503
1920 297 440
1920 103 688
1920 395 742
1920 298 663
1920 400 344
1920 377 863
1920 397 359
1920 413 898
1920 427 918
1920 395 545
1920 385 863
1920 395 360
1920 464 730
1920 284 530
1920 262 571
1920 241 534
1920 218 631
1940 355 840
1940 383 864
1940 300 570
1940 237 433
1940 261 499
1940 147 502
1940 387 268
1940 402 301
1940 306 668
1940 307 679
1940 465 859
1940 358 982
1940 354 731
1940 440 315
1940 355 983
1940 397 831
1940 370 297
1940 287 736
1940 471 867
1940 283 528
1940 262 569
1940 239 539
1940 218 628
1940 102 583
1960 352 826
1960 386 854
1960 300 568
1960 264 503
1960 365 201
1960 304 669
1960 289 655
1960 369 206
1960 420 554
1960 251 720
1960 175 743
1960 124 384
1960 67 508
1960 431 553
1960 425 959
1960 389 849
1960 285 530
1960 301 1060
1960 89 408
1960 261 564
1960 243 532
1960 222 623
1980 355 826
1980 87 754
1980 386 851
1980 299 568
1980 264 504
1980 309 593
1980 285 662
1980 108 286
1980 358 1035
1980 362 490
1980 339 129
1980 90 428
1980 104 463
1980 178 484
1980 279 1165
1980 451 893
1980 397 831
1980 284 529
1980 244 1153
1980 84 419
1980 261 570
1980 238 534
1980 214 629
1980 372 477
