1800 377 1049
1800 436 832
1800 304 575
1800 267 501
1800 422 819
1800 316 814
1800 292 550
1800 431 920
1800 456 284
1800 272 60
1800 80 482
1800 46 962
1800 223 625
1800 301 1104
1800 277 1132
1800 367 759
1800 285 1159
1800 414 1005
1800 391 816
1800 387 804
1800 289 545
1800 307 655
1800 266 582
1800 242 528
1820 434 527
1820 266 498
1820 427 831
1820 293 542
1820 433 854
1820 260 500
1820 419 519
1820 45 911
1820 222 625
1820 440 405
1820 250 1300
1820 449 742
1820 341 722
1820 372 841
1820 227 1261
1820 383 837
1820 220 1237
1820 363 698
1820 293 523
1820 308 663
1820 361 693
1820 266 588
1820 243 543
1820 464 1085
1840 372 499
1840 453 1081
1840 304 576
1840 143 1363
1840 267 500
1840 317 847
1840 375 657
1840 289 539
1840 314 857
1840 261 502
1840 72 460
1840 49 900
1840 222 629
1840 385 844
1840 171 1302
1840 467 1107
1840 368 844
1840 401 849
1840 289 533
1840 430 632
1840 267 584
1840 243 525
1840 459 1094
1840 375 499
1860 343 493
1860 336 848
1860 305 588
1860 268 504
1860 379 708
1860 419 845
1860 297 557
1860 258 515
1860 467 426
1860 72 460
1860 220 636
1860 374 708
1860 469 554
1860 472 855
1860 375 872
1860 393 851
1860 363 724
1860 290 533
1860 476 859
1860 312 667
1860 381 553
1860 77 461
1860 263 586
1860 242 526
1860 470 1109
1880 349 860
1880 357 515
1880 307 576
1880 270 494
1880 461 641
1880 294 557
1880 449 523
1880 49 862
1880 222 629
1880 398 529
1880 446 514
1880 324 764
1880 368 866
1880 402 789
1880 385 522
1880 291 541
1880 311 657
1880 387 516
1880 243 539
1880 465 1137
1900 97 761
1900 354 475
1900 237 678
1900 398 840
1900 370 491
1900 270 504
1900 453 850
1900 297 552
1900 257 519
1900 429 485
1900 59 653
1900 222 629
1900 423 455
1900 459 484
1900 234 733
1900 365 848
1900 378 498
1900 395 823
1900 391 498
1900 471 817
1900 292 530
1900 103 784
1900 472 817
1900 312 663
1900 263 574
1900 77 656
1900 243 528
1900 241 696
1900 464 1103
1900 358 476
1920 360 532
1920 396 947
1920 386 602
1920 465 431
1920 271 504
1920 162 641
1920 31 253
1920 452 713
1920 289 592
1920 421 893
1920 254 535
1920 429 420
1920 100 697
1920 12 501
1920 225 634
1920 365 784
1920 449 405
1920 295 439
1920 442 457
1920 424 907
1920 442 1012
1920 370 843
1920 310 454
1920 409 389
1920 389 784
1920 399 339
1920 434 893
1920 291 530
1920 453 728
1920 411 378
1920 306 449
1920 261 582
1920 84 688
1920 244 532
1920 465 1096
1920 388 367
1940 330 1055
1940 388 274
1940 409 827
1940 304 577
1940 425 578
1940 265 466
1940 347 281
1940 373 293
1940 367 733
1940 361 729
1940 32 255
1940 452 853
1940 294 539
1940 397 932
1940 254 548
1940 454 417
1940 223 628
1940 359 730
1940 447 334
1940 272 470
1940 360 964
1940 366 857
1940 383 268
1940 428 320
1940 392 818
1940 403 299
1940 473 887
1940 290 540
1940 308 650
1940 423 319
1940 129 513
1940 264 576
1940 64 607
1940 239 539
1940 239 440
1940 471 1188
1940 381 265
1960 352 211
1960 392 993
1960 308 572
1960 336 1115
1960 423 540
1960 269 502
1960 410 247
1960 115 387
1960 419 559
1960 408 997
1960 88 516
1960 217 629
1960 294 1071
1960 369 849
1960 417 557
1960 422 958
1960 368 869
1960 433 183
1960 408 873
1960 450 958
1960 290 524
1960 267 552
1960 240 536
1960 345 207
1960 250 727
1960 434 961
1960 358 189
1980 370 1061
1980 354 486
1980 355 489
1980 400 1010
1980 304 573
1980 327 1170
1980 269 504
1980 343 150
1980 369 478
1980 48 280
1980 430 933
1980 295 545
1980 398 951
1980 255 536
1980 221 619
1980 287 1197
1980 275 1161
1980 369 864
1980 255 1155
1980 187 494
1980 449 1022
1980 386 1008
1980 369 859
1980 232 1190
1980 381 143
1980 376 491
1980 390 856
1980 387 492
1980 464 895
1980 290 523
1980 80 770
1980 476 909
1980 84 407
1980 39 397
1980 262 575
1980 243 540
1980 352 131
1980 90 414
1980 439 1027
