1800 300 569
1800 259 501
1800 368 764
1800 307 663
1800 304 667
1800 438 825
1800 75 485
1800 36 920
1800 290 1198
1800 437 601
1800 439 826
1800 401 825
1800 284 530
1800 317 809
1800 262 569
1800 289 1111
1800 239 534
1800 216 631
1820 375 849
1820 300 568
1820 424 515
1820 259 500
1820 304 665
1820 284 665
1820 349 669
1820 420 383
1820 42 884
1820 410 641
1820 454 645
1820 421 837
1820 273 860
1820 400 842
1820 223 1231
1820 281 529
1820 260 570
1820 240 534
1820 217 625
1840 349 834
1840 373 860
1840 299 569
1840 362 612
1840 259 500
1840 301 654
1840 278 667
1840 55 911
1840 391 655
1840 388 854
1840 369 291
1840 285 527
1840 428 643
1840 261 564
1840 239 532
1840 316 868
1840 218 625
1840 342 848
1860 351 838
1860 376 844
1860 299 570
1860 259 502
1860 387 697
1860 307 669
1860 292 667
1860 318 186
1860 321 188
1860 75 462
1860 55 908
1860 387 690
1860 374 555
1860 398 843
1860 284 528
1860 345 493
1860 262 571
1860 240 534
1860 218 628
1880 355 829
1880 375 821
1880 300 566
1880 432 502
1880 267 495
1880 303 670
1880 281 661
1880 66 537
1880 56 878
1880 376 510
1880 400 834
1880 285 527
1880 348 510
1880 326 760
1880 261 566
1880 239 533
1880 217 626
1880 376 509
1880 67 538
1880 346 511
1900 355 834
1900 58 775
1900 366 832
1900 299 567
1900 433 444
1900 265 503
1900 302 668
1900 294 620
1900 230 721
1900 353 474
1900 433 385
1900 233 724
1900 399 843
1900 236 734
1900 285 528
1900 89 767
1900 348 500
1900 265 563
1900 241 531
1900 217 626
1900 380 496
1920 315 466
1920 361 830
1920 377 859
1920 300 568
1920 409 380
1920 265 502
1920 297 440
1920 103 684
1920 396 743
1920 297 662
1920 400 343
1920 397 359
1920 411 899
1920 426 917
1920 394 543
1920 386 862
1920 394 359
1920 463 728
1920 285 528
1920 328 470
1920 262 570
1920 241 533
1920 218 630
1920 394 542
1920 155 636
1940 355 841
1940 383 862
1940 300 570
1940 237 433
1940 261 499
1940 148 502
1940 387 268
1940 394 284
1940 306 667
1940 306 680
1940 466 858
1940 358 981
1940 357 730
1940 440 311
1940 357 983
1940 357 982
1940 397 831
1940 370 297
1940 286 738
1940 473 866
1940 283 527
1940 263 568
1940 240 539
1940 218 627
1940 103 581
1960 352 825
1960 385 853
1960 300 568
1960 264 502
1960 364 200
1960 304 669
1960 289 653
1960 370 207
1960 420 552
1960 250 718
1960 167 738
1960 124 382
1960 67 508
1960 431 552
1960 176 747
1960 426 957
1960 390 848
1960 285 530
1960 300 1060
1960 89 407
1960 261 564
1960 240 531
1960 222 622
1980 354 825
1980 87 754
1980 387 850
1980 300 567
1980 264 503
1980 306 584
1980 286 660
1980 109 278
1980 358 1033
1980 361 489
1980 339 128
1980 315 126
1980 90 428
1980 104 463
1980 179 484
1980 280 1163
1980 369 1058
1980 451 893
1980 398 829
1980 284 528
1980 84 415
1980 262 572
1980 239 534
1980 213 628
1980 371 477
