1800 300 569
1800 259 501
1800 369 764
1800 307 664
1800 305 663
1800 437 828
1800 430 608
1800 237 60
1800 75 485
1800 36 922
1800 290 1199
1800 432 607
1800 439 826
1800 400 822
1800 283 530
1800 474 644
1800 316 809
1800 262 569
1800 288 1112
1800 239 533
1800 216 631
1820 379 849
1820 300 568
1820 427 513
1820 259 501
1820 305 663
1820 285 663
1820 350 671
1820 420 383
1820 39 885
1820 409 641
1820 453 645
1820 422 837
1820 270 869
1820 415 831
1820 223 1253
1820 282 529
1820 260 569
1820 239 533
1820 217 625
1820 424 513
1840 349 833
1840 380 851
1840 299 570
1840 259 500
1840 303 659
1840 279 665
1840 364 499
1840 428 641
1840 53 898
1840 391 655
1840 388 854
1840 284 527
1840 426 642
1840 261 564
1840 239 531
1840 315 869
1840 218 625
1840 348 836
1860 349 840
1860 383 864
1860 298 571
1860 259 502
1860 386 695
1860 307 670
1860 286 658
1860 318 194
1860 342 496
1860 318 185
1860 75 465
1860 54 911
1860 387 690
1860 374 556
1860 396 847
1860 285 529
1860 341 490
1860 262 570
1860 240 533
1860 218 628
1880 354 826
1880 382 860
1880 300 566
1880 433 503
1880 268 495
1880 302 671
1880 285 655
1880 332 752
1880 377 513
1880 66 536
1880 55 876
1880 377 510
1880 396 846
1880 285 526
1880 347 511
1880 325 761
1880 261 567
1880 239 532
1880 217 626
1880 376 508
1880 66 539
1880 350 508
1900 356 837
1900 59 774
1900 364 836
1900 299 567
1900 432 445
1900 265 503
1900 302 667
1900 299 649
1900 230 723
1900 353 473
1900 433 385
1900 233 707
1900 233 723
1900 233 725
1900 395 849
1900 475 731
1900 236 734
1900 285 528
1900 89 768
1900 348 510
1900 264 564
1900 241 532
1900 217 626
1900 382 496
1920 314 466
1920 362 828
1920 375 864
1920 302 569
1920 409 367
1920 265 502
1920 296 440
1920 103 680
1920 394 741
1920 304 664
1920 295 661
1920 28 928
1920 399 344
1920 412 896
1920 425 917
1920 398 544
1920 386 860
1920 465 714
1920 285 528
1920 263 572
1920 14 629
1920 241 532
1920 218 631
1920 156 637
1940 354 834
1940 382 864
1940 299 570
1940 236 432
1940 262 499
1940 148 500
1940 387 268
1940 402 302
1940 306 668
1940 305 686
1940 465 858
1940 358 981
1940 357 728
1940 443 302
1940 130 519
1940 358 981
1940 361 978
1940 397 832
1940 371 295
1940 284 744
1940 474 866
1940 282 526
1940 263 569
1940 239 538
1940 218 627
1940 103 580
1960 352 825
1960 385 859
1960 300 567
1960 264 502
1960 368 180
1960 304 669
1960 291 643
1960 369 208
1960 422 552
1960 89 408
1960 251 720
1960 162 737
1960 123 381
1960 67 507
1960 430 552
1960 429 942
1960 425 954
1960 387 851
1960 285 530
1960 208 625
1960 300 1062
1960 88 407
1960 262 564
1960 240 529
1960 223 620
1980 244 1153
1980 355 824
1980 88 757
1980 385 858
1980 376 1043
1980 299 568
1980 264 503
1980 306 582
1980 284 662
1980 107 292
1980 358 1035
1980 362 488
1980 338 127
1980 321 147
1980 93 429
1980 102 462
1980 179 484
1980 336 1168
1980 268 1270
1980 277 1168
1980 369 1042
1980 451 894
1980 396 832
1980 284 528
1980 104 764
1980 365 465
1980 246 1151
1980 82 413
1980 261 574
1980 238 534
1980 215 627
1980 371 474
