1800 372 757
1800 300 570
1800 260 501
1800 307 660
1800 465 629
1800 370 762
1800 258 59
1800 239 76
1800 31 916
1800 281 1132
1800 283 1121
1800 427 612
1800 392 820
1800 441 828
1800 314 818
1800 439 825
1800 281 533
1800 448 853
1800 372 780
1800 282 1125
1800 264 575
1800 240 532
1800 217 629
1820 300 572
1820 356 669
1820 428 518
1820 258 501
1820 271 860
1820 305 669
1820 279 675
1820 409 641
1820 378 839
1820 420 385
1820 421 515
1820 33 893
1820 410 640
1820 453 637
1820 379 838
1820 419 831
1820 219 1230
1820 282 530
1820 354 673
1820 360 838
1820 85 418
1820 263 576
1820 238 533
1820 217 627
1840 300 570
1840 391 659
1840 259 501
1840 366 290
1840 362 502
1840 300 660
1840 276 674
1840 415 651
1840 369 835
1840 58 913
1840 390 657
1840 419 648
1840 377 849
1840 325 868
1840 362 291
1840 399 832
1840 382 853
1840 285 529
1840 359 834
1840 32 407
1840 263 574
1840 242 536
1840 218 628
1860 385 695
1860 301 572
1860 374 694
1860 473 526
1860 259 502
1860 343 499
1860 308 669
1860 349 839
1860 316 186
1860 53 917
1860 386 696
1860 391 861
1860 307 669
1860 402 824
1860 373 557
1860 283 531
1860 345 846
1860 263 568
1860 240 535
1860 218 629
1880 301 568
1880 430 502
1880 273 499
1880 347 514
1880 294 674
1880 279 673
1880 334 773
1880 308 103
1880 379 509
1880 65 532
1880 48 866
1880 382 854
1880 298 572
1880 399 831
1880 312 683
1880 348 514
1880 284 525
1880 349 857
1880 260 574
1880 239 532
1880 218 626
1900 402 839
1900 230 721
1900 298 570
1900 231 706
1900 357 1199
1900 438 452
1900 264 504
1900 356 491
1900 306 666
1900 279 709
1900 351 849
1900 433 388
1900 391 497
1900 232 720
1900 382 866
1900 400 830
1900 234 712
1900 355 490
1900 287 530
1900 39 808
1900 477 817
1900 353 835
1900 267 567
1900 62 650
1900 245 537
1900 218 627
1920 395 745
1920 314 466
1920 294 581
1920 298 439
1920 446 455
1920 266 504
1920 298 440
1920 386 551
1920 104 685
1920 301 671
1920 457 733
1920 366 820
1920 393 544
1920 178 609
1920 17 196
1920 451 437
1920 380 864
1920 424 918
1920 313 465
1920 400 361
1920 377 375
1920 408 890
1920 400 343
1920 285 531
1920 355 843
1920 269 578
1920 242 537
1920 218 631
1920 23 706
1920 181 614
1940 299 570
1940 356 734
1940 261 505
1940 130 525
1940 146 497
1940 237 433
1940 369 297
1940 405 304
1940 72 606
1940 308 674
1940 367 973
1940 353 737
1940 452 304
1940 420 575
1940 292 743
1940 422 568
1940 382 867
1940 367 976
1940 380 294
1940 396 831
1940 363 973
1940 376 297
1940 458 874
1940 279 534
1940 473 890
1940 145 494
1940 351 849
1940 265 572
1940 71 603
1940 239 537
1940 217 627
1940 71 601
1960 384 803
1960 301 570
1960 264 503
1960 122 381
1960 368 204
1960 450 228
1960 166 744
1960 304 669
1960 441 565
1960 356 826
1960 368 207
1960 426 545
1960 120 383
1960 65 508
1960 214 477
1960 308 1077
1960 427 546
1960 387 839
1960 427 949
1960 183 749
1960 424 958
1960 284 530
1960 161 442
1960 346 847
1960 299 1066
1960 89 404
1960 265 569
1960 238 534
1960 219 627
1960 382 219
1980 398 825
1980 408 1042
1980 301 569
1980 175 486
1980 339 1135
1980 264 504
1980 363 492
1980 278 666
1980 84 296
1980 362 1023
1980 352 828
1980 311 87
1980 383 486
1980 332 1148
1980 265 1172
1980 373 484
1980 256 1163
1980 399 819
1980 407 1045
1980 249 1156
1980 399 819
1980 354 1037
1980 453 887
1980 283 527
1980 472 915
1980 153 722
1980 84 409
1980 354 838
1980 259 1172
1980 85 407
1980 262 575
1980 243 535
1980 216 627
1980 388 77
