1800 300 570
1800 259 502
1800 368 768
1800 308 664
1800 436 826
1800 75 484
1800 36 925
1800 438 601
1800 440 825
1800 402 822
1800 284 531
1800 317 810
1800 262 569
1800 290 1111
1800 239 534
1800 216 632
1820 380 850
1820 300 568
1820 428 517
1820 259 501
1820 305 664
1820 284 664
1820 350 667
1820 421 384
1820 42 885
1820 410 644
1820 455 646
1820 423 838
1820 274 857
1820 410 841
1820 224 1244
1820 282 530
1820 260 571
1820 240 535
1820 217 626
1840 351 834
1840 381 851
1840 299 570
1840 362 613
1840 259 500
1840 302 657
1840 278 662
1840 54 908
1840 391 655
1840 389 857
1840 368 292
1840 284 528
1840 426 644
1840 261 564
1840 239 532
1840 316 870
1840 218 626
1840 346 840
1860 351 840
1860 384 855
1860 298 571
1860 259 502
1860 387 698
1860 307 670
1860 289 663
1860 317 186
1860 320 187
1860 76 464
1860 54 909
1860 387 690
1860 374 557
1860 398 844
1860 284 529
1860 347 497
1860 261 575
1860 240 534
1860 218 629
1880 355 828
1880 383 860
1880 300 567
1880 433 504
1880 268 496
1880 303 671
1880 284 660
1880 67 535
1880 56 880
1880 376 511
1880 398 842
1880 285 528
1880 348 511
1880 323 759
1880 261 567
1880 239 533
1880 218 625
1880 66 537
1900 356 835
1900 58 775
1900 367 842
1900 299 568
1900 433 445
1900 265 504
1900 303 670
1900 293 664
1900 230 722
1900 353 474
1900 434 386
1900 232 709
1900 233 724
1900 232 723
1900 395 848
1900 235 739
1900 285 528
1900 90 768
1900 348 503
1900 264 564
1900 241 533
1900 217 626
1900 381 497
1920 316 466
1920 361 828
1920 376 864
1920 299 569
1920 413 372
1920 265 502
1920 297 440
1920 102 687
1920 396 742
1920 297 663
1920 395 359
1920 413 896
1920 428 917
1920 394 544
1920 386 863
1920 395 361
1920 467 727
1920 285 529
1920 262 572
1920 241 534
1920 218 631
1920 155 637
1940 355 841
1940 383 863
1940 300 570
1940 237 433
1940 262 499
1940 387 268
1940 404 304
1940 306 667
1940 305 682
1940 465 857
1940 359 981
1940 356 731
1940 440 315
1940 354 984
1940 397 830
1940 370 295
1940 287 736
1940 475 875
1940 283 528
1940 263 569
1940 239 539
1940 218 628
1940 103 580
1960 353 826
1960 386 853
1960 300 568
1960 265 503
1960 364 201
1960 304 669
1960 291 652
1960 370 208
1960 419 554
1960 251 718
1960 173 743
1960 124 383
1960 67 507
1960 431 553
1960 425 962
1960 389 848
1960 285 530
1960 301 1059
1960 88 407
1960 261 564
1960 242 533
1960 222 621
1980 355 826
1980 386 855
1980 299 569
1980 264 503
1980 306 584
1980 286 668
1980 110 288
1980 358 1037
1980 361 489
1980 339 127
1980 324 140
1980 103 460
1980 179 484
1980 279 1165
1980 451 893
1980 396 835
1980 285 529
1980 246 1153
1980 85 416
1980 261 573
1980 239 535
1980 214 629
1980 372 475
