1800 300 569
1800 260 500
1800 369 766
1800 308 663
1800 308 665
1800 439 827
1800 431 609
1800 235 58
1800 75 487
1800 36 920
1800 290 1194
1800 438 603
1800 440 826
1800 400 826
1800 284 531
1800 317 811
1800 262 569
1800 288 1113
1800 240 533
1800 217 632
1820 377 851
1820 380 852
1820 301 570
1820 427 516
1820 259 500
1820 305 666
1820 300 669
1820 417 840
1820 351 669
1820 420 384
1820 408 635
1820 41 886
1820 410 642
1820 453 641
1820 421 837
1820 272 862
1820 389 854
1820 220 1230
1820 282 529
1820 412 641
1820 261 568
1820 240 533
1820 218 626
1840 350 835
1840 379 854
1840 299 570
1840 260 500
1840 294 665
1840 280 666
1840 421 642
1840 57 916
1840 392 656
1840 388 857
1840 368 291
1840 285 528
1840 427 641
1840 261 565
1840 239 533
1840 319 866
1840 219 626
1860 352 841
1860 384 865
1860 299 571
1860 477 520
1860 260 502
1860 387 696
1860 307 669
1860 294 671
1860 320 194
1860 322 195
1860 76 462
1860 388 690
1860 375 558
1860 396 847
1860 285 530
1860 345 492
1860 263 567
1860 240 535
1860 219 628
1880 355 831
1880 383 864
1880 300 566
1880 432 504
1880 272 497
1880 300 673
1880 291 667
1880 66 539
1880 58 876
1880 378 513
1880 399 843
1880 284 527
1880 348 510
1880 329 759
1880 260 567
1880 240 531
1880 218 626
1880 378 511
1880 67 534
1880 350 510
1900 355 835
1900 61 772
1900 372 849
1900 300 568
1900 432 445
1900 266 504
1900 301 668
1900 295 670
1900 355 473
1900 434 386
1900 235 703
1900 235 706
1900 465 828
1900 231 712
1900 394 852
1900 476 733
1900 238 730
1900 285 528
1900 90 764
1900 349 510
1900 355 473
1900 264 564
1900 241 531
1900 217 627
1900 382 499
1920 315 466
1920 363 833
1920 376 864
1920 301 569
1920 404 386
1920 265 501
1920 297 441
1920 104 685
1920 396 749
1920 302 668
1920 301 663
1920 399 345
1920 373 865
1920 400 357
1920 425 921
1920 428 916
1920 395 544
1920 386 864
1920 398 362
1920 459 714
1920 284 528
1920 329 474
1920 217 628
1920 263 568
1920 242 533
1920 218 631
1920 179 605
1940 356 845
1940 382 864
1940 300 570
1940 237 433
1940 263 500
1940 148 499
1940 390 268
1940 423 315
1940 307 671
1940 306 678
1940 466 858
1940 360 980
1940 359 730
1940 439 320
1940 422 568
1940 362 978
1940 461 875
1940 398 831
1940 372 296
1940 285 745
1940 474 874
1940 282 527
1940 263 568
1940 240 538
1940 219 629
1940 102 583
1960 352 827
1960 385 863
1960 301 568
1960 265 503
1960 163 442
1960 366 201
1960 397 829
1960 304 669
1960 296 660
1960 367 210
1960 421 559
1960 252 725
1960 168 740
1960 124 386
1960 68 508
1960 174 742
1960 432 553
1960 170 747
1960 427 943
1960 426 958
1960 390 851
1960 287 530
1960 301 1061
1960 89 406
1960 262 564
1960 241 531
1960 224 624
1960 217 474
1980 244 1153
1980 353 825
1980 89 753
1980 388 857
1980 376 1046
1980 300 568
1980 265 503
1980 285 669
1980 109 272
1980 362 1024
1980 363 489
1980 339 126
1980 93 428
1980 107 467
1980 179 485
1980 280 1252
1980 282 1164
1980 400 1029
1980 451 892
1980 398 829
1980 284 529
1980 96 756
1980 245 1151
1980 85 422
1980 263 571
1980 239 533
1980 214 628
1980 373 474
