1800 300 569
1800 289 1202
1800 260 501
1800 367 771
1800 306 663
1800 306 661
1800 439 828
1800 431 610
1800 237 59
1800 75 486
1800 37 908
1800 289 1197
1800 435 606
1800 440 830
1800 397 832
1800 280 660
1800 281 533
1800 473 629
1800 317 811
1800 263 570
1800 240 534
1800 318 810
1800 216 630
1820 363 839
1820 299 570
1820 427 513
1820 259 500
1820 302 667
1820 348 682
1820 419 383
1820 408 637
1820 225 1257
1820 36 887
1820 453 637
1820 421 843
1820 416 838
1820 223 1251
1820 276 856
1820 279 670
1820 282 529
1820 409 653
1820 85 419
1820 262 570
1820 239 536
1820 217 626
1840 362 840
1840 300 569
1840 363 613
1840 259 500
1840 299 671
1840 416 644
1840 81 458
1840 56 911
1840 391 656
1840 423 646
1840 381 867
1840 400 855
1840 276 684
1840 284 528
1840 427 646
1840 321 865
1840 261 569
1840 240 535
1840 318 865
1840 218 625
1840 339 862
1860 350 842
1860 299 570
1860 474 513
1860 259 502
1860 388 698
1860 314 678
1860 305 667
1860 361 696
1860 342 496
1860 317 183
1860 76 462
1860 388 687
1860 374 553
1860 403 844
1860 280 665
1860 285 529
1860 351 842
1860 265 568
1860 240 537
1860 218 628
1860 374 556
1880 337 765
1880 65 815
1880 353 847
1880 299 561
1880 431 503
1880 266 494
1880 298 674
1880 304 673
1880 333 754
1880 466 437
1880 64 539
1880 49 864
1880 379 514
1880 405 832
1880 275 671
1880 283 525
1880 263 565
1880 239 534
1880 218 625
1880 376 511
1880 65 532
1900 57 773
1900 355 834
1900 300 566
1900 432 446
1900 259 497
1900 303 670
1900 305 666
1900 468 824
1900 351 473
1900 432 386
1900 227 62
1900 69 808
1900 225 720
1900 234 683
1900 462 829
1900 377 495
1900 230 722
1900 398 850
1900 470 829
1900 280 682
1900 231 726
1900 284 529
1900 88 759
1900 479 728
1900 377 493
1900 348 471
1900 266 565
1900 241 534
1900 217 627
1900 382 495
1920 298 437
1920 89 698
1920 366 844
1920 297 631
1920 446 434
1920 265 503
1920 179 610
1920 315 464
1920 107 676
1920 394 749
1920 300 680
1920 40 188
1920 329 481
1920 399 350
1920 177 604
1920 411 897
1920 423 919
1920 418 903
1920 394 547
1920 406 897
1920 396 367
1920 279 673
1920 281 526
1920 268 572
1920 241 534
1920 219 629
1920 394 544
1920 157 641
1940 355 843
1940 299 570
1940 235 429
1940 264 487
1940 148 503
1940 147 495
1940 389 269
1940 459 293
1940 100 587
1940 305 668
1940 304 724
1940 467 865
1940 360 980
1940 357 734
1940 436 306
1940 359 980
1940 234 429
1940 361 981
1940 458 876
1940 399 832
1940 372 296
1940 475 886
1940 282 673
1940 281 531
1940 264 566
1940 239 537
1940 218 627
1940 100 585
1960 353 829
1960 364 831
1960 301 568
1960 216 475
1960 264 503
1960 124 398
1960 368 203
1960 302 666
1960 45 261
1960 367 201
1960 434 551
1960 89 405
1960 252 731
1960 90 496
1960 122 383
1960 65 508
1960 329 1078
1960 301 1062
1960 170 742
1960 433 553
1960 411 940
1960 178 751
1960 423 957
1960 391 859
1960 216 475
1960 275 687
1960 284 529
1960 159 441
1960 351 827
1960 299 1063
1960 89 405
1960 264 563
1960 240 534
1960 223 619
1960 396 222
1960 88 499
1980 353 823
1980 84 751
1980 357 833
1980 407 1036
1980 301 568
1980 177 485
1980 265 503
1980 177 489
1980 301 675
1980 106 281
1980 451 897
1980 364 1033
1980 339 117
1980 324 117
1980 105 464
1980 104 463
1980 79 426
1980 177 485
1980 278 1166
1980 370 1056
1980 452 892
1980 363 490
1980 400 830
1980 462 912
1980 279 667
1980 283 530
1980 152 726
1980 371 474
1980 83 411
1980 263 570
1980 244 1151
1980 239 537
1980 216 627
1980 374 487
