1800 300 569
1800 259 502
1800 368 767
1800 308 665
1800 436 827
1800 75 485
1800 36 922
1800 437 602
1800 439 826
1800 402 822
1800 284 531
1800 317 810
1800 262 569
1800 289 1111
1800 240 534
1800 216 632
1820 380 850
1820 300 569
1820 427 518
1820 259 501
1820 305 664
1820 284 665
1820 350 668
1820 420 384
1820 42 886
1820 410 644
1820 455 645
1820 423 837
1820 274 859
1820 408 843
1820 223 1243
1820 282 530
1820 261 571
1820 240 534
1820 217 626
1840 351 833
1840 382 850
1840 299 570
1840 362 613
1840 259 501
1840 302 657
1840 278 662
1840 55 909
1840 391 655
1840 389 858
1840 368 292
1840 284 528
1840 426 644
1840 261 564
1840 239 532
1840 316 870
1840 218 626
1840 342 848
1860 351 840
1860 384 857
1860 298 571
1860 259 502
1860 387 698
1860 307 670
1860 290 660
1860 317 189
1860 321 188
1860 76 465
1860 54 909
1860 387 691
1860 374 556
1860 399 842
1860 284 530
1860 343 493
1860 261 575
1860 240 535
1860 218 629
1880 354 828
1880 382 862
1880 300 567
1880 433 504
1880 267 496
1880 304 670
1880 288 661
1880 66 538
1880 56 880
1880 376 511
1880 400 836
1880 285 528
1880 347 510
1880 324 760
1880 261 567
1880 239 532
1880 218 626
1900 356 836
1900 58 776
1900 368 843
1900 299 568
1900 433 445
1900 266 504
1900 303 670
1900 290 668
1900 230 723
1900 353 474
1900 434 386
1900 232 713
1900 234 725
1900 232 724
1900 398 845
1900 236 738
1900 285 528
1900 90 768
1900 349 501
1900 265 564
1900 241 533
1900 217 626
1900 381 498
1920 316 466
1920 362 828
1920 376 864
1920 300 569
1920 411 392
1920 265 503
1920 297 440
1920 103 688
1920 396 742
1920 296 663
1920 396 361
1920 413 896
1920 426 919
1920 394 544
1920 385 863
1920 464 726
1920 285 530
1920 263 573
1920 241 533
1920 218 631
1940 355 842
1940 384 864
1940 300 570
1940 236 432
1940 262 499
1940 387 268
1940 395 281
1940 307 668
1940 305 681
1940 465 856
1940 359 982
1940 356 731
1940 440 315
1940 397 831
1940 371 296
1940 286 737
1940 475 874
1940 283 528
1940 263 569
1940 239 538
1940 218 628
1940 102 581
1960 352 826
1960 387 853
1960 300 568
1960 265 503
1960 365 201
1960 304 669
1960 288 658
1960 370 208
1960 419 554
1960 251 719
1960 173 743
1960 125 380
1960 67 508
1960 431 554
1960 425 962
1960 390 848
1960 285 530
1960 300 1060
1960 88 407
1960 262 564
1960 243 534
1960 223 622
1980 355 826
1980 386 856
1980 300 569
1980 265 504
1980 306 583
1980 286 668
1980 109 282
1980 358 1037
1980 361 490
1980 339 128
1980 104 460
1980 179 485
1980 274 1167
1980 451 894
1980 396 833
1980 284 529
1980 246 1151
1980 85 415
1980 262 573
1980 239 535
1980 214 629
