1800 300 569
1800 260 502
1800 368 765
1800 308 664
1800 307 664
1800 437 827
1800 75 485
1800 36 922
1800 290 1196
1800 440 600
1800 439 825
1800 402 822
1800 284 531
1800 474 649
1800 317 809
1800 263 570
1800 290 1111
1800 240 533
1800 217 631
1820 377 853
1820 300 568
1820 429 516
1820 259 501
1820 306 665
1820 286 665
1820 350 670
1820 421 384
1820 42 885
1820 410 642
1820 455 645
1820 422 838
1820 274 856
1820 411 839
1820 224 1243
1820 282 530
1820 260 571
1820 240 534
1820 217 626
1840 352 835
1840 374 865
1840 300 570
1840 362 612
1840 260 500
1840 303 656
1840 281 665
1840 428 642
1840 54 911
1840 391 655
1840 389 857
1840 369 292
1840 285 528
1840 428 644
1840 261 564
1840 239 533
1840 317 866
1840 218 625
1840 353 834
1860 352 838
1860 374 841
1860 299 571
1860 259 502
1860 388 697
1860 309 669
1860 299 668
1860 318 189
1860 320 186
1860 76 465
1860 55 914
1860 388 689
1860 374 557
1860 400 841
1860 285 529
1860 346 493
1860 262 571
1860 241 534
1860 218 628
1880 356 825
1880 374 823
1880 300 566
1880 433 503
1880 269 497
1880 304 670
1880 285 660
1880 67 539
1880 59 876
1880 377 509
1880 400 834
1880 286 527
1880 348 510
1880 326 760
1880 262 567
1880 240 533
1880 218 626
1880 376 509
1880 66 537
1880 346 511
1900 356 835
1900 59 775
1900 363 832
1900 300 568
1900 433 445
1900 265 504
1900 304 669
1900 298 644
1900 229 724
1900 353 474
1900 434 386
1900 237 727
1900 233 722
1900 399 844
1900 475 728
1900 237 735
1900 285 528
1900 91 769
1900 349 501
1900 266 564
1900 241 532
1900 217 626
1900 381 496
1920 316 466
1920 367 824
1920 376 859
1920 300 569
1920 447 413
1920 266 502
1920 298 440
1920 104 685
1920 396 741
1920 302 662
1920 400 343
1920 394 361
1920 413 897
1920 426 919
1920 394 543
1920 387 861
1920 395 359
1920 460 723
1920 286 529
1920 263 571
1920 241 533
1920 218 631
1920 393 540
1940 356 841
1940 384 861
1940 300 570
1940 237 433
1940 262 499
1940 148 502
1940 387 268
1940 398 282
1940 307 668
1940 308 676
1940 465 857
1940 359 980
1940 357 730
1940 440 312
1940 359 982
1940 356 983
1940 398 831
1940 370 298
1940 288 735
1940 474 868
1940 284 528
1940 264 568
1940 240 538
1940 219 628
1940 103 581
1960 352 826
1960 384 852
1960 300 568
1960 265 503
1960 365 201
1960 304 669
1960 291 651
1960 370 207
1960 420 553
1960 252 720
1960 173 742
1960 124 383
1960 68 508
1960 431 553
1960 407 925
1960 429 938
1960 426 959
1960 390 848
1960 286 530
1960 302 1059
1960 89 408
1960 262 565
1960 243 533
1960 224 622
1980 246 1153
1980 356 825
1980 386 853
1980 300 568
1980 265 504
1980 313 615
1980 288 661
1980 112 299
1980 359 1035
1980 362 490
1980 340 129
1980 320 136
1980 91 427
1980 105 462
1980 180 484
1980 280 1166
1980 372 1061
1980 451 892
1980 397 830
1980 285 529
1980 247 1150
1980 85 419
1980 262 570
1980 240 534
1980 215 628
1980 372 475
