1800 389 813
1800 299 568
1800 299 1125
1800 261 499
1800 260 557
1800 377 796
1800 307 661
1800 439 823
1800 30 916
1800 236 71
1800 38 914
1800 289 1129
1800 440 821
1800 289 1137
1800 447 602
1800 391 817
1800 450 849
1800 437 826
1800 444 619
1800 308 662
1800 281 528
1800 446 840
1800 314 812
1800 25 365
1800 263 571
1800 240 531
1800 317 807
1800 218 626
1800 318 807
1820 363 835
1820 300 568
1820 356 670
1820 431 513
1820 259 499
1820 380 851
1820 305 668
1820 302 574
1820 422 845
1820 354 668
1820 420 384
1820 422 511
1820 42 887
1820 412 639
1820 226 1255
1820 426 518
1820 384 847
1820 420 842
1820 222 1230
1820 276 854
1820 453 634
1820 306 667
1820 281 527
1820 455 643
1820 86 418
1820 263 571
1820 238 533
1820 217 623
1840 378 849
1840 301 568
1840 363 609
1840 260 499
1840 259 567
1840 21 176
1840 363 288
1840 378 853
1840 301 669
1840 285 651
1840 362 611
1840 358 836
1840 61 913
1840 391 657
1840 386 849
1840 314 866
1840 407 829
1840 371 306
1840 360 502
1840 430 644
1840 295 671
1840 285 526
1840 362 612
1840 83 456
1840 261 564
1840 240 533
1840 315 866
1840 217 624
1840 315 864
1860 46 821
1860 356 831
1860 301 570
1860 375 683
1860 472 515
1860 259 500
1860 342 499
1860 388 865
1860 308 669
1860 303 645
1860 369 687
1860 321 188
1860 78 458
1860 58 919
1860 389 687
1860 389 857
1860 283 658
1860 407 826
1860 344 495
1860 478 510
1860 308 669
1860 284 527
1860 374 554
1860 362 694
1860 262 576
1860 239 533
1860 220 626
1860 345 840
1880 352 846
1880 300 560
1880 432 502
1880 275 496
1880 349 511
1880 388 863
1880 306 666
1880 292 600
1880 298 706
1880 467 433
1880 380 508
1880 311 730
1880 67 540
1880 66 527
1880 49 862
1880 432 503
1880 387 857
1880 401 831
1880 349 512
1880 305 670
1880 284 519
1880 333 753
1880 260 566
1880 240 530
1880 218 625
1880 65 528
1900 63 772
1900 352 837
1900 299 559
1900 438 441
1900 263 501
1900 230 715
1900 356 479
1900 64 649
1900 368 853
1900 306 663
1900 295 568
1900 235 726
1900 463 821
1900 429 385
1900 392 495
1900 231 689
1900 234 716
1900 477 745
1900 232 721
1900 388 859
1900 281 663
1900 465 833
1900 382 497
1900 230 711
1900 405 829
1900 355 473
1900 470 827
1900 300 665
1900 288 525
1900 94 757
1900 476 842
1900 262 567
1900 241 530
1900 217 625
1900 357 477
1920 316 463
1920 84 686
1920 370 831
1920 298 437
1920 379 861
1920 296 570
1920 298 438
1920 445 465
1920 266 501
1920 299 443
1920 182 611
1920 319 470
1920 106 677
1920 106 672
1920 365 353
1920 389 862
1920 304 661
1920 293 653
1920 415 898
1920 367 836
1920 322 471
1920 395 543
1920 33 1061
1920 180 605
1920 180 608
1920 432 496
1920 385 864
1920 425 915
1920 426 913
1920 405 857
1920 359 824
1920 399 345
1920 463 708
1920 300 660
1920 284 528
1920 332 475
1920 264 572
1920 13 608
1920 239 532
1920 219 627
1920 156 635
1940 268 467
1940 355 841
1940 300 569
1940 237 432
1940 463 296
1940 261 506
1940 129 519
1940 150 492
1940 233 427
1940 390 266
1940 423 313
1940 71 587
1940 374 295
1940 395 830
1940 310 663
1940 234 427
1940 33 260
1940 458 871
1940 360 979
1940 254 469
1940 441 293
1940 147 501
1940 291 730
1940 149 498
1940 366 979
1940 422 569
1940 383 859
1940 273 669
1940 469 876
1940 289 734
1940 402 823
1940 378 293
1940 310 668
1940 281 532
1940 466 872
1940 289 738
1940 148 498
1940 149 496
1940 359 731
1940 264 568
1940 71 591
1940 149 500
1940 237 532
1940 218 625
1940 101 584
1940 468 857
1960 9 696
1960 366 846
1960 301 568
1960 215 475
1960 441 558
1960 265 502
1960 216 473
1960 372 189
1960 64 515
1960 65 506
1960 347 213
1960 379 820
1960 305 667
1960 291 654
1960 427 936
1960 427 546
1960 71 507
1960 90 493
1960 123 381
1960 126 375
1960 66 506
1960 180 749
1960 222 627
1960 432 552
1960 388 867
1960 421 952
1960 176 739
1960 425 946
1960 413 879
1960 398 229
1960 305 667
1960 285 529
1960 318 1068
1960 90 403
1960 262 567
1960 241 529
1960 221 625
1960 411 236
1960 38 555
1980 85 752
1980 361 840
1980 300 566
1980 264 502
1980 80 412
1980 262 516
1980 74 417
1980 399 819
1980 301 648
1980 44 264
1980 451 884
1980 357 1031
1980 346 130
1980 376 485
1980 325 135
1980 77 415
1980 105 462
1980 47 266
1980 361 1042
1980 216 626
1980 249 1149
1980 277 1160
1980 395 846
1980 453 895
1980 404 1034
1980 373 480
1980 399 820
1980 364 482
1980 296 667
1980 284 527
1980 456 896
1980 76 420
1980 89 407
1980 260 574
1980 241 1151
1980 78 426
1980 237 534
1980 218 625
1980 365 479
1980 370 111
1980 84 408
