1800 300 571
1800 260 501
1800 369 769
1800 307 664
1800 436 828
1800 431 609
1800 236 56
1800 75 486
1800 36 918
1800 291 1198
1800 436 602
1800 439 826
1800 399 825
1800 285 658
1800 284 530
1800 316 810
1800 263 570
1800 289 1111
1800 240 534
1800 217 631
1820 376 846
1820 377 838
1820 299 568
1820 427 516
1820 259 501
1820 305 667
1820 290 663
1820 349 672
1820 420 384
1820 41 884
1820 409 639
1820 453 643
1820 422 837
1820 277 853
1820 393 839
1820 221 1230
1820 282 530
1820 261 570
1820 240 534
1820 217 626
1840 349 832
1840 380 854
1840 299 571
1840 259 500
1840 299 657
1840 278 670
1840 365 504
1840 427 640
1840 57 917
1840 391 655
1840 393 858
1840 369 290
1840 285 528
1840 425 641
1840 262 564
1840 239 533
1840 316 867
1840 218 626
1840 351 836
1860 350 842
1860 385 861
1860 298 572
1860 260 502
1860 387 694
1860 305 670
1860 294 664
1860 319 193
1860 342 496
1860 319 185
1860 76 464
1860 55 920
1860 387 690
1860 471 511
1860 374 555
1860 401 841
1860 285 529
1860 340 496
1860 263 567
1860 241 534
1860 218 628
1880 356 835
1880 383 862
1880 299 566
1880 433 504
1880 271 497
1880 301 672
1880 274 670
1880 379 513
1880 66 536
1880 62 875
1880 377 509
1880 403 830
1880 285 527
1880 347 512
1880 325 761
1880 261 566
1880 239 533
1880 218 626
1880 377 508
1880 67 539
1900 354 834
1900 60 773
1900 379 859
1900 299 567
1900 432 447
1900 265 504
1900 302 669
1900 288 621
1900 355 473
1900 434 386
1900 354 838
1900 234 724
1900 234 716
1900 233 726
1900 402 833
1900 476 723
1900 235 733
1900 286 527
1900 90 768
1900 347 509
1900 354 474
1900 265 564
1900 241 533
1900 217 626
1900 383 493
1920 315 467
1920 360 831
1920 372 863
1920 300 568
1920 410 367
1920 265 502
1920 296 442
1920 102 686
1920 395 743
1920 300 661
1920 399 344
1920 381 861
1920 377 369
1920 431 915
1920 426 918
1920 394 543
1920 387 864
1920 396 364
1920 462 709
1920 285 529
1920 326 470
1920 263 569
1920 14 626
1920 242 533
1920 218 631
1940 356 841
1940 389 851
1940 300 570
1940 237 433
1940 263 511
1940 149 502
1940 388 267
1940 419 319
1940 307 670
1940 307 678
1940 465 858
1940 360 979
1940 358 730
1940 437 317
1940 130 518
1940 421 569
1940 357 980
1940 398 831
1940 372 295
1940 285 745
1940 473 865
1940 283 528
1940 263 568
1940 240 540
1940 219 628
1940 103 581
1960 352 825
1960 387 855
1960 301 568
1960 265 503
1960 366 199
1960 303 669
1960 291 661
1960 334 1066
1960 368 205
1960 420 553
1960 177 748
1960 384 862
1960 123 383
1960 67 507
1960 427 551
1960 417 938
1960 428 950
1960 425 957
1960 391 850
1960 287 529
1960 301 1059
1960 88 406
1960 263 561
1960 242 534
1960 223 619
1980 355 826
1980 88 755
1980 381 1043
1980 300 568
1980 265 503
1980 287 662
1980 107 277
1980 359 1038
1980 363 489
1980 338 124
1980 92 428
1980 106 464
1980 390 850
1980 178 484
1980 274 1265
1980 280 1163
1980 402 1026
1980 451 896
1980 362 490
1980 399 830
1980 284 529
1980 371 474
1980 247 1150
1980 83 421
1980 262 572
1980 240 533
1980 214 628
1980 372 474
