1800 300 570
1800 79 486
1800 260 502
1800 307 659
1800 439 824
1800 301 648
1800 77 485
1800 40 918
1800 288 1127
1800 294 1131
1800 369 760
1800 296 1140
1800 425 613
1800 391 814
1800 32 912
1800 401 827
1800 428 822
1800 282 533
1800 30 392
1800 269 569
1800 240 531
1800 219 632
1800 31 902
1820 300 569
1820 362 681
1820 431 513
1820 260 501
1820 304 668
1820 450 649
1820 280 677
1820 431 398
1820 39 905
1820 414 634
1820 357 836
1820 380 836
1820 222 1233
1820 38 883
1820 417 834
1820 308 666
1820 222 1268
1820 425 850
1820 285 527
1820 284 859
1820 87 418
1820 263 569
1820 239 533
1820 220 621
1840 300 570
1840 360 621
1840 260 503
1840 374 305
1840 318 670
1840 277 672
1840 82 456
1840 56 915
1840 418 647
1840 366 837
1840 374 846
1840 359 603
1840 407 822
1840 373 301
1840 358 601
1840 416 828
1840 288 525
1840 418 645
1840 266 570
1840 240 534
1840 219 627
1840 463 1090
1860 304 568
1860 363 697
1860 472 523
1860 260 504
1860 371 683
1860 327 675
1860 279 671
1860 321 191
1860 372 554
1860 79 458
1860 58 930
1860 384 841
1860 349 831
1860 387 851
1860 398 833
1860 309 667
1860 285 529
1860 372 555
1860 264 566
1860 241 533
1860 220 627
1860 336 499
1880 302 566
1880 429 498
1880 277 496
1880 326 645
1880 378 508
1880 279 660
1880 469 435
1880 321 764
1880 24 542
1880 45 869
1880 468 432
1880 350 831
1880 387 851
1880 46 868
1880 402 817
1880 286 523
1880 32 393
1880 260 573
1880 240 531
1880 223 624
1880 42 871
1880 348 509
1900 232 673
1900 89 753
1900 335 513
1900 301 566
1900 441 425
1900 265 506
1900 305 666
1900 243 712
1900 462 820
1900 373 488
1900 275 682
1900 441 387
1900 237 670
1900 44 992
1900 398 825
1900 340 862
1900 380 858
1900 401 825
1900 279 685
1900 250 713
1900 458 824
1900 296 531
1900 37 393
1900 264 563
1900 66 652
1900 242 531
1900 221 629
1900 96 752
1900 344 475
1920 176 608
1920 301 565
1920 454 441
1920 267 504
1920 295 440
1920 410 341
1920 298 584
1920 453 701
1920 397 543
1920 268 723
1920 419 406
1920 107 679
1920 298 441
1920 36 1009
1920 369 826
1920 360 822
1920 421 912
1920 296 440
1920 378 851
1920 400 374
1920 406 843
1920 294 542
1920 454 711
1920 265 567
1920 34 753
1920 244 536
1920 219 630
1920 105 680
1940 378 860
1940 301 571
1940 361 730
1940 260 499
1940 131 527
1940 415 294
1940 370 289
1940 359 734
1940 311 661
1940 30 268
1940 457 873
1940 308 684
1940 441 328
1940 279 668
1940 411 286
1940 466 287
1940 310 680
1940 287 721
1940 9 600
1940 152 510
1940 419 575
1940 355 823
1940 376 858
1940 400 815
1940 353 290
1940 451 868
1940 285 531
1940 475 892
1940 31 448
1940 267 561
1940 72 592
1940 244 544
1940 219 624
1940 390 265
1940 100 585
1960 301 571
1960 426 543
1960 266 503
1960 392 198
1960 374 178
1960 304 668
1960 88 408
1960 443 563
1960 285 666
1960 347 211
1960 65 504
1960 215 477
1960 295 1070
1960 379 807
1960 425 542
1960 348 835
1960 416 946
1960 382 853
1960 404 824
1960 285 528
1960 74 418
1960 265 560
1960 241 529
1960 219 625
1960 370 176
1980 354 1033
1980 302 568
1980 173 487
1980 385 1075
1980 264 506
1980 129 464
1980 328 121
1980 334 125
1980 300 662
1980 84 290
1980 382 491
1980 277 661
1980 379 1033
1980 158 722
1980 92 425
1980 68 429
1980 260 1171
1980 269 1175
1980 245 1158
1980 353 831
1980 444 1025
1980 406 1037
1980 386 854
1980 255 1156
1980 399 823
1980 248 1152
1980 453 886
1980 286 524
1980 476 943
1980 66 427
1980 262 574
1980 241 534
1980 226 629
1980 456 1061
