1800 382 775
1800 300 570
1800 185 1306
1800 288 1123
1800 260 501
1800 307 663
1800 440 610
1800 314 813
1800 434 608
1800 239 80
1800 36 910
1800 283 1131
1800 445 607
1800 400 829
1800 424 817
1800 294 683
1800 439 826
1800 283 536
1800 452 855
1800 318 815
1800 286 1130
1800 262 572
1800 239 531
1800 218 630
1800 458 957
1820 370 843
1820 301 571
1820 219 1241
1820 352 668
1820 432 517
1820 259 501
1820 270 856
1820 305 667
1820 415 645
1820 420 385
1820 443 636
1820 222 76
1820 36 889
1820 225 1260
1820 457 637
1820 368 850
1820 418 844
1820 219 1232
1820 421 836
1820 223 1235
1820 458 640
1820 283 531
1820 433 866
1820 354 844
1820 84 420
1820 260 571
1820 238 532
1820 217 627
1840 318 863
1840 373 853
1840 300 570
1840 362 624
1840 260 501
1840 363 502
1840 305 644
1840 281 676
1840 428 644
1840 365 503
1840 310 869
1840 412 650
1840 78 458
1840 59 916
1840 448 628
1840 370 855
1840 363 287
1840 409 833
1840 288 667
1840 361 502
1840 286 528
1840 363 626
1840 336 875
1840 257 562
1840 239 533
1840 218 626
1860 373 850
1860 300 571
1860 368 690
1860 471 522
1860 259 503
1860 343 500
1860 308 669
1860 290 682
1860 465 738
1860 317 187
1860 372 554
1860 76 462
1860 54 918
1860 376 690
1860 475 523
1860 356 834
1860 402 827
1860 301 673
1860 373 558
1860 471 513
1860 285 529
1860 467 651
1860 370 557
1860 347 837
1860 78 461
1860 261 569
1860 239 532
1860 219 630
1880 369 847
1880 301 568
1880 432 505
1880 269 496
1880 351 513
1880 297 670
1880 469 436
1880 381 516
1880 465 436
1880 379 508
1880 45 861
1880 467 437
1880 349 834
1880 399 830
1880 309 745
1880 378 509
1880 466 441
1880 283 523
1880 330 756
1880 255 558
1880 238 533
1880 217 625
1880 465 1114
1900 377 843
1900 233 726
1900 302 566
1900 440 452
1900 261 499
1900 344 494
1900 305 665
1900 281 678
1900 384 499
1900 439 387
1900 360 498
1900 53 944
1900 458 403
1900 229 722
1900 475 543
1900 236 736
1900 349 828
1900 432 438
1900 403 826
1900 356 482
1900 461 828
1900 288 527
1900 59 821
1900 474 818
1900 344 512
1900 260 559
1900 240 529
1900 217 626
1900 59 647
1920 371 851
1920 301 567
1920 388 739
1920 432 460
1920 265 503
1920 182 618
1920 336 490
1920 109 677
1920 294 605
1920 285 664
1920 39 255
1920 453 712
1920 393 540
1920 180 614
1920 393 543
1920 39 264
1920 24 1033
1920 180 613
1920 428 546
1920 364 849
1920 428 912
1920 314 466
1920 415 896
1920 384 373
1920 401 359
1920 408 855
1920 401 340
1920 458 708
1920 285 530
1920 406 880
1920 305 474
1920 349 839
1920 266 587
1920 239 534
1920 217 630
1920 106 676
1920 181 616
1940 150 501
1940 375 866
1940 300 570
1940 362 737
1940 462 290
1940 263 495
1940 129 526
1940 148 503
1940 391 271
1940 457 298
1940 73 592
1940 238 439
1940 306 670
1940 41 266
1940 420 575
1940 367 978
1940 447 289
1940 437 332
1940 282 724
1940 104 593
1940 423 569
1940 348 824
1940 373 993
1940 353 298
1940 395 283
1940 396 827
1940 390 266
1940 290 718
1940 465 864
1940 278 535
1940 471 870
1940 135 513
1940 357 742
1940 43 438
1940 263 579
1940 73 605
1940 150 505
1940 238 534
1940 218 628
1940 103 590
1960 374 854
1960 302 569
1960 310 1075
1960 264 503
1960 365 204
1960 429 237
1960 369 204
1960 294 643
1960 122 386
1960 428 548
1960 424 569
1960 67 521
1960 123 386
1960 215 477
1960 312 1053
1960 161 756
1960 449 190
1960 430 550
1960 375 853
1960 429 962
1960 394 812
1960 284 530
1960 165 442
1960 341 858
1960 294 1057
1960 89 404
1960 262 570
1960 229 534
1960 219 626
1960 385 225
1960 261 736
1980 382 853
1980 301 569
1980 264 504
1980 356 140
1980 362 492
1980 339 129
1980 300 568
1980 283 667
1980 83 286
1980 377 488
1980 359 1022
1980 316 136
1980 385 489
1980 321 136
1980 107 465
1980 59 451
1980 330 1115
1980 260 1176
1980 355 833
1980 243 1161
1980 399 816
1980 349 1019
1980 362 494
1980 459 898
1980 284 527
1980 458 895
1980 176 488
1980 97 426
1980 346 842
1980 86 408
1980 261 570
1980 240 1160
1980 238 534
1980 216 626
1980 391 113
