1800 378 768
1800 300 570
1800 335 1175
1800 260 500
1800 256 67
1800 307 663
1800 310 661
1800 467 632
1800 316 813
1800 284 662
1800 318 812
1800 75 489
1800 34 921
1800 289 1151
1800 295 1184
1800 291 1192
1800 459 627
1800 400 826
1800 449 836
1800 420 816
1800 427 812
1800 301 680
1800 441 822
1800 280 535
1800 469 696
1800 284 1140
1800 264 580
1800 240 531
1800 216 627
1820 278 854
1820 421 849
1820 301 569
1820 353 667
1820 333 1138
1820 432 512
1820 259 500
1820 306 668
1820 305 665
1820 418 629
1820 420 384
1820 414 639
1820 280 666
1820 278 859
1820 37 903
1820 355 666
1820 431 510
1820 381 838
1820 422 847
1820 221 1251
1820 419 835
1820 221 1231
1820 298 680
1820 437 950
1820 282 524
1820 412 647
1820 84 419
1820 263 574
1820 239 533
1820 216 624
1820 466 1068
1840 404 865
1840 300 569
1840 362 623
1840 341 1240
1840 260 500
1840 365 290
1840 363 501
1840 301 667
1840 285 674
1840 418 644
1840 361 500
1840 315 866
1840 392 657
1840 280 671
1840 79 458
1840 59 917
1840 363 614
1840 375 857
1840 409 841
1840 323 865
1840 366 289
1840 409 828
1840 402 868
1840 285 682
1840 363 615
1840 286 527
1840 430 644
1840 364 615
1840 81 454
1840 261 575
1840 240 533
1840 216 626
1840 363 610
1860 390 865
1860 301 570
1860 373 687
1860 370 1196
1860 473 519
1860 260 501
1860 343 497
1860 307 667
1860 308 665
1860 312 179
1860 374 555
1860 282 664
1860 75 463
1860 53 919
1860 374 687
1860 374 859
1860 395 855
1860 404 828
1860 293 686
1860 374 557
1860 466 915
1860 284 529
1860 373 551
1860 77 458
1860 262 574
1860 241 531
1860 218 629
1880 406 839
1880 301 564
1880 431 502
1880 268 494
1880 380 509
1880 302 667
1880 302 665
1880 465 580
1880 381 509
1880 468 431
1880 431 500
1880 281 667
1880 65 534
1880 46 867
1880 431 501
1880 374 859
1880 399 853
1880 405 822
1880 308 736
1880 350 512
1880 285 523
1880 470 451
1880 350 515
1880 335 754
1880 263 577
1880 64 532
1880 239 532
1880 217 624
1880 320 701
1900 235 720
1900 87 765
1900 380 853
1900 233 713
1900 302 563
1900 343 1176
1900 440 446
1900 259 497
1900 348 474
1900 306 665
1900 310 668
1900 478 744
1900 375 498
1900 431 385
1900 33 933
1900 439 379
1900 240 730
1900 353 840
1900 465 825
1900 396 862
1900 428 420
1900 406 826
1900 286 686
1900 351 511
1900 460 825
1900 288 528
1900 479 745
1900 346 504
1900 265 576
1900 242 531
1900 216 625
1900 234 743
1900 455 1132
1920 370 823
1920 302 567
1920 439 433
1920 266 502
1920 196 617
1920 329 478
1920 451 301
1920 104 676
1920 304 667
1920 307 657
1920 28 257
1920 455 702
1920 179 619
1920 323 474
1920 396 544
1920 40 250
1920 179 607
1920 400 339
1920 464 664
1920 372 862
1920 422 920
1920 314 464
1920 406 887
1920 415 409
1920 381 371
1920 409 863
1920 400 341
1920 284 529
1920 459 711
1920 313 483
1920 269 599
1920 239 531
1920 217 628
1920 104 680
1940 396 824
1940 300 569
1940 357 729
1940 465 285
1940 261 473
1940 128 524
1940 144 496
1940 357 294
1940 394 286
1940 395 270
1940 101 591
1940 237 434
1940 306 669
1940 34 275
1940 371 962
1940 457 295
1940 126 514
1940 282 671
1940 100 592
1940 396 270
1940 423 565
1940 355 855
1940 375 970
1940 359 300
1940 389 328
1940 403 826
1940 365 979
1940 374 294
1940 295 715
1940 457 871
1940 281 534
1940 475 888
1940 127 523
1940 143 494
1940 363 729
1940 36 427
1940 266 585
1940 57 583
1940 238 532
1940 215 625
1940 464 1116
1960 388 837
1960 301 569
1960 250 732
1960 338 1192
1960 265 502
1960 129 384
1960 220 626
1960 334 207
1960 420 238
1960 369 203
1960 304 669
1960 430 959
1960 339 201
1960 282 670
1960 63 513
1960 249 729
1960 121 384
1960 61 513
1960 214 475
1960 307 1079
1960 179 747
1960 272 1224
1960 453 175
1960 427 545
1960 380 853
1960 431 950
1960 428 947
1960 430 915
1960 415 964
1960 388 223
1960 285 529
1960 297 1053
1960 89 407
1960 264 576
1960 59 527
1960 242 530
1960 220 626
1960 380 191
1960 256 732
1980 401 826
1980 385 1054
1980 301 567
1980 175 485
1980 336 1146
1980 264 503
1980 101 465
1980 361 490
1980 331 142
1980 301 664
1980 107 277
1980 372 472
1980 401 1045
1980 310 120
1980 108 462
1980 280 664
1980 25 469
1980 269 1195
1980 271 1165
1980 479 685
1980 369 852
1980 457 892
1980 396 850
1980 244 1156
1980 400 822
1980 358 1036
1980 244 1160
1980 454 890
1980 283 525
1980 104 461
1980 76 414
1980 264 575
1980 241 534
1980 217 625
1980 390 105
1980 462 1088
