1800 309 661
1800 382 783
1800 301 569
1800 313 1165
1800 261 500
1800 377 782
1800 308 662
1800 469 630
1800 316 811
1800 430 612
1800 247 45
1800 233 52
1800 78 484
1800 40 918
1800 292 1136
1800 288 1120
1800 429 612
1800 372 773
1800 424 813
1800 440 823
1800 285 532
1800 32 918
1800 476 656
1800 288 1126
1800 21 361
1800 267 558
1800 242 530
1800 218 630
1820 308 666
1820 378 840
1820 301 570
1820 355 667
1820 261 499
1820 279 860
1820 306 666
1820 421 630
1820 419 384
1820 410 631
1820 41 887
1820 281 861
1820 453 634
1820 381 834
1820 225 1251
1820 417 833
1820 225 1254
1820 427 844
1820 285 528
1820 36 898
1820 460 643
1820 85 420
1820 262 568
1820 240 533
1820 218 626
1820 280 665
1840 377 853
1840 301 570
1840 261 500
1840 322 648
1840 290 669
1840 420 645
1840 363 500
1840 354 833
1840 394 658
1840 83 457
1840 71 934
1840 430 644
1840 376 852
1840 369 290
1840 410 827
1840 396 345
1840 364 615
1840 291 524
1840 432 644
1840 263 557
1840 242 532
1840 220 627
1840 378 80
1840 288 676
1860 376 849
1860 302 571
1860 373 685
1860 471 516
1860 261 501
1860 313 178
1860 323 188
1860 357 701
1860 401 846
1860 320 187
1860 388 686
1860 80 457
1860 55 919
1860 374 686
1860 472 514
1860 382 861
1860 320 184
1860 402 823
1860 374 557
1860 288 528
1860 375 557
1860 267 564
1860 246 526
1860 220 631
1860 315 180
1880 307 665
1880 383 886
1880 302 565
1880 464 438
1880 276 498
1880 306 667
1880 462 445
1880 382 510
1880 339 748
1880 310 671
1880 273 662
1880 48 864
1880 469 454
1880 368 800
1880 409 827
1880 289 522
1880 477 447
1880 353 510
1880 338 749
1880 264 560
1880 309 668
1880 66 529
1880 241 531
1880 221 625
1880 310 669
1900 306 664
1900 389 852
1900 306 581
1900 443 444
1900 264 500
1900 346 471
1900 308 666
1900 379 496
1900 437 387
1900 353 831
1900 433 388
1900 408 824
1900 462 827
1900 292 527
1900 478 742
1900 358 491
1900 267 561
1900 245 532
1900 220 627
1920 183 605
1920 380 833
1920 306 569
1920 397 543
1920 442 442
1920 267 503
1920 371 833
1920 298 437
1920 305 665
1920 455 702
1920 335 474
1920 415 350
1920 93 686
1920 39 260
1920 183 604
1920 457 707
1920 376 858
1920 421 896
1920 387 866
1920 402 338
1920 415 826
1920 400 339
1920 291 527
1920 316 464
1920 411 380
1920 274 589
1920 240 531
1920 220 632
1920 109 672
1940 386 865
1940 301 569
1940 461 283
1940 266 476
1940 134 525
1940 374 294
1940 410 319
1940 239 436
1940 309 665
1940 402 276
1940 365 726
1940 449 280
1940 296 728
1940 73 584
1940 46 269
1940 424 565
1940 385 856
1940 269 467
1940 367 968
1940 377 293
1940 398 271
1940 404 814
1940 371 940
1940 388 278
1940 304 687
1940 284 529
1940 476 878
1940 146 496
1940 146 495
1940 271 564
1940 310 668
1940 72 582
1940 243 530
1940 217 626
1940 72 587
1940 283 664
1960 306 667
1960 389 839
1960 302 570
1960 266 502
1960 125 380
1960 216 475
1960 350 214
1960 441 172
1960 49 259
1960 335 200
1960 366 200
1960 387 833
1960 332 199
1960 122 383
1960 67 504
1960 214 475
1960 312 1049
1960 404 234
1960 427 546
1960 379 836
1960 420 953
1960 401 252
1960 428 937
1960 327 1068
1960 47 264
1960 287 529
1960 304 1060
1960 268 563
1960 241 529
1960 48 263
1960 222 624
1960 380 213
1960 374 203
1960 281 679
1980 300 662
1980 392 852
1980 302 568
1980 177 485
1980 265 504
1980 88 433
1980 308 121
1980 362 492
1980 51 287
1980 302 119
1980 306 594
1980 300 667
1980 47 294
1980 375 488
1980 352 832
1980 318 133
1980 109 459
1980 278 665
1980 49 447
1980 87 414
1980 277 1184
1980 262 1169
1980 396 826
1980 398 1039
1980 371 1039
1980 244 1163
1980 354 119
1980 400 819
1980 357 1025
1980 314 127
1980 453 898
1980 286 526
1980 478 905
1980 81 411
1980 265 561
1980 243 533
1980 220 625
1980 401 76
1980 108 277
