1800 388 811
1800 299 568
1800 289 1138
1800 475 163
1800 260 501
1800 369 763
1800 306 659
1800 292 668
1800 453 624
1800 390 816
1800 28 901
1800 280 659
1800 229 59
1800 73 487
1800 32 911
1800 287 1144
1800 428 613
1800 388 816
1800 469 882
1800 398 830
1800 281 533
1800 441 835
1800 262 571
1800 239 533
1800 217 631
1800 317 810
1820 356 835
1820 299 569
1820 351 672
1820 465 452
1820 258 502
1820 304 663
1820 288 677
1820 408 640
1820 379 847
1820 351 669
1820 419 384
1820 35 892
1820 453 634
1820 419 828
1820 414 838
1820 221 1228
1820 224 33
1820 282 529
1820 411 646
1820 263 577
1820 237 535
1820 217 628
1820 378 841
1840 365 841
1840 299 569
1840 360 621
1840 258 501
1840 301 667
1840 279 672
1840 416 642
1840 352 836
1840 278 675
1840 77 462
1840 59 908
1840 391 658
1840 416 647
1840 382 851
1840 403 829
1840 365 292
1840 360 501
1840 285 528
1840 422 658
1840 258 572
1840 240 534
1840 217 626
1840 313 865
1860 344 842
1860 298 571
1860 371 684
1860 473 517
1860 258 503
1860 340 501
1860 302 671
1860 279 702
1860 356 842
1860 355 698
1860 318 186
1860 76 462
1860 53 911
1860 381 691
1860 393 842
1860 398 831
1860 340 497
1860 283 530
1860 467 908
1860 360 693
1860 262 567
1860 240 536
1860 219 631
1860 360 821
1880 344 845
1880 298 559
1880 468 437
1880 268 496
1880 347 513
1880 296 671
1880 280 678
1880 112 328
1880 470 431
1880 384 857
1880 470 435
1880 378 509
1880 63 531
1880 46 861
1880 467 439
1880 397 833
1880 400 831
1880 344 516
1880 281 518
1880 332 752
1880 259 564
1880 239 532
1880 218 627
1900 68 768
1900 343 847
1900 297 569
1900 436 455
1900 262 502
1900 347 510
1900 303 664
1900 277 711
1900 479 748
1900 404 833
1900 432 386
1900 374 492
1900 280 674
1900 235 690
1900 479 748
1900 390 853
1900 380 500
1900 229 714
1900 398 837
1900 347 509
1900 286 527
1900 84 738
1900 473 828
1900 259 566
1900 241 533
1900 217 628
1900 384 859
1920 80 692
1920 352 830
1920 298 448
1920 300 567
1920 298 440
1920 444 440
1920 265 502
1920 177 609
1920 309 460
1920 398 343
1920 103 683
1920 363 365
1920 386 747
1920 289 659
1920 458 707
1920 362 834
1920 397 343
1920 394 543
1920 176 605
1920 392 548
1920 382 860
1920 410 897
1920 313 462
1920 424 914
1920 379 366
1920 400 846
1920 376 366
1920 394 545
1920 219 35
1920 459 707
1920 281 530
1920 107 682
1920 262 579
1920 242 537
1920 158 646
1920 217 629
1920 155 640
1940 352 842
1940 298 570
1940 266 470
1940 263 491
1940 128 527
1940 147 496
1940 231 430
1940 454 297
1940 71 590
1940 308 668
1940 291 703
1940 357 980
1940 399 277
1940 290 734
1940 140 512
1940 147 496
1940 421 570
1940 383 863
1940 358 982
1940 396 826
1940 360 979
1940 357 295
1940 476 906
1940 274 531
1940 462 861
1940 298 570
1940 355 732
1940 261 574
1940 71 600
1940 241 541
1940 217 629
1940 455 295
1940 100 587
1960 363 846
1960 300 568
1960 215 478
1960 264 503
1960 123 379
1960 366 177
1960 409 816
1960 302 667
1960 299 669
1960 371 856
1960 366 203
1960 282 677
1960 89 407
1960 119 378
1960 197 750
1960 65 507
1960 300 1067
1960 431 165
1960 425 550
1960 385 859
1960 418 949
1960 424 958
1960 413 959
1960 263 733
1960 395 858
1960 284 531
1960 299 1066
1960 302 1077
1960 89 404
1960 262 567
1960 234 532
1960 220 624
1960 369 212
1980 85 750
1980 357 841
1980 298 567
1980 265 503
1980 178 487
1980 359 488
1980 294 581
1980 279 669
1980 82 280
1980 350 847
1980 143 722
1980 332 115
1980 358 486
1980 319 119
1980 87 432
1980 357 1033
1980 354 1037
1980 246 1148
1980 253 1156
1980 394 836
1980 368 1054
1980 361 488
1980 398 826
1980 282 531
1980 455 906
1980 176 752
1980 254 1158
1980 82 408
1980 260 577
1980 239 538
1980 216 628
1980 359 486
1980 351 836
1980 337 112
