1800 389 813
1800 299 569
1800 286 1120
1800 260 501
1800 369 773
1800 305 661
1800 305 660
1800 437 825
1800 433 609
1800 238 65
1800 76 485
1800 38 919
1800 285 1116
1800 290 1158
1800 445 605
1800 440 826
1800 400 827
1800 279 531
1800 317 811
1800 262 570
1800 239 533
1800 317 808
1800 216 630
1820 379 848
1820 299 569
1820 427 516
1820 259 500
1820 303 666
1820 415 836
1820 348 682
1820 418 383
1820 221 1230
1820 41 886
1820 453 637
1820 421 842
1820 415 833
1820 222 1243
1820 276 851
1820 278 664
1820 279 528
1820 411 648
1820 262 572
1820 239 534
1820 276 853
1820 217 627
1840 378 853
1840 300 569
1840 363 614
1840 260 500
1840 299 671
1840 297 673
1840 80 456
1840 56 912
1840 389 656
1840 388 863
1840 360 501
1840 384 856
1840 369 312
1840 284 528
1840 259 570
1840 240 534
1840 315 866
1840 217 626
1840 316 865
1860 384 858
1860 299 571
1860 475 510
1860 259 502
1860 388 697
1860 319 679
1860 305 666
1860 359 694
1860 318 189
1860 76 460
1860 58 921
1860 388 687
1860 371 553
1860 402 832
1860 281 648
1860 284 529
1860 265 566
1860 240 534
1860 218 629
1860 353 830
1880 333 757
1880 382 857
1880 299 561
1880 432 504
1880 267 495
1880 297 675
1880 302 667
1880 309 723
1880 332 755
1880 65 535
1880 51 869
1880 379 513
1880 401 833
1880 279 522
1880 330 755
1880 260 573
1880 239 534
1880 217 625
1880 378 512
1880 66 536
1900 58 776
1900 383 861
1900 298 567
1900 431 437
1900 260 498
1900 300 664
1900 351 475
1900 432 387
1900 226 718
1900 228 682
1900 461 824
1900 377 493
1900 228 706
1900 400 834
1900 472 822
1900 270 659
1900 228 717
1900 284 531
1900 89 759
1900 390 494
1900 262 569
1900 241 533
1900 217 627
1900 378 495
1920 296 437
1920 95 692
1920 383 855
1920 302 567
1920 430 515
1920 266 502
1920 179 610
1920 313 464
1920 107 675
1920 394 747
1920 300 663
1920 331 478
1920 400 348
1920 177 604
1920 401 348
1920 404 900
1920 411 897
1920 395 542
1920 386 857
1920 456 713
1920 278 526
1920 100 682
1920 263 569
1920 19 695
1920 241 534
1920 107 678
1920 218 629
1920 394 543
1920 157 642
1940 353 733
1940 380 865
1940 299 569
1940 234 431
1940 260 500
1940 128 521
1940 147 495
1940 389 269
1940 402 307
1940 307 672
1940 301 694
1940 466 860
1940 360 980
1940 264 466
1940 356 732
1940 422 312
1940 424 569
1940 363 976
1940 422 570
1940 362 976
1940 457 876
1940 398 829
1940 372 302
1940 475 877
1940 279 670
1940 277 533
1940 262 570
1940 72 594
1940 240 537
1940 218 628
1940 101 581
1960 386 861
1960 301 568
1960 265 502
1960 158 441
1960 365 201
1960 301 668
1960 46 261
1960 441 227
1960 367 205
1960 422 554
1960 89 407
1960 251 727
1960 88 498
1960 124 388
1960 66 506
1960 430 552
1960 178 750
1960 429 950
1960 423 965
1960 388 856
1960 215 476
1960 277 677
1960 282 530
1960 158 443
1960 300 1059
1960 89 405
1960 262 566
1960 241 530
1960 223 624
1960 419 238
1960 73 524
1980 244 1152
1980 353 824
1980 85 752
1980 391 854
1980 372 1049
1980 300 568
1980 177 485
1980 265 503
1980 178 484
1980 298 668
1980 81 273
1980 452 887
1980 358 1031
1980 166 726
1980 340 128
1980 99 452
1980 104 463
1980 177 485
1980 265 1226
1980 276 1167
1980 452 890
1980 404 1032
1980 363 490
1980 398 823
1980 465 904
1980 273 661
1980 281 531
1980 99 758
1980 158 721
1980 366 483
1980 77 418
1980 261 577
1980 244 1150
1980 239 535
1980 215 628
1980 374 484
