1800 371 762
1800 300 569
1800 297 1139
1800 259 500
1800 305 659
1800 296 660
1800 429 614
1800 371 761
1800 77 485
1800 233 60
1800 77 485
1800 34 913
1800 288 1126
1800 293 1141
1800 429 610
1800 392 824
1800 275 662
1800 418 813
1800 390 818
1800 318 812
1800 439 818
1800 282 532
1800 474 617
1800 316 808
1800 285 1119
1800 262 572
1800 239 533
1800 216 629
1820 370 844
1820 300 568
1820 351 671
1820 433 397
1820 257 501
1820 303 664
1820 289 673
1820 410 642
1820 354 670
1820 421 384
1820 277 671
1820 39 882
1820 454 634
1820 392 843
1820 277 667
1820 418 832
1820 363 845
1820 222 1231
1820 280 530
1820 416 654
1820 380 845
1820 88 416
1820 259 580
1820 235 535
1820 275 852
1820 216 625
1840 372 849
1840 300 569
1840 390 657
1840 259 502
1840 364 508
1840 306 655
1840 280 670
1840 416 650
1840 354 839
1840 276 678
1840 30 389
1840 60 913
1840 391 656
1840 430 644
1840 405 847
1840 275 666
1840 402 832
1840 359 834
1840 313 866
1840 244 32
1840 286 530
1840 423 650
1840 343 858
1840 257 565
1840 240 533
1840 216 625
1860 348 833
1860 299 571
1860 363 691
1860 477 505
1860 258 502
1860 341 501
1860 307 669
1860 301 669
1860 346 841
1860 367 689
1860 314 189
1860 282 674
1860 77 459
1860 77 460
1860 56 917
1860 344 506
1860 397 832
1860 403 827
1860 344 849
1860 374 558
1860 284 530
1860 470 500
1860 347 839
1860 261 574
1860 240 535
1860 218 630
1880 385 854
1880 300 563
1880 442 512
1880 271 493
1880 378 514
1880 291 576
1880 286 676
1880 466 439
1880 306 735
1880 331 756
1880 432 500
1880 280 663
1880 283 89
1880 50 862
1880 468 437
1880 399 831
1880 276 664
1880 402 828
1880 345 827
1880 352 511
1880 284 526
1880 470 440
1880 334 755
1880 259 570
1880 70 525
1880 238 532
1880 217 625
1880 66 526
1900 345 845
1900 229 718
1900 299 567
1900 440 459
1900 258 497
1900 354 479
1900 308 664
1900 296 673
1900 459 408
1900 353 843
1900 436 386
1900 391 495
1900 281 669
1900 241 694
1900 229 702
1900 399 832
1900 282 674
1900 440 385
1900 233 724
1900 403 828
1900 352 839
1900 233 687
1900 354 494
1900 285 532
1900 88 763
1900 478 750
1900 342 517
1900 356 825
1900 262 572
1900 241 532
1900 240 699
1900 218 626
1900 463 822
1920 87 690
1920 376 829
1920 302 565
1920 298 438
1920 440 440
1920 265 503
1920 180 611
1920 107 675
1920 300 587
1920 291 664
1920 30 252
1920 455 708
1920 361 844
1920 317 468
1920 395 541
1920 44 253
1920 176 606
1920 395 542
1920 443 578
1920 383 864
1920 423 922
1920 300 448
1920 433 921
1920 278 661
1920 401 354
1920 406 866
1920 369 852
1920 374 369
1920 181 610
1920 395 542
1920 280 529
1920 87 683
1920 457 721
1920 366 829
1920 263 571
1920 239 533
1920 157 634
1920 218 629
1920 180 609
1940 267 464
1940 347 736
1940 368 961
1940 300 569
1940 361 730
1940 460 292
1940 263 473
1940 128 524
1940 149 504
1940 234 428
1940 389 268
1940 453 290
1940 72 590
1940 346 281
1940 307 667
1940 291 673
1940 423 571
1940 371 945
1940 354 734
1940 423 312
1940 129 519
1940 278 671
1940 275 678
1940 140 506
1940 423 569
1940 396 825
1940 467 863
1940 278 665
1940 395 280
1940 400 823
1940 350 843
1940 373 295
1940 470 856
1940 276 534
1940 478 884
1940 147 496
1940 353 732
1940 265 568
1940 72 587
1940 130 509
1940 238 533
1940 216 624
1940 102 583
1940 466 859
1960 200 748
1960 373 806
1960 324 1071
1960 301 567
1960 214 476
1960 264 502
1960 215 475
1960 370 208
1960 423 262
1960 304 668
1960 301 671
1960 427 551
1960 370 207
1960 90 407
1960 123 381
1960 66 504
1960 216 475
1960 428 550
1960 397 830
1960 182 749
1960 426 956
1960 177 741
1960 425 955
1960 398 813
1960 346 855
1960 236 697
1960 283 530
1960 351 827
1960 312 1046
1960 90 405
1960 263 564
1960 215 475
1960 220 625
1960 426 190
1960 439 953
1980 350 834
1980 372 1050
1980 301 567
1980 264 503
1980 72 419
1980 359 490
1980 298 562
1980 280 665
1980 85 285
1980 128 720
1980 325 119
1980 373 471
1980 328 162
1980 92 424
1980 84 420
1980 361 1030
1980 271 1164
1980 399 817
1980 405 1041
1980 276 662
1980 399 812
1980 363 1007
1980 454 888
1980 283 524
1980 354 830
1980 87 407
1980 260 569
1980 239 535
1980 221 629
1980 365 106
