1800 300 570
1800 259 502
1800 368 768
1800 308 664
1800 436 827
1800 75 485
1800 36 924
1800 438 601
1800 439 825
1800 402 822
1800 284 531
1800 317 810
1800 262 570
1800 290 1111
1800 240 534
1800 216 632
1820 380 850
1820 300 568
1820 427 519
1820 259 501
1820 305 664
1820 284 665
1820 350 668
1820 421 384
1820 42 886
1820 410 644
1820 455 647
1820 424 837
1820 274 859
1820 408 842
1820 223 1236
1820 281 530
1820 260 571
1820 240 534
1820 217 626
1840 351 834
1840 381 851
1840 299 570
1840 362 613
1840 259 501
1840 302 657
1840 278 662
1840 55 909
1840 391 655
1840 389 857
1840 367 292
1840 284 528
1840 426 643
1840 261 564
1840 239 532
1840 316 870
1840 218 626
1840 347 838
1860 351 841
1860 384 857
1860 298 571
1860 259 503
1860 387 697
1860 307 670
1860 290 663
1860 317 186
1860 320 187
1860 75 464
1860 54 909
1860 387 690
1860 374 556
1860 398 844
1860 284 529
1860 346 499
1860 261 574
1860 240 535
1860 218 629
1880 355 828
1880 383 858
1880 300 567
1880 433 504
1880 267 496
1880 303 671
1880 286 661
1880 67 537
1880 56 879
1880 376 511
1880 399 841
1880 285 528
1880 348 511
1880 324 760
1880 261 567
1880 239 533
1880 218 626
1880 375 510
1880 65 537
1900 356 836
1900 58 775
1900 371 849
1900 299 568
1900 433 445
1900 265 505
1900 303 670
1900 291 666
1900 231 723
1900 354 474
1900 434 386
1900 232 708
1900 233 723
1900 232 724
1900 395 848
1900 235 738
1900 285 528
1900 90 768
1900 349 503
1900 265 565
1900 241 533
1900 217 626
1900 381 498
1920 317 466
1920 362 828
1920 376 863
1920 299 570
1920 411 370
1920 265 503
1920 297 440
1920 102 689
1920 396 742
1920 297 662
1920 396 359
1920 413 896
1920 428 917
1920 395 546
1920 386 862
1920 395 361
1920 467 728
1920 285 530
1920 262 572
1920 241 533
1920 218 631
1940 356 842
1940 384 863
1940 300 570
1940 237 433
1940 262 499
1940 387 268
1940 394 283
1940 307 668
1940 305 682
1940 465 857
1940 359 981
1940 357 731
1940 440 316
1940 354 984
1940 398 830
1940 370 295
1940 287 736
1940 474 868
1940 283 528
1940 263 569
1940 239 539
1940 219 628
1940 103 581
1960 353 826
1960 386 853
1960 300 568
1960 265 503
1960 364 201
1960 304 669
1960 290 652
1960 370 206
1960 419 553
1960 251 718
1960 175 743
1960 125 381
1960 67 508
1960 430 553
1960 425 962
1960 389 847
1960 285 530
1960 301 1060
1960 88 405
1960 261 564
1960 242 533
1960 222 622
1980 355 826
1980 386 855
1980 299 569
1980 265 504
1980 305 583
1980 286 667
1980 109 293
1980 358 1036
1980 361 489
1980 339 128
1980 325 140
1980 103 460
1980 179 484
1980 275 1165
1980 452 893
1980 396 834
1980 284 529
1980 246 1152
1980 85 416
1980 262 572
1980 239 535
1980 214 629
1980 372 476
