1800 298 570
1800 285 1116
1800 261 502
1800 371 775
1800 306 662
1800 300 664
1800 432 821
1800 312 816
1800 186 1309
1800 74 481
1800 33 932
1800 285 1122
1800 290 1206
1800 445 607
1800 391 819
1800 441 844
1800 415 830
1800 278 536
1800 446 841
1800 314 814
1800 263 575
1800 239 535
1800 314 816
1800 217 633
1820 364 838
1820 298 569
1820 220 1242
1820 353 683
1820 430 515
1820 259 503
1820 305 668
1820 294 671
1820 420 385
1820 420 512
1820 37 890
1820 410 643
1820 453 642
1820 380 848
1820 419 838
1820 220 1247
1820 455 642
1820 295 668
1820 279 536
1820 84 422
1820 262 579
1820 238 535
1820 216 627
1840 375 855
1840 300 569
1840 362 611
1840 258 503
1840 366 292
1840 303 664
1840 283 676
1840 355 840
1840 60 917
1840 389 658
1840 380 852
1840 367 515
1840 402 847
1840 312 868
1840 371 320
1840 358 506
1840 281 532
1840 363 613
1840 258 580
1840 239 534
1840 217 625
1840 316 868
1860 356 833
1860 301 571
1860 371 688
1860 473 522
1860 259 503
1860 385 715
1860 306 674
1860 303 669
1860 380 693
1860 77 460
1860 387 693
1860 387 866
1860 401 830
1860 340 499
1860 283 531
1860 398 811
1860 372 560
1860 260 592
1860 239 535
1860 219 632
1860 357 837
1880 357 840
1880 300 564
1880 431 503
1880 270 500
1880 306 677
1880 291 690
1880 84 338
1880 324 755
1880 330 757
1880 378 510
1880 280 665
1880 66 534
1880 46 862
1880 432 511
1880 387 868
1880 377 516
1880 401 832
1880 346 514
1880 282 527
1880 326 760
1880 259 583
1880 238 533
1880 217 626
1900 59 776
1900 354 838
1900 299 567
1900 442 455
1900 261 499
1900 61 651
1900 303 675
1900 294 695
1900 468 826
1900 429 389
1900 389 496
1900 60 782
1900 230 721
1900 234 730
1900 386 866
1900 380 501
1900 229 704
1900 404 833
1900 353 477
1900 286 527
1900 90 764
1900 471 828
1900 262 588
1900 240 534
1900 216 628
1900 354 478
1920 373 850
1920 294 445
1920 294 618
1920 296 441
1920 432 581
1920 266 504
1920 179 613
1920 312 467
1920 105 677
1920 376 369
1920 389 746
1920 305 674
1920 295 670
1920 454 712
1920 354 846
1920 402 344
1920 393 544
1920 174 604
1920 399 564
1920 382 863
1920 418 917
1920 399 844
1920 397 361
1920 457 719
1920 282 533
1920 403 824
1920 261 577
1920 239 535
1920 217 629
1920 104 674
1920 155 640
1940 367 861
1940 299 570
1940 262 485
1940 128 524
1940 146 501
1940 233 429
1940 376 293
1940 455 307
1940 379 294
1940 309 670
1940 291 668
1940 462 871
1940 357 980
1940 348 739
1940 419 323
1940 287 733
1940 132 517
1940 150 495
1940 421 572
1940 384 868
1940 400 828
1940 375 296
1940 278 539
1940 472 876
1940 261 576
1940 71 599
1940 239 538
1940 217 627
1940 98 584
1960 384 864
1960 301 569
1960 213 477
1960 264 504
1960 217 628
1960 376 191
1960 304 668
1960 301 672
1960 375 865
1960 368 179
1960 423 556
1960 89 407
1960 185 752
1960 67 501
1960 323 1080
1960 437 558
1960 386 869
1960 420 958
1960 414 968
1960 406 832
1960 284 531
1960 158 441
1960 300 1068
1960 90 407
1960 264 565
1960 240 539
1960 219 629
1960 427 196
1960 193 750
1980 81 751
1980 385 861
1980 367 1033
1980 300 569
1980 265 505
1980 298 577
1980 286 682
1980 85 298
1980 452 890
1980 353 841
1980 340 122
1980 382 484
1980 335 126
1980 75 416
1980 244 1158
1980 271 1173
1980 395 853
1980 406 1046
1980 369 484
1980 398 833
1980 242 1164
1980 360 489
1980 284 681
1980 282 531
1980 451 890
1980 84 409
1980 258 586
1980 241 1151
1980 238 537
1980 218 632
1980 379 106
1980 350 827
