1800 300 569
1800 259 502
1800 368 767
1800 308 664
1800 306 668
1800 436 826
1800 75 485
1800 36 922
1800 437 601
1800 440 826
1800 402 824
1800 283 531
1800 317 810
1800 262 569
1800 290 1111
1800 239 534
1800 216 631
1820 380 850
1820 300 568
1820 428 518
1820 259 501
1820 305 663
1820 285 664
1820 350 668
1820 420 384
1820 42 887
1820 410 644
1820 454 646
1820 422 838
1820 274 856
1820 410 841
1820 222 1245
1820 281 530
1820 414 647
1820 260 571
1820 240 534
1820 217 626
1820 423 512
1840 350 833
1840 378 854
1840 299 570
1840 361 613
1840 259 500
1840 302 657
1840 279 666
1840 55 907
1840 391 655
1840 388 856
1840 368 292
1840 284 528
1840 428 645
1840 260 564
1840 239 532
1840 316 869
1840 218 626
1840 344 845
1860 351 841
1860 382 864
1860 298 570
1860 259 502
1860 387 698
1860 308 670
1860 292 668
1860 317 186
1860 320 186
1860 75 464
1860 55 906
1860 387 690
1860 374 557
1860 396 846
1860 284 529
1860 346 496
1860 261 574
1860 240 535
1860 218 628
1880 355 828
1880 382 852
1880 300 567
1880 433 503
1880 267 496
1880 303 671
1880 285 655
1880 66 538
1880 57 878
1880 376 510
1880 399 841
1880 285 527
1880 347 511
1880 323 759
1880 261 567
1880 239 533
1880 218 626
1880 375 510
1880 66 537
1900 355 836
1900 59 775
1900 358 839
1900 299 567
1900 433 445
1900 265 504
1900 303 670
1900 295 655
1900 231 724
1900 353 474
1900 434 386
1900 235 727
1900 233 726
1900 395 849
1900 474 746
1900 235 740
1900 285 528
1900 90 767
1900 350 501
1900 264 564
1900 241 532
1900 217 626
1900 381 498
1920 316 466
1920 361 829
1920 376 863
1920 300 568
1920 409 397
1920 265 503
1920 297 440
1920 103 686
1920 396 743
1920 298 663
1920 400 345
1920 397 357
1920 413 897
1920 427 918
1920 394 543
1920 385 863
1920 395 360
1920 465 733
1920 285 530
1920 262 571
1920 241 533
1920 218 631
1940 356 843
1940 382 865
1940 300 570
1940 236 432
1940 261 500
1940 387 268
1940 396 284
1940 306 666
1940 306 680
1940 465 858
1940 358 982
1940 356 730
1940 440 315
1940 354 984
1940 397 831
1940 370 296
1940 286 737
1940 472 868
1940 283 528
1940 263 569
1940 239 538
1940 218 627
1940 103 581
1960 352 826
1960 386 853
1960 300 568
1960 265 503
1960 364 201
1960 304 669
1960 291 648
1960 369 206
1960 419 554
1960 251 719
1960 170 740
1960 125 381
1960 67 507
1960 431 554
1960 424 963
1960 389 848
1960 285 530
1960 301 1060
1960 89 408
1960 261 564
1960 243 535
1960 222 622
1980 355 826
1980 385 856
1980 299 568
1980 264 503
1980 304 583
1980 285 662
1980 109 283
1980 358 1037
1980 362 490
1980 339 129
1980 321 144
1980 103 459
1980 178 484
1980 277 1165
1980 369 1059
1980 452 893
1980 396 834
1980 284 528
1980 247 1152
1980 85 413
1980 262 570
1980 239 534
1980 214 629
