1800 371 763
1800 28 788
1800 299 570
1800 261 500
1800 372 773
1800 306 661
1800 440 825
1800 447 601
1800 236 68
1800 36 916
1800 284 1141
1800 447 604
1800 440 825
1800 398 828
1800 305 658
1800 279 530
1800 471 625
1800 315 810
1800 289 1113
1800 262 570
1800 239 533
1800 315 812
1800 216 632
1820 33 878
1820 359 835
1820 300 572
1820 419 382
1820 260 500
1820 409 662
1820 306 663
1820 416 833
1820 350 669
1820 409 634
1820 224 1249
1820 39 884
1820 223 1229
1820 455 642
1820 420 845
1820 418 837
1820 221 1230
1820 454 636
1820 288 667
1820 280 528
1820 458 646
1820 85 423
1820 262 568
1820 239 534
1820 217 627
1840 369 849
1840 299 570
1840 362 616
1840 260 499
1840 368 291
1840 304 652
1840 403 852
1840 416 644
1840 58 905
1840 390 657
1840 417 648
1840 404 833
1840 364 839
1840 368 291
1840 284 667
1840 284 529
1840 81 458
1840 259 566
1840 240 534
1840 216 626
1840 313 867
1860 316 181
1860 387 695
1860 359 834
1860 299 570
1860 477 511
1860 260 501
1860 386 694
1860 307 668
1860 370 681
1860 340 494
1860 320 191
1860 76 464
1860 58 912
1860 371 685
1860 475 515
1860 374 559
1860 406 828
1860 475 515
1860 304 664
1860 283 529
1860 341 492
1860 374 558
1860 262 569
1860 240 534
1860 217 631
1880 356 834
1880 301 565
1880 468 435
1880 242 533
1880 303 668
1880 307 730
1880 309 694
1880 66 534
1880 47 859
1880 432 503
1880 406 824
1880 287 665
1880 282 521
1880 466 449
1880 345 513
1880 316 739
1880 260 565
1880 240 532
1880 217 626
1880 378 510
1880 66 537
1900 58 775
1900 354 824
1900 299 569
1900 439 455
1900 262 505
1900 64 652
1900 402 840
1900 304 662
1900 471 821
1900 348 475
1900 430 386
1900 61 776
1900 450 401
1900 478 742
1900 233 724
1900 406 828
1900 284 675
1900 284 528
1900 474 508
1900 345 511
1900 263 565
1900 242 532
1900 239 702
1900 216 627
1900 376 491
1920 297 438
1920 32 746
1920 370 828
1920 296 438
1920 300 569
1920 439 467
1920 262 519
1920 298 440
1920 180 610
1920 315 463
1920 400 347
1920 80 691
1920 377 371
1920 387 740
1920 304 665
1920 330 476
1920 401 342
1920 179 606
1920 27 1009
1920 405 346
1920 394 547
1920 422 913
1920 394 543
1920 403 839
1920 395 363
1920 457 714
1920 291 664
1920 281 528
1920 79 686
1920 393 543
1920 300 447
1920 263 576
1920 240 535
1920 217 632
1920 179 608
1940 374 861
1940 299 569
1940 235 429
1940 262 542
1940 129 520
1940 148 494
1940 375 295
1940 389 268
1940 99 584
1940 310 658
1940 469 857
1940 356 984
1940 436 317
1940 281 655
1940 136 510
1940 233 427
1940 424 569
1940 365 992
1940 401 826
1940 388 268
1940 477 884
1940 292 670
1940 283 529
1940 263 566
1940 72 593
1940 239 536
1940 216 629
1940 100 583
1960 377 837
1960 300 569
1960 159 442
1960 214 475
1960 264 503
1960 158 443
1960 370 201
1960 304 668
1960 43 262
1960 388 855
1960 366 201
1960 372 214
1960 89 410
1960 122 383
1960 68 507
1960 307 1075
1960 437 556
1960 413 949
1960 176 745
1960 427 941
1960 417 949
1960 421 563
1960 403 835
1960 375 226
1960 301 665
1960 284 530
1960 441 560
1960 299 1065
1960 318 1072
1960 89 409
1960 265 561
1960 242 529
1960 220 623
1960 414 245
1960 204 749
1980 245 1153
1980 92 753
1980 373 842
1980 400 1030
1980 299 568
1980 254 520
1980 299 568
1980 107 270
1980 454 888
1980 352 1033
1980 338 128
1980 317 126
1980 104 465
1980 104 466
1980 85 413
1980 259 1346
1980 272 1172
1980 374 1051
1980 458 883
1980 402 1032
1980 399 821
1980 458 897
1980 288 668
1980 282 528
1980 77 417
1980 261 570
1980 84 412
1980 238 533
1980 215 626
1980 367 481
