1800 299 569
1800 260 501
1800 371 776
1800 306 662
1800 302 663
1800 438 828
1800 431 610
1800 236 69
1800 76 481
1800 37 907
1800 290 1179
1800 429 610
1800 440 828
1800 399 817
1800 287 656
1800 283 532
1800 317 807
1800 263 573
1800 289 1112
1800 240 534
1800 215 630
1820 374 849
1820 300 569
1820 428 519
1820 259 500
1820 352 686
1820 302 666
1820 350 672
1820 418 386
1820 417 635
1820 42 883
1820 453 640
1820 422 841
1820 279 853
1820 420 829
1820 221 1230
1820 274 853
1820 281 530
1820 422 658
1820 82 420
1820 263 575
1820 239 535
1820 217 623
1840 376 858
1840 300 570
1840 364 615
1840 259 500
1840 306 664
1840 296 663
1840 429 640
1840 80 456
1840 60 914
1840 390 656
1840 390 863
1840 386 859
1840 285 526
1840 430 641
1840 261 569
1840 240 535
1840 218 624
1860 359 833
1860 298 571
1860 259 502
1860 386 696
1860 340 707
1860 300 670
1860 342 495
1860 321 186
1860 74 460
1860 58 928
1860 390 687
1860 374 550
1860 396 848
1860 284 632
1860 284 528
1860 341 495
1860 264 573
1860 241 533
1860 218 627
1880 362 816
1880 360 837
1880 298 565
1880 432 501
1880 269 496
1880 306 688
1880 303 672
1880 65 522
1880 52 868
1880 377 512
1880 401 833
1880 284 526
1880 346 511
1880 330 755
1880 262 571
1880 238 536
1880 218 624
1880 377 508
1880 68 535
1880 354 518
1900 355 832
1900 57 778
1900 367 830
1900 300 565
1900 434 446
1900 263 502
1900 68 653
1900 309 664
1900 301 665
1900 355 475
1900 432 386
1900 235 721
1900 479 726
1900 234 692
1900 233 720
1900 394 855
1900 473 821
1900 281 663
1900 285 528
1900 88 760
1900 478 727
1900 350 499
1900 350 474
1900 263 568
1900 241 533
1900 217 626
1900 391 494
1920 299 443
1920 372 819
1920 384 852
1920 302 569
1920 444 431
1920 266 503
1920 299 450
1920 104 680
1920 392 739
1920 298 662
1920 27 225
1920 455 712
1920 329 479
1920 399 343
1920 157 636
1920 28 985
1920 382 368
1920 428 917
1920 417 900
1920 395 546
1920 388 859
1920 281 527
1920 109 680
1920 456 715
1920 340 496
1920 324 470
1920 263 570
1920 242 534
1920 218 629
1920 395 543
1920 157 637
1940 348 739
1940 382 866
1940 300 569
1940 237 432
1940 260 501
1940 149 495
1940 150 494
1940 387 269
1940 393 273
1940 100 582
1940 308 670
1940 303 688
1940 464 866
1940 360 980
1940 359 730
1940 419 306
1940 424 568
1940 360 978
1940 421 572
1940 364 974
1940 464 867
1940 397 834
1940 371 294
1940 289 724
1940 478 872
1940 283 528
1940 476 886
1940 42 413
1940 264 568
1940 74 592
1940 241 534
1940 218 626
1940 103 580
1960 353 826
1960 390 851
1960 300 567
1960 264 502
1960 161 440
1960 368 205
1960 303 669
1960 49 255
1960 169 731
1960 369 208
1960 425 549
1960 253 727
1960 96 493
1960 167 730
1960 67 507
1960 162 442
1960 164 734
1960 429 552
1960 176 746
1960 430 942
1960 426 948
1960 393 844
1960 276 684
1960 284 530
1960 213 624
1960 160 445
1960 300 1062
1960 88 404
1960 264 564
1960 243 542
1960 255 726
1960 223 606
1980 245 1152
1980 352 822
1980 390 849
1980 396 1029
1980 301 567
1980 179 483
1980 265 503
1980 179 485
1980 288 670
1980 106 286
1980 452 885
1980 362 1032
1980 363 488
1980 338 127
1980 341 132
1980 105 459
1980 104 460
1980 23 398
1980 177 484
1980 272 1275
1980 278 1165
1980 371 1047
1980 452 886
1980 400 829
1980 283 528
1980 150 726
1980 80 419
1980 262 573
1980 241 535
1980 216 625
1980 375 481
