1800 298 560
1800 258 502
1800 234 59
1800 304 658
1800 450 824
1800 231 58
1800 279 658
1800 260 50
1800 257 55
1800 75 484
1800 37 902
1800 281 1132
1800 295 1147
1800 367 761
1800 291 1193
1800 426 611
1800 367 763
1800 457 845
1800 381 790
1800 315 808
1800 438 820
1800 306 660
1800 421 815
1800 282 533
1800 262 566
1800 238 529
1800 217 630
1820 296 566
1820 351 680
1820 429 514
1820 258 500
1820 301 668
1820 455 637
1820 275 854
1820 419 383
1820 35 886
1820 385 821
1820 224 1289
1820 419 629
1820 362 833
1820 416 830
1820 219 1255
1820 356 836
1820 419 834
1820 304 667
1820 218 1274
1820 422 834
1820 283 528
1820 261 568
1820 237 530
1820 217 624
1820 454 1096
1840 299 568
1840 360 611
1840 259 500
1840 364 288
1840 299 662
1840 281 680
1840 388 654
1840 81 455
1840 59 903
1840 406 671
1840 427 645
1840 371 846
1840 380 845
1840 316 862
1840 361 285
1840 281 678
1840 359 609
1840 412 830
1840 285 526
1840 426 644
1840 358 499
1840 260 565
1840 238 530
1840 217 626
1860 335 500
1860 300 570
1860 357 698
1860 471 518
1860 258 502
1860 368 685
1860 323 695
1860 373 553
1860 277 662
1860 466 322
1860 314 181
1860 383 687
1860 316 181
1860 78 457
1860 54 912
1860 392 828
1860 350 829
1860 385 853
1860 360 845
1860 389 692
1860 306 667
1860 408 834
1860 285 528
1860 372 552
1860 260 561
1860 237 532
1860 215 623
1860 373 553
1880 347 509
1880 298 560
1880 334 752
1880 428 498
1880 271 496
1880 299 599
1880 270 672
1880 464 435
1880 299 96
1880 276 85
1880 47 866
1880 474 439
1880 349 825
1880 386 858
1880 353 842
1880 430 501
1880 296 663
1880 411 847
1880 283 522
1880 377 507
1880 28 385
1880 259 570
1880 63 526
1880 237 529
1880 217 626
1880 303 673
1880 349 510
1900 234 711
1900 343 512
1900 95 765
1900 309 573
1900 439 389
1900 260 498
1900 303 663
1900 233 720
1900 467 812
1900 280 672
1900 435 386
1900 231 661
1900 470 435
1900 347 835
1900 379 853
1900 348 855
1900 389 494
1900 300 652
1900 355 474
1900 411 834
1900 288 525
1900 93 756
1900 476 804
1900 376 491
1900 262 558
1900 242 528
1900 217 626
1900 244 750
1920 36 793
1920 451 410
1920 264 503
1920 296 439
1920 399 348
1920 295 440
1920 299 609
1920 15 211
1920 464 701
1920 392 542
1920 177 615
1920 326 475
1920 107 680
1920 10 529
1920 383 733
1920 357 819
1920 420 902
1920 389 867
1920 374 857
1920 406 795
1920 397 338
1920 397 338
1920 176 604
1920 428 903
1920 245 534
1920 285 526
1920 390 546
1920 261 570
1920 238 534
1920 217 632
1920 107 679
1920 108 670
1940 366 967
1940 299 569
1940 352 729
1940 463 279
1940 250 496
1940 127 523
1940 348 282
1940 425 297
1940 291 668
1940 36 266
1940 465 857
1940 277 672
1940 373 979
1940 412 282
1940 285 744
1940 293 718
1940 148 497
1940 421 567
1940 351 823
1940 382 862
1940 343 852
1940 362 293
1940 408 831
1940 44 268
1940 282 523
1940 472 865
1940 137 492
1940 128 528
1940 261 558
1940 70 585
1940 239 531
1940 299 718
1940 216 625
1940 388 265
1940 100 583
1940 237 433
1960 300 568
1960 264 501
1960 56 541
1960 165 440
1960 358 213
1960 452 171
1960 377 181
1960 287 594
1960 295 671
1960 466 120
1960 329 200
1960 122 381
1960 120 382
1960 60 506
1960 455 159
1960 424 544
1960 388 818
1960 429 939
1960 376 816
1960 303 1060
1960 371 184
1960 417 870
1960 286 527
1960 87 402
1960 261 563
1960 233 530
1960 214 622
1960 252 728
1980 357 1023
1980 299 561
1980 172 484
1980 172 484
1980 262 503
1980 76 421
1980 82 278
1980 276 659
1980 107 462
1980 153 725
1980 66 429
1980 176 482
1980 274 1224
1980 247 1157
1980 160 503
1980 351 828
1980 460 1084
1980 398 1046
1980 395 842
1980 245 1155
1980 383 486
1980 300 654
1980 244 1150
1980 404 832
1980 283 526
1980 471 910
1980 104 461
1980 75 415
1980 260 566
1980 236 529
1980 215 611
1980 455 1090
