1800 370 764
1800 388 811
1800 299 569
1800 287 1116
1800 260 501
1800 306 660
1800 438 827
1800 431 609
1800 239 75
1800 38 913
1800 286 1115
1800 286 1132
1800 446 602
1800 441 826
1800 395 826
1800 282 532
1800 469 625
1800 316 811
1800 262 569
1800 239 532
1800 216 629
1820 380 846
1820 299 569
1820 353 667
1820 429 516
1820 259 500
1820 306 661
1820 301 670
1820 415 838
1820 349 677
1820 419 383
1820 415 633
1820 221 1229
1820 84 421
1820 39 888
1820 453 638
1820 420 836
1820 417 836
1820 222 1244
1820 276 854
1820 281 664
1820 281 528
1820 261 572
1820 239 533
1820 276 853
1820 217 625
1840 380 852
1840 377 853
1840 300 569
1840 363 613
1840 260 500
1840 400 665
1840 300 653
1840 300 669
1840 62 917
1840 389 656
1840 405 839
1840 361 498
1840 404 835
1840 279 672
1840 284 527
1840 257 573
1840 239 533
1840 217 625
1840 320 864
1860 384 861
1860 299 571
1860 477 507
1860 259 501
1860 388 697
1860 307 668
1860 306 666
1860 369 683
1860 343 496
1860 317 182
1860 77 465
1860 56 918
1860 387 687
1860 373 558
1860 403 835
1860 283 624
1860 284 529
1860 259 574
1860 240 534
1860 218 627
1880 354 827
1880 381 857
1880 300 561
1880 431 503
1880 273 496
1880 303 670
1880 306 668
1880 332 753
1880 468 435
1880 66 535
1880 53 875
1880 378 512
1880 404 827
1880 284 616
1880 284 525
1880 260 567
1880 239 533
1880 217 625
1880 67 533
1900 352 834
1900 60 775
1900 383 860
1900 300 568
1900 434 448
1900 260 497
1900 304 664
1900 306 665
1900 233 726
1900 352 482
1900 432 386
1900 351 831
1900 74 781
1900 226 718
1900 230 684
1900 470 821
1900 228 712
1900 401 836
1900 286 599
1900 229 719
1900 285 529
1900 87 752
1900 266 565
1900 241 533
1900 227 717
1900 217 626
1900 388 493
1920 300 447
1920 374 825
1920 90 693
1920 385 852
1920 301 567
1920 403 389
1920 265 501
1920 180 610
1920 315 463
1920 106 676
1920 394 745
1920 303 670
1920 303 665
1920 350 501
1920 400 346
1920 382 856
1920 178 605
1920 28 987
1920 406 359
1920 409 897
1920 419 914
1920 394 546
1920 407 900
1920 403 360
1920 457 712
1920 285 661
1920 282 526
1920 396 545
1920 264 576
1920 241 533
1920 218 629
1920 156 639
1940 350 746
1940 384 859
1940 299 569
1940 267 473
1940 149 504
1940 150 496
1940 391 268
1940 400 290
1940 309 669
1940 304 682
1940 470 860
1940 361 978
1940 268 463
1940 359 730
1940 422 313
1940 423 569
1940 128 527
1940 373 865
1940 426 573
1940 364 975
1940 467 859
1940 399 828
1940 373 295
1940 478 882
1940 285 670
1940 282 529
1940 263 566
1940 239 534
1940 217 627
1940 101 583
1960 360 819
1960 393 850
1960 301 568
1960 264 503
1960 161 442
1960 366 199
1960 304 668
1960 303 667
1960 34 252
1960 375 196
1960 420 560
1960 89 403
1960 254 723
1960 90 409
1960 368 825
1960 122 384
1960 66 507
1960 433 553
1960 175 745
1960 390 862
1960 423 956
1960 390 852
1960 307 1057
1960 279 674
1960 284 529
1960 431 556
1960 328 1068
1960 89 404
1960 263 564
1960 62 531
1960 241 529
1960 224 623
1960 415 237
1960 71 507
1980 353 823
1980 88 753
1980 398 828
1980 405 1041
1980 300 568
1980 177 484
1980 265 503
1980 81 275
1980 452 885
1980 355 1031
1980 339 127
1980 313 147
1980 97 450
1980 106 464
1980 397 832
1980 55 263
1980 176 484
1980 360 1034
1980 280 1235
1980 269 1157
1980 374 1038
1980 453 888
1980 364 488
1980 398 829
1980 465 908
1980 274 660
1980 282 529
1980 160 723
1980 384 489
1980 77 415
1980 262 570
1980 244 1153
1980 239 534
1980 217 625
1980 380 486
