1800 300 569
1800 260 501
1800 375 794
1800 307 663
1800 307 658
1800 439 828
1800 430 609
1800 235 58
1800 75 487
1800 39 918
1800 290 1182
1800 433 608
1800 439 827
1800 403 825
1800 284 530
1800 317 810
1800 262 570
1800 288 1118
1800 240 533
1800 317 812
1800 217 632
1820 361 839
1820 377 852
1820 300 570
1820 427 515
1820 259 501
1820 409 647
1820 305 665
1820 287 665
1820 275 859
1820 353 668
1820 419 384
1820 222 1230
1820 40 887
1820 409 640
1820 453 638
1820 423 839
1820 267 866
1820 416 834
1820 220 1231
1820 282 530
1820 418 647
1820 261 570
1820 240 532
1820 217 625
1840 350 833
1840 375 860
1840 300 569
1840 363 613
1840 259 500
1840 299 666
1840 284 670
1840 364 503
1840 58 915
1840 392 656
1840 389 860
1840 366 291
1840 284 527
1840 260 564
1840 239 532
1840 315 867
1840 218 625
1840 347 836
1860 350 838
1860 358 836
1860 299 570
1860 476 522
1860 259 502
1860 386 701
1860 306 670
1860 300 667
1860 319 190
1860 354 698
1860 340 497
1860 317 184
1860 76 462
1860 61 923
1860 387 689
1860 373 552
1860 396 849
1860 284 529
1860 342 496
1860 261 572
1860 241 533
1860 218 628
1860 350 835
1880 356 821
1880 363 835
1880 300 564
1880 432 504
1880 268 497
1880 293 675
1880 291 675
1880 332 755
1880 51 869
1880 378 512
1880 396 848
1880 309 734
1880 284 526
1880 326 761
1880 259 568
1880 240 532
1880 218 625
1880 377 511
1880 67 534
1880 359 836
1880 350 514
1900 354 832
1900 59 772
1900 356 833
1900 299 567
1900 435 449
1900 264 504
1900 65 652
1900 301 667
1900 290 689
1900 356 825
1900 353 475
1900 432 385
1900 234 696
1900 235 721
1900 479 745
1900 230 681
1900 464 827
1900 234 720
1900 393 854
1900 475 772
1900 238 725
1900 284 528
1900 90 759
1900 479 740
1900 350 473
1900 262 565
1900 241 532
1900 217 626
1900 382 498
1920 315 464
1920 359 827
1920 84 688
1920 372 858
1920 300 568
1920 409 392
1920 265 503
1920 296 441
1920 103 683
1920 392 743
1920 304 665
1920 298 663
1920 455 715
1920 396 348
1920 378 861
1920 156 642
1920 389 378
1920 409 897
1920 427 917
1920 429 914
1920 386 865
1920 463 707
1920 284 528
1920 324 473
1920 216 631
1920 262 571
1920 15 610
1920 241 533
1920 218 629
1920 394 543
1920 158 636
1920 356 829
1940 356 831
1940 378 863
1940 300 569
1940 237 431
1940 258 511
1940 148 502
1940 149 503
1940 390 270
1940 394 279
1940 308 669
1940 299 692
1940 462 871
1940 358 978
1940 269 472
1940 356 729
1940 427 319
1940 421 569
1940 129 520
1940 362 976
1940 363 974
1940 460 872
1940 396 835
1940 370 293
1940 286 747
1940 286 738
1940 472 868
1940 283 527
1940 262 567
1940 287 740
1940 72 595
1940 240 536
1940 287 737
1940 218 627
1940 102 578
1960 353 826
1960 373 830
1960 202 752
1960 300 568
1960 265 502
1960 161 442
1960 342 212
1960 444 182
1960 303 666
1960 300 666
1960 215 475
1960 369 204
1960 423 551
1960 251 721
1960 89 407
1960 169 742
1960 122 384
1960 66 506
1960 318 1075
1960 429 551
1960 408 934
1960 176 746
1960 427 951
1960 424 956
1960 193 756
1960 385 863
1960 285 530
1960 301 1060
1960 89 407
1960 262 563
1960 242 530
1960 252 722
1960 222 625
1960 394 236
1960 86 508
1960 215 475
1960 349 825
1960 169 742
1980 246 1151
1980 354 824
1980 84 752
1980 384 857
1980 385 1036
1980 300 568
1980 265 505
1980 177 488
1980 299 656
1980 287 671
1980 106 283
1980 452 885
1980 355 1034
1980 168 730
1980 362 490
1980 339 130
1980 92 429
1980 105 463
1980 179 484
1980 277 1166
1980 370 1054
1980 451 893
1980 401 1034
1980 399 832
1980 284 527
1980 162 724
1980 370 475
1980 247 1150
1980 80 419
1980 263 569
1980 239 534
1980 214 628
1980 368 482
