1800 393 822
1800 301 571
1800 287 1139
1800 259 501
1800 371 772
1800 307 661
1800 283 667
1800 445 608
1800 321 808
1800 279 663
1800 77 486
1800 238 64
1800 77 486
1800 36 914
1800 285 1131
1800 291 1163
1800 428 614
1800 392 821
1800 396 828
1800 441 833
1800 279 668
1800 421 836
1800 375 797
1800 473 617
1800 282 546
1800 444 846
1800 318 814
1800 262 576
1800 241 535
1800 219 632
1800 318 812
1820 360 839
1820 300 571
1820 355 674
1820 429 515
1820 257 502
1820 304 671
1820 282 682
1820 406 649
1820 351 680
1820 419 384
1820 425 515
1820 276 682
1820 39 908
1820 408 647
1820 222 1233
1820 453 636
1820 418 844
1820 418 852
1820 380 852
1820 222 1231
1820 274 855
1820 468 655
1820 285 533
1820 453 643
1820 356 839
1820 263 577
1820 236 535
1820 275 859
1820 276 852
1820 217 627
1840 359 836
1840 301 570
1840 391 658
1840 260 502
1840 307 663
1840 278 676
1840 418 651
1840 339 913
1840 361 628
1840 278 680
1840 318 864
1840 59 914
1840 393 660
1840 426 647
1840 384 854
1840 404 829
1840 384 857
1840 371 307
1840 363 614
1840 286 534
1840 339 860
1840 258 589
1840 241 534
1840 218 628
1840 313 868
1860 316 189
1860 354 837
1860 300 571
1860 361 703
1860 475 528
1860 259 504
1860 343 507
1860 308 671
1860 284 681
1860 343 852
1860 345 710
1860 318 198
1860 280 677
1860 77 468
1860 56 918
1860 389 695
1860 385 855
1860 405 827
1860 349 851
1860 374 560
1860 473 506
1860 285 534
1860 467 909
1860 374 558
1860 343 850
1860 262 595
1860 242 538
1860 219 633
1880 345 864
1880 301 566
1880 431 503
1880 272 504
1880 348 515
1880 460 139
1880 306 673
1880 278 678
1880 377 517
1880 466 438
1880 381 513
1880 276 664
1880 282 84
1880 49 865
1880 392 864
1880 403 834
1880 348 852
1880 348 515
1880 470 438
1880 284 533
1880 353 829
1880 260 574
1880 241 532
1880 219 626
1880 416 54
1900 351 845
1900 300 568
1900 439 457
1900 265 510
1900 235 726
1900 345 519
1900 64 649
1900 305 676
1900 282 712
1900 235 735
1900 356 844
1900 433 389
1900 390 497
1900 282 685
1900 232 704
1900 233 705
1900 392 864
1900 434 414
1900 232 723
1900 405 829
1900 351 839
1900 231 719
1900 352 516
1900 474 821
1900 286 535
1900 86 774
1900 354 834
1900 263 586
1900 242 536
1900 240 731
1900 218 629
1920 358 838
1920 301 570
1920 297 440
1920 459 430
1920 267 509
1920 299 449
1920 180 613
1920 106 685
1920 108 684
1920 387 744
1920 295 674
1920 283 669
1920 455 711
1920 395 542
1920 176 609
1920 384 870
1920 415 921
1920 321 481
1920 425 914
1920 402 860
1920 354 831
1920 385 367
1920 393 553
1920 286 536
1920 312 464
1920 364 831
1920 263 602
1920 243 535
1920 161 646
1920 219 632
1920 49 830
1920 157 648
1940 353 856
1940 300 571
1940 465 302
1940 255 530
1940 130 530
1940 148 504
1940 231 430
1940 391 268
1940 448 311
1940 72 599
1940 74 594
1940 307 675
1940 290 677
1940 423 575
1940 360 974
1940 356 735
1940 422 312
1940 143 515
1940 292 729
1940 149 506
1940 235 432
1940 423 572
1940 404 832
1940 469 868
1940 369 984
1940 287 738
1940 398 286
1940 399 832
1940 361 988
1940 371 301
1940 473 870
1940 278 547
1940 465 872
1940 350 741
1940 264 576
1940 72 599
1940 242 540
1940 217 627
1940 101 593
1940 463 864
1960 185 754
1960 377 859
1960 301 569
1960 213 478
1960 442 563
1960 264 503
1960 123 381
1960 214 477
1960 367 179
1960 334 211
1960 184 750
1960 304 671
1960 299 681
1960 429 554
1960 369 208
1960 337 46
1960 266 730
1960 88 504
1960 122 384
1960 66 515
1960 307 1078
1960 163 750
1960 426 565
1960 391 867
1960 170 746
1960 185 756
1960 422 969
1960 180 753
1960 422 969
1960 400 855
1960 362 857
1960 284 535
1960 350 837
1960 316 1082
1960 89 407
1960 264 571
1960 241 532
1960 221 628
1960 433 187
1960 171 746
1960 437 967
1960 196 753
1980 367 858
1980 300 569
1980 265 506
1980 332 125
1980 299 570
1980 280 666
1980 357 1027
1980 159 724
1980 327 119
1980 367 480
1980 325 150
1980 278 664
1980 81 424
1980 260 1168
1980 399 835
1980 405 1043
1980 84 417
1980 399 826
1980 351 1050
1980 283 533
1980 100 757
1980 465 906
1980 159 730
1980 353 830
1980 77 418
1980 262 577
1980 242 537
1980 217 629
1980 381 103
1980 465 916
1980 322 141
