1800 380 771
1800 299 567
1800 297 1136
1800 258 498
1800 303 656
1800 296 654
1800 430 613
1800 368 760
1800 231 54
1800 34 927
1800 282 1129
1800 427 612
1800 396 825
1800 422 847
1800 417 826
1800 314 812
1800 438 824
1800 269 538
1800 475 634
1800 368 761
1800 263 561
1800 239 530
1800 215 627
1820 364 838
1820 298 564
1820 350 670
1820 430 515
1820 257 498
1820 272 847
1820 300 665
1820 288 663
1820 411 643
1820 419 384
1820 428 526
1820 37 894
1820 453 636
1820 410 826
1820 420 842
1820 426 402
1820 417 836
1820 222 1238
1820 439 842
1820 279 527
1820 450 675
1820 379 848
1820 260 551
1820 236 532
1820 215 623
1840 365 838
1840 299 567
1840 391 657
1840 258 499
1840 365 506
1840 305 648
1840 284 660
1840 420 648
1840 40 896
1840 389 656
1840 425 647
1840 400 857
1840 404 834
1840 374 855
1840 312 866
1840 361 606
1840 282 527
1840 334 867
1840 37 399
1840 255 556
1840 238 533
1840 216 623
1860 356 836
1860 303 594
1860 373 686
1860 477 525
1860 256 501
1860 341 494
1860 304 666
1860 294 659
1860 369 688
1860 311 179
1860 76 458
1860 471 516
1860 394 850
1860 402 829
1860 338 851
1860 372 555
1860 282 527
1860 339 498
1860 347 835
1860 262 554
1860 238 532
1860 217 628
1880 352 840
1880 301 562
1880 431 503
1880 262 492
1880 377 509
1880 293 663
1880 292 665
1880 469 434
1880 334 757
1880 430 500
1880 266 72
1880 65 525
1880 48 863
1880 474 450
1880 398 830
1880 398 831
1880 344 848
1880 348 511
1880 283 523
1880 346 511
1880 342 778
1880 251 552
1880 238 531
1880 216 624
1880 64 523
1900 64 649
1900 353 832
1900 299 564
1900 443 451
1900 257 495
1900 349 475
1900 307 661
1900 300 654
1900 458 414
1900 353 847
1900 433 388
1900 390 494
1900 63 794
1900 231 707
1900 395 850
1900 387 494
1900 230 719
1900 402 828
1900 351 847
1900 236 702
1900 354 508
1900 285 525
1900 89 764
1900 479 746
1900 353 500
1900 352 825
1900 263 553
1900 240 529
1900 216 626
1920 82 684
1920 366 823
1920 296 588
1920 295 438
1920 466 437
1920 264 501
1920 176 607
1920 106 676
1920 301 596
1920 454 713
1920 367 852
1920 383 730
1920 416 359
1920 393 540
1920 174 603
1920 393 865
1920 417 919
1920 300 445
1920 432 934
1920 413 901
1920 351 838
1920 374 372
1920 411 358
1920 281 526
1920 28 749
1920 322 473
1920 383 762
1920 263 560
1920 237 532
1920 216 628
1920 157 644
1940 266 465
1940 354 839
1940 363 975
1940 299 568
1940 355 728
1940 260 478
1940 127 523
1940 146 499
1940 229 428
1940 386 267
1940 441 301
1940 70 584
1940 235 431
1940 304 665
1940 28 264
1940 420 573
1940 363 855
1940 352 734
1940 410 302
1940 422 570
1940 286 682
1940 126 514
1940 422 570
1940 393 825
1940 366 973
1940 428 323
1940 396 823
1940 368 984
1940 373 293
1940 463 875
1940 278 532
1940 477 878
1940 351 731
1940 264 556
1940 67 602
1940 236 531
1940 215 625
1940 100 576
1960 363 825
1960 301 565
1960 212 476
1960 440 560
1960 263 500
1960 367 198
1960 300 667
1960 293 667
1960 35 264
1960 424 547
1960 352 832
1960 366 177
1960 428 553
1960 121 381
1960 64 502
1960 430 189
1960 211 477
1960 431 562
1960 399 823
1960 432 951
1960 176 742
1960 418 942
1960 398 823
1960 238 691
1960 283 526
1960 350 823
1960 304 1050
1960 36 319
1960 265 548
1960 218 480
1960 219 625
1960 429 172
1980 354 837
1980 373 1057
1980 300 564
1980 262 503
1980 367 482
1980 81 273
1980 297 567
1980 287 663
1980 83 279
1980 351 838
1980 159 719
1980 324 116
1980 366 490
1980 320 137
1980 88 426
1980 265 1169
1980 259 1163
1980 397 833
1980 452 893
1980 377 1050
1980 369 478
1980 397 809
1980 352 1028
1980 281 525
1980 148 722
1980 351 826
1980 44 412
1980 260 564
1980 236 534
1980 218 628
1980 393 103
