1800 370 780
1800 300 569
1800 259 503
1800 369 769
1800 307 664
1800 305 664
1800 438 827
1800 430 610
1800 75 487
1800 36 919
1800 289 1192
1800 433 607
1800 440 827
1800 399 826
1800 283 533
1800 316 808
1800 262 572
1800 287 1112
1800 239 534
1800 216 634
1820 380 850
1820 300 570
1820 427 519
1820 259 501
1820 305 666
1820 291 663
1820 349 672
1820 420 385
1820 408 636
1820 41 882
1820 410 642
1820 453 643
1820 421 838
1820 269 867
1820 405 844
1820 221 1230
1820 280 531
1820 84 421
1820 261 574
1820 239 535
1820 217 627
1840 351 829
1840 376 857
1840 299 570
1840 259 501
1840 297 665
1840 281 664
1840 418 642
1840 57 910
1840 391 657
1840 414 645
1840 395 857
1840 284 529
1840 421 641
1840 260 566
1840 238 534
1840 317 868
1840 217 626
1840 357 837
1860 348 842
1860 361 840
1860 298 573
1860 259 504
1860 384 695
1860 306 670
1860 299 665
1860 317 188
1860 341 498
1860 319 187
1860 76 462
1860 386 693
1860 373 557
1860 400 838
1860 283 531
1860 342 495
1860 261 569
1860 240 535
1860 217 629
1880 358 827
1880 360 837
1880 299 565
1880 433 504
1880 267 497
1880 299 674
1880 293 664
1880 378 514
1880 309 725
1880 65 540
1880 54 874
1880 378 511
1880 403 829
1880 310 730
1880 284 528
1880 347 511
1880 324 761
1880 260 568
1880 239 533
1880 217 628
1880 377 509
1880 65 536
1880 349 509
1900 354 832
1900 59 774
1900 362 834
1900 299 568
1900 433 444
1900 265 504
1900 299 670
1900 301 663
1900 354 474
1900 434 387
1900 237 726
1900 352 845
1900 233 724
1900 235 702
1900 233 722
1900 402 834
1900 237 732
1900 284 530
1900 89 767
1900 348 507
1900 353 474
1900 260 565
1900 240 533
1900 217 627
1900 380 495
1920 315 467
1920 362 826
1920 86 686
1920 363 834
1920 295 575
1920 404 383
1920 265 505
1920 295 445
1920 90 689
1920 392 742
1920 302 663
1920 293 662
1920 398 345
1920 379 862
1920 424 919
1920 426 917
1920 395 545
1920 388 865
1920 395 369
1920 457 716
1920 283 529
1920 325 473
1920 216 630
1920 261 573
1920 241 534
1920 218 632
1920 177 606
1940 352 828
1940 395 832
1940 299 571
1940 238 434
1940 263 492
1940 147 501
1940 388 268
1940 394 283
1940 306 671
1940 301 695
1940 468 856
1940 359 981
1940 358 730
1940 440 315
1940 366 865
1940 362 978
1940 398 829
1940 372 297
1940 284 741
1940 288 729
1940 475 870
1940 282 529
1940 262 570
1940 239 541
1940 218 630
1940 101 582
1960 353 827
1960 374 823
1960 300 568
1960 265 503
1960 365 201
1960 303 670
1960 288 656
1960 367 201
1960 422 555
1960 89 407
1960 251 725
1960 162 737
1960 369 857
1960 124 386
1960 67 509
1960 161 443
1960 174 743
1960 430 554
1960 181 753
1960 167 747
1960 425 954
1960 392 847
1960 285 531
1960 300 1062
1960 89 409
1960 261 564
1960 241 531
1960 223 620
1980 244 1151
1980 354 827
1980 84 752
1980 386 854
1980 300 569
1980 264 505
1980 293 664
1980 106 283
1980 359 1031
1980 361 490
1980 339 123
1980 90 429
1980 104 463
1980 385 857
1980 177 485
1980 274 1268
1980 278 1169
1980 368 1053
1980 452 895
1980 399 828
1980 283 531
1980 366 476
1980 246 1152
1980 83 425
1980 261 575
1980 238 535
1980 212 631
1980 368 478
