1800 385 808
1800 301 570
1800 373 768
1800 260 501
1800 308 664
1800 309 663
1800 430 611
1800 321 813
1800 427 611
1800 250 77
1800 279 665
1800 40 911
1800 290 1150
1800 286 1151
1800 295 1196
1800 431 613
1800 392 827
1800 441 830
1800 446 836
1800 287 532
1800 372 771
1800 268 572
1800 242 531
1800 218 631
1820 381 851
1820 300 575
1820 358 675
1820 434 519
1820 260 500
1820 274 862
1820 305 668
1820 305 668
1820 414 647
1820 420 386
1820 424 520
1820 279 669
1820 35 899
1820 457 643
1820 422 838
1820 225 1236
1820 285 530
1820 392 866
1820 267 578
1820 239 533
1820 218 629
1840 386 853
1840 301 571
1840 360 622
1840 261 501
1840 373 297
1840 364 510
1840 288 632
1840 291 680
1840 423 648
1840 320 863
1840 279 675
1840 68 919
1840 389 662
1840 387 858
1840 375 313
1840 397 841
1840 372 854
1840 362 622
1840 290 529
1840 425 687
1840 363 615
1840 353 841
1840 267 569
1840 244 535
1840 219 630
1840 382 80
1860 382 857
1860 301 571
1860 358 703
1860 470 524
1860 261 501
1860 316 181
1860 342 501
1860 309 669
1860 306 668
1860 471 774
1860 278 663
1860 59 918
1860 386 699
1860 406 827
1860 351 841
1860 375 559
1860 287 529
1860 340 501
1860 373 560
1860 370 849
1860 271 591
1860 244 533
1860 219 637
1880 400 832
1880 303 569
1880 433 504
1880 276 499
1880 346 516
1880 300 672
1880 296 674
1880 299 667
1880 465 443
1880 381 510
1880 277 663
1880 67 537
1880 56 865
1880 471 440
1880 383 822
1880 402 834
1880 348 848
1880 312 738
1880 352 512
1880 290 526
1880 347 514
1880 338 762
1880 266 571
1880 239 533
1880 219 627
1880 327 713
1900 401 832
1900 238 732
1900 299 573
1900 240 732
1900 440 468
1900 266 506
1900 351 516
1900 309 665
1900 305 664
1900 433 388
1900 391 495
1900 277 666
1900 443 388
1900 237 730
1900 237 745
1900 362 842
1900 433 399
1900 405 828
1900 280 681
1900 370 498
1900 470 825
1900 289 532
1900 66 776
1900 474 843
1900 345 520
1900 64 817
1900 349 839
1900 268 574
1900 247 539
1900 219 630
1900 66 653
1920 315 465
1920 387 842
1920 314 466
1920 299 594
1920 296 441
1920 439 468
1920 266 503
1920 298 439
1920 221 637
1920 294 651
1920 300 665
1920 456 713
1920 30 254
1920 327 475
1920 416 353
1920 395 544
1920 279 663
1920 180 608
1920 437 562
1920 383 867
1920 432 928
1920 313 464
1920 414 897
1920 396 368
1920 380 374
1920 414 851
1920 380 861
1920 400 348
1920 393 548
1920 286 528
1920 410 840
1920 392 746
1920 271 596
1920 241 533
1920 219 634
1920 181 613
1940 400 835
1940 301 570
1940 362 733
1940 462 313
1940 265 497
1940 134 528
1940 149 504
1940 355 291
1940 448 290
1940 75 605
1940 259 476
1940 310 672
1940 309 671
1940 421 573
1940 427 327
1940 421 571
1940 279 665
1940 293 750
1940 422 570
1940 388 865
1940 152 502
1940 359 299
1940 407 832
1940 361 852
1940 380 294
1940 292 738
1940 470 871
1940 286 531
1940 475 881
1940 359 738
1940 268 573
1940 74 604
1940 143 518
1940 244 537
1940 292 738
1940 218 630
1940 102 592
1960 388 847
1960 302 570
1960 215 476
1960 406 835
1960 454 578
1960 265 503
1960 46 586
1960 340 213
1960 349 215
1960 304 672
1960 93 410
1960 45 282
1960 423 564
1960 368 204
1960 422 566
1960 123 384
1960 68 508
1960 331 1082
1960 180 746
1960 434 559
1960 388 861
1960 428 952
1960 190 749
1960 415 958
1960 370 856
1960 379 191
1960 443 562
1960 48 273
1960 287 529
1960 96 491
1960 163 442
1960 353 856
1960 91 407
1960 266 567
1960 53 299
1960 244 534
1960 220 629
1960 412 238
1980 397 831
1980 302 570
1980 177 485
1980 265 503
1980 178 486
1980 361 493
1980 75 420
1980 84 417
1980 296 571
1980 299 671
1980 83 284
1980 83 281
1980 362 1025
1980 331 129
1980 381 490
1980 277 664
1980 368 1039
1980 335 1142
1980 108 285
1980 388 857
1980 247 1160
1980 401 825
1980 373 863
1980 224 631
1980 250 1157
1980 364 491
1980 459 913
1980 288 526
1980 471 925
1980 176 486
1980 353 830
1980 85 411
1980 264 568
1980 246 537
1980 163 726
1980 218 630
1980 409 159
