1800 392 822
1800 299 568
1800 290 1115
1800 259 500
1800 374 770
1800 307 661
1800 303 664
1800 440 824
1800 429 608
1800 75 484
1800 36 917
1800 289 1184
1800 431 609
1800 440 830
1800 397 819
1800 317 808
1800 284 658
1800 283 528
1800 317 809
1800 262 569
1800 287 1112
1800 239 532
1800 217 630
1820 361 838
1820 379 845
1820 299 568
1820 431 396
1820 258 500
1820 307 665
1820 292 667
1820 349 672
1820 419 384
1820 221 1229
1820 39 890
1820 409 639
1820 454 639
1820 419 835
1820 273 857
1820 417 829
1820 223 1243
1820 280 644
1820 282 528
1820 417 643
1820 86 422
1820 261 569
1820 238 533
1820 217 625
1820 432 513
1840 350 829
1840 380 852
1840 299 569
1840 363 611
1840 259 500
1840 304 665
1840 286 663
1840 81 458
1840 56 910
1840 390 654
1840 428 642
1840 391 858
1840 279 665
1840 283 527
1840 426 646
1840 258 565
1840 238 532
1840 317 866
1840 218 625
1840 348 835
1860 350 831
1860 385 855
1860 299 570
1860 258 501
1860 387 699
1860 321 675
1860 297 668
1860 326 196
1860 367 682
1860 343 493
1860 319 184
1860 75 462
1860 56 917
1860 390 686
1860 374 554
1860 396 847
1860 281 625
1860 284 527
1860 261 569
1860 239 533
1860 218 626
1860 351 833
1860 375 556
1880 353 835
1880 381 856
1880 299 561
1880 469 436
1880 266 494
1880 306 669
1880 296 666
1880 305 725
1880 66 537
1880 51 871
1880 378 510
1880 402 833
1880 319 753
1880 280 657
1880 283 525
1880 331 755
1880 260 565
1880 238 532
1880 219 625
1880 377 509
1880 354 509
1900 352 829
1900 59 771
1900 382 860
1900 300 565
1900 434 446
1900 262 499
1900 65 650
1900 306 665
1900 292 667
1900 353 473
1900 434 386
1900 233 722
1900 233 690
1900 384 491
1900 231 724
1900 394 852
1900 473 819
1900 280 665
1900 232 720
1900 284 529
1900 88 756
1900 478 733
1900 260 568
1900 241 532
1900 217 626
1900 390 492
1920 298 438
1920 357 823
1920 32 742
1920 376 858
1920 302 568
1920 451 419
1920 265 501
1920 298 446
1920 103 679
1920 390 741
1920 299 665
1920 291 661
1920 386 859
1920 176 603
1920 27 977
1920 385 369
1920 426 918
1920 423 918
1920 395 543
1920 388 862
1920 460 711
1920 272 585
1920 282 526
1920 455 710
1920 323 472
1920 261 570
1920 240 532
1920 218 628
1920 394 541
1920 178 604
1920 359 825
1940 352 831
1940 379 864
1940 299 570
1940 237 429
1940 262 485
1940 148 497
1940 389 268
1940 422 311
1940 100 582
1940 306 668
1940 301 682
1940 466 856
1940 357 728
1940 420 310
1940 422 568
1940 362 974
1940 422 569
1940 363 977
1940 461 871
1940 398 828
1940 372 295
1940 287 731
1940 476 876
1940 286 606
1940 280 525
1940 352 731
1940 263 567
1940 73 594
1940 238 535
1940 288 726
1940 219 627
1940 286 732
1940 101 578
1940 242 437
1960 351 825
1960 384 862
1960 300 568
1960 264 502
1960 162 442
1960 368 180
1960 385 796
1960 303 667
1960 298 669
1960 174 740
1960 368 203
1960 422 550
1960 255 723
1960 185 757
1960 122 382
1960 66 505
1960 164 443
1960 170 740
1960 429 550
1960 417 951
1960 178 749
1960 427 941
1960 421 954
1960 392 842
1960 276 675
1960 284 529
1960 304 1058
1960 89 404
1960 263 563
1960 242 531
1960 261 723
1960 223 620
1960 352 828
1980 244 1154
1980 351 823
1980 384 861
1980 402 1029
1980 301 567
1980 264 502
1980 178 483
1980 302 579
1980 292 671
1980 108 278
1980 359 1031
1980 362 487
1980 341 129
1980 341 134
1980 85 425
1980 105 464
1980 177 483
1980 265 1222
1980 275 1164
1980 370 1052
1980 371 473
1980 400 823
1980 275 615
1980 282 528
1980 161 725
1980 82 421
1980 261 572
1980 238 534
1980 215 625
1980 380 481
1980 351 827
