1800 299 569
1800 259 501
1800 369 763
1800 307 663
1800 304 664
1800 438 827
1800 236 58
1800 74 484
1800 36 915
1800 292 1202
1800 436 601
1800 439 826
1800 401 824
1800 283 531
1800 473 647
1800 317 809
1800 262 569
1800 290 1111
1800 239 533
1800 216 631
1820 379 850
1820 300 568
1820 427 514
1820 259 500
1820 304 662
1820 286 663
1820 349 668
1820 420 383
1820 38 889
1820 409 640
1820 453 644
1820 423 836
1820 272 864
1820 414 832
1820 223 1232
1820 282 530
1820 260 571
1820 239 534
1820 217 625
1820 426 512
1840 350 833
1840 377 857
1840 299 570
1840 259 500
1840 303 655
1840 279 665
1840 365 500
1840 427 641
1840 55 905
1840 391 655
1840 388 855
1840 368 292
1840 284 527
1840 428 642
1840 261 564
1840 239 532
1840 316 867
1840 218 625
1860 351 838
1860 384 855
1860 298 571
1860 259 502
1860 387 697
1860 308 669
1860 289 663
1860 317 189
1860 342 492
1860 319 187
1860 75 462
1860 53 912
1860 387 689
1860 374 557
1860 400 841
1860 284 529
1860 345 494
1860 262 570
1860 240 534
1860 218 628
1880 355 830
1880 386 850
1880 300 565
1880 433 502
1880 267 496
1880 303 669
1880 285 657
1880 376 511
1880 66 536
1880 54 878
1880 377 510
1880 398 844
1880 285 527
1880 348 510
1880 323 758
1880 261 567
1880 239 533
1880 218 625
1880 376 507
1880 67 537
1880 353 510
1900 356 836
1900 58 774
1900 374 840
1900 299 566
1900 432 443
1900 265 504
1900 302 667
1900 295 642
1900 230 720
1900 354 473
1900 434 385
1900 234 703
1900 235 717
1900 233 722
1900 395 848
1900 476 727
1900 235 728
1900 285 528
1900 89 768
1900 348 503
1900 264 564
1900 241 533
1900 217 626
1900 382 495
1920 316 466
1920 362 826
1920 377 861
1920 299 571
1920 410 381
1920 265 502
1920 297 442
1920 102 685
1920 394 739
1920 296 661
1920 400 345
1920 399 352
1920 413 896
1920 413 896
1920 426 918
1920 394 543
1920 386 860
1920 395 361
1920 465 706
1920 285 529
1920 262 570
1920 241 533
1920 218 630
1920 156 637
1940 355 836
1940 383 863
1940 299 570
1940 261 504
1940 149 500
1940 388 268
1940 402 306
1940 305 664
1940 306 680
1940 467 855
1940 359 979
1940 356 729
1940 440 310
1940 130 514
1940 356 982
1940 397 833
1940 371 294
1940 286 741
1940 475 867
1940 282 528
1940 263 567
1940 239 538
1940 218 628
1940 104 580
1960 352 825
1960 385 855
1960 300 567
1960 264 502
1960 366 202
1960 304 668
1960 292 644
1960 368 204
1960 421 551
1960 251 720
1960 165 735
1960 122 383
1960 67 506
1960 432 552
1960 392 856
1960 425 957
1960 389 851
1960 285 530
1960 211 627
1960 301 1061
1960 88 405
1960 262 564
1960 239 529
1960 223 619
1980 355 826
1980 85 753
1980 385 855
1980 299 568
1980 264 503
1980 301 578
1980 287 655
1980 108 300
1980 358 1030
1980 362 488
1980 340 126
1980 320 138
1980 91 426
1980 103 459
1980 178 484
1980 271 1256
1980 269 1169
1980 370 1050
1980 452 892
1980 397 830
1980 284 528
1980 246 1149
1980 84 417
1980 261 574
1980 239 533
1980 215 627
1980 371 474
