1800 300 570
1800 259 502
1800 368 767
1800 308 665
1800 437 827
1800 75 485
1800 36 925
1800 438 602
1800 439 826
1800 402 821
1800 283 532
1800 317 810
1800 262 570
1800 290 1111
1800 239 534
1800 216 632
1820 380 850
1820 300 569
1820 427 518
1820 259 501
1820 305 664
1820 285 665
1820 350 667
1820 421 384
1820 41 887
1820 410 644
1820 454 647
1820 423 838
1820 274 856
1820 409 842
1820 223 1244
1820 281 530
1820 260 572
1820 239 534
1820 217 627
1840 350 834
1840 382 850
1840 299 570
1840 362 613
1840 259 501
1840 302 659
1840 278 663
1840 427 646
1840 54 905
1840 391 655
1840 389 857
1840 367 292
1840 284 528
1840 426 644
1840 261 565
1840 239 533
1840 316 869
1840 218 626
1840 349 834
1860 351 840
1860 384 855
1860 298 571
1860 259 503
1860 387 699
1860 307 670
1860 293 668
1860 317 187
1860 320 187
1860 75 464
1860 54 907
1860 387 691
1860 374 556
1860 397 845
1860 284 530
1860 343 494
1860 261 577
1860 240 535
1860 218 629
1880 355 828
1880 382 863
1880 300 568
1880 433 504
1880 267 497
1880 303 672
1880 287 663
1880 66 538
1880 56 879
1880 376 510
1880 399 838
1880 285 528
1880 347 510
1880 324 760
1880 261 568
1880 239 533
1880 218 626
1880 375 509
1880 65 538
1900 356 835
1900 58 775
1900 367 840
1900 299 568
1900 432 445
1900 265 505
1900 303 670
1900 292 666
1900 231 723
1900 353 474
1900 434 386
1900 233 705
1900 235 723
1900 232 724
1900 395 848
1900 475 731
1900 235 740
1900 285 529
1900 90 767
1900 349 502
1900 265 565
1900 241 533
1900 217 627
1900 381 498
1920 316 466
1920 362 825
1920 376 863
1920 300 570
1920 413 388
1920 265 503
1920 298 441
1920 103 688
1920 396 742
1920 298 662
1920 397 359
1920 413 896
1920 428 917
1920 394 544
1920 386 863
1920 395 361
1920 468 728
1920 285 530
1920 263 573
1920 241 533
1920 218 632
1920 155 637
1940 355 841
1940 383 865
1940 300 570
1940 236 432
1940 262 499
1940 147 503
1940 387 268
1940 395 283
1940 307 668
1940 306 682
1940 465 857
1940 359 982
1940 356 731
1940 440 315
1940 356 983
1940 398 830
1940 371 295
1940 286 738
1940 475 874
1940 283 528
1940 263 569
1940 239 540
1940 218 629
1940 102 581
1960 352 826
1960 385 857
1960 300 568
1960 265 503
1960 365 201
1960 304 669
1960 291 649
1960 371 212
1960 420 553
1960 251 719
1960 173 743
1960 125 381
1960 66 508
1960 431 554
1960 425 961
1960 390 847
1960 285 531
1960 209 629
1960 301 1060
1960 88 407
1960 261 565
1960 243 532
1960 223 623
1980 355 826
1980 385 855
1980 299 569
1980 264 504
1980 310 597
1980 287 668
1980 110 285
1980 358 1037
1980 361 490
1980 338 128
1980 324 144
1980 91 425
1980 103 460
1980 179 485
1980 280 1164
1980 369 1058
1980 452 892
1980 396 834
1980 284 529
1980 246 1152
1980 84 414
1980 262 573
1980 239 535
1980 214 629
1980 372 476
