1800 300 569
1800 259 502
1800 368 765
1800 308 664
1800 306 667
1800 437 827
1800 75 485
1800 36 920
1800 437 601
1800 439 825
1800 402 822
1800 283 531
1800 317 810
1800 262 570
1800 290 1111
1800 239 534
1800 216 632
1820 380 850
1820 300 569
1820 427 517
1820 259 501
1820 305 664
1820 285 665
1820 351 668
1820 420 384
1820 42 886
1820 410 644
1820 454 646
1820 421 839
1820 273 858
1820 410 840
1820 224 1239
1820 282 530
1820 412 648
1820 260 571
1820 240 535
1820 217 626
1840 351 833
1840 378 854
1840 299 570
1840 362 613
1840 259 501
1840 302 656
1840 279 667
1840 427 643
1840 54 894
1840 391 655
1840 388 856
1840 368 292
1840 284 528
1840 426 647
1840 260 565
1840 239 533
1840 316 868
1840 218 626
1840 348 837
1860 350 841
1860 377 845
1860 298 571
1860 259 502
1860 387 698
1860 308 669
1860 290 667
1860 317 187
1860 321 188
1860 75 464
1860 55 908
1860 388 690
1860 374 556
1860 396 846
1860 284 530
1860 344 495
1860 261 574
1860 240 535
1860 218 629
1880 355 825
1880 376 846
1880 300 567
1880 433 503
1880 268 496
1880 303 671
1880 283 659
1880 66 538
1880 56 877
1880 376 510
1880 399 840
1880 285 528
1880 348 511
1880 324 760
1880 261 567
1880 240 533
1880 218 626
1880 66 538
1880 348 511
1900 356 836
1900 59 775
1900 357 839
1900 299 568
1900 433 445
1900 265 504
1900 303 670
1900 294 657
1900 232 724
1900 353 474
1900 434 386
1900 234 725
1900 463 825
1900 233 725
1900 395 848
1900 235 739
1900 285 529
1900 90 768
1900 351 502
1900 265 565
1900 241 532
1900 217 627
1900 381 497
1920 316 466
1920 366 820
1920 375 863
1920 300 569
1920 407 398
1920 265 503
1920 297 440
1920 103 687
1920 396 742
1920 298 663
1920 400 344
1920 397 358
1920 412 898
1920 426 918
1920 394 544
1920 386 862
1920 395 355
1920 466 725
1920 285 530
1920 262 571
1920 241 533
1920 218 631
1920 392 541
1920 155 636
1940 356 840
1940 383 863
1940 300 570
1940 237 433
1940 262 499
1940 148 501
1940 387 268
1940 400 293
1940 307 668
1940 306 681
1940 465 857
1940 358 982
1940 355 731
1940 440 315
1940 355 984
1940 398 831
1940 371 295
1940 286 737
1940 474 874
1940 283 528
1940 263 569
1940 239 539
1940 219 628
1940 103 582
1960 353 825
1960 384 851
1960 300 568
1960 265 503
1960 365 201
1960 304 669
1960 291 650
1960 370 208
1960 420 553
1960 251 719
1960 174 743
1960 124 383
1960 67 508
1960 431 554
1960 390 864
1960 425 960
1960 389 850
1960 285 531
1960 301 1060
1960 89 408
1960 261 565
1960 242 532
1960 223 623
1980 355 826
1980 385 855
1980 300 569
1980 264 504
1980 305 584
1980 286 662
1980 108 281
1980 358 1036
1980 362 490
1980 338 129
1980 91 426
1980 104 462
1980 179 484
1980 279 1164
1980 452 893
1980 396 833
1980 284 529
1980 246 1152
1980 84 416
1980 262 571
1980 239 534
1980 214 629
1980 371 476
