1800 300 569
1800 259 501
1800 368 764
1800 307 663
1800 305 665
1800 436 828
1800 75 483
1800 37 917
1800 286 1138
1800 437 601
1800 438 828
1800 399 824
1800 284 529
1800 472 643
1800 316 808
1800 262 569
1800 291 1109
1800 239 534
1800 216 630
1820 379 849
1820 300 568
1820 427 518
1820 259 500
1820 305 663
1820 285 666
1820 350 669
1820 421 384
1820 41 884
1820 409 638
1820 453 644
1820 422 838
1820 272 862
1820 391 849
1820 222 1230
1820 282 529
1820 260 568
1820 240 536
1820 217 625
1840 349 833
1840 381 851
1840 299 569
1840 259 500
1840 302 658
1840 279 665
1840 58 914
1840 392 655
1840 391 860
1840 369 291
1840 285 527
1840 428 642
1840 262 562
1840 238 532
1840 317 867
1840 217 625
1840 342 849
1860 348 844
1860 383 864
1860 298 570
1860 259 501
1860 387 698
1860 306 670
1860 288 658
1860 319 192
1860 320 186
1860 75 462
1860 58 921
1860 387 690
1860 374 554
1860 401 833
1860 285 528
1860 346 498
1860 262 567
1860 240 533
1860 218 627
1880 358 822
1880 382 862
1880 299 565
1880 433 504
1880 267 495
1880 300 672
1880 284 660
1880 352 842
1880 66 534
1880 56 874
1880 378 509
1880 404 828
1880 285 527
1880 347 511
1880 324 761
1880 261 566
1880 239 532
1880 218 625
1880 375 507
1880 68 537
1880 350 507
1900 355 838
1900 59 773
1900 379 859
1900 299 567
1900 432 446
1900 265 504
1900 301 667
1900 291 665
1900 231 724
1900 354 474
1900 434 386
1900 234 705
1900 351 841
1900 233 720
1900 231 723
1900 402 834
1900 235 727
1900 285 527
1900 90 769
1900 346 502
1900 264 564
1900 241 532
1900 217 625
1900 382 492
1920 315 468
1920 363 825
1920 374 865
1920 299 569
1920 406 369
1920 265 502
1920 297 441
1920 101 685
1920 394 741
1920 304 662
1920 296 662
1920 376 863
1920 397 360
1920 422 922
1920 426 917
1920 394 543
1920 390 854
1920 395 359
1920 464 725
1920 285 527
1920 326 471
1920 261 572
1920 241 532
1920 218 630
1920 394 541
1920 155 636
1940 354 836
1940 382 865
1940 299 569
1940 237 434
1940 262 497
1940 147 499
1940 148 500
1940 388 268
1940 402 302
1940 306 666
1940 304 686
1940 466 857
1940 359 980
1940 358 730
1940 440 311
1940 422 568
1940 360 839
1940 357 980
1940 398 826
1940 370 294
1940 285 742
1940 471 859
1940 283 527
1940 263 567
1940 240 539
1940 218 626
1940 104 578
1960 353 825
1960 385 860
1960 300 567
1960 265 502
1960 366 202
1960 304 669
1960 289 649
1960 368 204
1960 420 553
1960 88 409
1960 251 717
1960 171 741
1960 367 839
1960 123 380
1960 67 506
1960 163 444
1960 429 551
1960 390 858
1960 177 748
1960 429 942
1960 425 955
1960 391 845
1960 285 529
1960 303 1058
1960 88 407
1960 261 560
1960 240 531
1960 222 619
1980 355 823
1980 87 755
1980 385 856
1980 375 1050
1980 299 567
1980 264 504
1980 305 584
1980 285 667
1980 107 278
1980 358 1033
1980 362 489
1980 338 121
1980 89 425
1980 97 442
1980 366 843
1980 179 484
1980 264 1261
1980 281 1165
1980 369 1052
1980 451 893
1980 362 490
1980 400 828
1980 284 527
1980 247 1149
1980 86 417
1980 262 571
1980 239 533
1980 215 627
1980 375 481
