1800 367 766
1800 298 567
1800 187 1322
1800 259 503
1800 307 661
1800 466 631
1800 285 670
1800 315 812
1800 253 61
1800 75 487
1800 34 912
1800 367 765
1800 297 1196
1800 290 1131
1800 426 613
1800 423 819
1800 307 664
1800 439 820
1800 282 531
1800 37 910
1800 268 563
1800 307 663
1800 238 533
1800 218 631
1820 361 839
1820 299 570
1820 357 679
1820 258 502
1820 276 857
1820 359 689
1820 303 670
1820 453 638
1820 284 683
1820 420 384
1820 409 637
1820 29 897
1820 230 1294
1820 416 629
1820 377 827
1820 424 851
1820 222 1247
1820 419 514
1820 423 840
1820 305 670
1820 222 1257
1820 426 858
1820 285 527
1820 446 676
1820 78 420
1820 260 566
1820 305 670
1820 236 534
1820 217 627
1840 364 843
1840 298 571
1840 394 657
1840 259 503
1840 151 1354
1840 362 289
1840 361 287
1840 306 659
1840 428 646
1840 275 671
1840 390 655
1840 80 457
1840 57 917
1840 424 646
1840 375 849
1840 409 838
1840 320 863
1840 371 291
1840 281 675
1840 360 619
1840 412 828
1840 286 525
1840 430 644
1840 360 500
1840 261 562
1840 239 535
1840 217 626
1860 356 840
1860 297 571
1860 371 557
1860 472 517
1860 258 505
1860 379 697
1860 305 669
1860 373 556
1860 282 675
1860 341 499
1860 313 180
1860 387 690
1860 327 195
1860 78 459
1860 53 924
1860 377 690
1860 354 842
1860 398 842
1860 437 878
1860 308 669
1860 287 528
1860 372 557
1860 262 564
1860 308 668
1860 239 537
1860 220 632
1880 355 833
1880 299 565
1880 432 502
1880 273 500
1880 301 665
1880 378 508
1880 279 661
1880 468 435
1880 44 866
1880 350 821
1880 401 832
1880 348 832
1880 429 502
1880 295 667
1880 409 843
1880 286 524
1880 46 867
1880 346 512
1880 379 507
1880 260 565
1880 300 665
1880 64 528
1880 238 532
1880 218 626
1880 304 664
1880 348 511
1900 235 720
1900 347 839
1900 302 564
1900 437 444
1900 259 499
1900 304 662
1900 475 739
1900 281 680
1900 439 387
1900 62 646
1900 458 418
1900 350 832
1900 397 856
1900 431 386
1900 377 494
1900 461 823
1900 299 647
1900 463 832
1900 289 524
1900 478 738
1900 342 520
1900 265 562
1900 304 664
1900 244 540
1900 217 627
1900 242 735
1920 360 827
1920 300 566
1920 446 456
1920 263 507
1920 399 342
1920 415 351
1920 41 252
1920 459 707
1920 414 552
1920 281 683
1920 422 897
1920 179 612
1920 326 476
1920 416 350
1920 79 692
1920 176 609
1920 382 731
1920 402 338
1920 368 834
1920 432 915
1920 410 836
1920 364 843
1920 381 368
1920 446 466
1920 390 737
1920 402 339
1920 299 671
1920 176 614
1920 443 910
1920 287 527
1920 264 567
1920 240 550
1920 220 635
1920 102 686
1940 369 847
1940 364 962
1940 298 570
1940 351 733
1940 459 294
1940 250 507
1940 130 533
1940 353 292
1940 447 300
1940 232 429
1940 359 731
1940 307 662
1940 469 862
1940 278 677
1940 444 297
1940 70 594
1940 293 734
1940 356 735
1940 140 491
1940 351 837
1940 370 980
1940 449 324
1940 359 294
1940 310 669
1940 453 868
1940 284 529
1940 474 884
1940 134 496
1940 127 524
1940 266 561
1940 70 581
1940 239 539
1940 217 627
1940 233 430
1960 364 819
1960 300 570
1960 264 504
1960 368 197
1960 214 476
1960 363 199
1960 304 671
1960 300 676
1960 416 970
1960 352 214
1960 122 384
1960 58 508
1960 426 542
1960 393 823
1960 429 950
1960 420 941
1960 425 543
1960 429 943
1960 304 672
1960 414 868
1960 285 528
1960 85 403
1960 264 560
1960 305 670
1960 231 533
1960 217 626
1960 251 736
1960 212 477
1980 350 831
1980 353 1028
1980 298 569
1980 172 486
1980 172 486
1980 263 507
1980 324 135
1980 107 276
1980 277 667
1980 92 418
1980 56 439
1980 281 1227
1980 279 1170
1980 351 830
1980 457 1102
1980 410 1037
1980 398 825
1980 257 1162
1980 354 838
1980 372 484
1980 441 886
1980 302 658
1980 450 885
1980 284 527
1980 476 923
1980 90 421
1980 79 413
1980 262 566
1980 240 536
1980 214 612
1980 401 118
1980 455 1054
