1800 300 569
1800 259 501
1800 370 774
1800 307 662
1800 307 661
1800 435 829
1800 430 609
1800 235 59
1800 75 487
1800 37 917
1800 289 1183
1800 441 602
1800 439 827
1800 399 825
1800 286 660
1800 283 530
1800 317 811
1800 262 571
1800 287 1113
1800 240 534
1800 217 632
1820 378 852
1820 301 570
1820 425 517
1820 259 501
1820 409 645
1820 304 664
1820 304 666
1820 350 670
1820 420 384
1820 38 886
1820 409 642
1820 453 639
1820 421 838
1820 271 863
1820 382 848
1820 220 1230
1820 283 529
1820 412 644
1820 85 422
1820 263 570
1820 239 534
1820 217 626
1840 350 831
1840 380 852
1840 300 569
1840 363 613
1840 259 500
1840 298 663
1840 286 662
1840 363 501
1840 58 913
1840 391 655
1840 395 859
1840 386 857
1840 285 527
1840 426 643
1840 262 564
1840 238 533
1840 315 870
1840 218 625
1860 351 836
1860 386 857
1860 299 571
1860 476 521
1860 259 502
1860 385 698
1860 305 670
1860 304 667
1860 321 195
1860 354 698
1860 342 496
1860 319 186
1860 76 461
1860 58 923
1860 388 688
1860 374 556
1860 393 852
1860 285 528
1860 343 497
1860 263 568
1860 239 534
1860 218 629
1880 354 829
1880 300 566
1880 432 503
1880 272 501
1880 289 671
1880 294 671
1880 329 757
1880 65 539
1880 52 872
1880 378 511
1880 400 833
1880 307 726
1880 285 527
1880 348 510
1880 326 761
1880 260 568
1880 239 533
1880 218 626
1880 377 509
1880 66 536
1880 348 511
1900 355 831
1900 59 773
1900 378 860
1900 299 567
1900 432 446
1900 264 503
1900 62 647
1900 298 665
1900 299 664
1900 353 474
1900 431 385
1900 232 705
1900 234 709
1900 462 827
1900 234 725
1900 394 852
1900 344 513
1900 476 733
1900 236 735
1900 284 529
1900 88 762
1900 347 510
1900 353 473
1900 263 566
1900 240 532
1900 217 626
1900 382 493
1920 315 467
1920 366 822
1920 82 685
1920 382 861
1920 301 568
1920 399 391
1920 266 502
1920 297 442
1920 104 680
1920 392 743
1920 305 666
1920 291 652
1920 394 349
1920 374 863
1920 380 372
1920 427 918
1920 423 921
1920 394 544
1920 385 861
1920 381 369
1920 459 712
1920 284 528
1920 329 477
1920 217 628
1920 263 570
1920 15 612
1920 241 534
1920 218 630
1920 394 542
1920 156 639
1940 354 832
1940 383 864
1940 300 569
1940 261 524
1940 147 498
1940 148 501
1940 391 270
1940 395 284
1940 100 583
1940 307 671
1940 305 677
1940 466 858
1940 360 982
1940 356 730
1940 437 324
1940 421 569
1940 362 977
1940 420 571
1940 362 984
1940 397 831
1940 371 298
1940 287 738
1940 286 738
1940 475 886
1940 282 527
1940 263 568
1940 72 592
1940 239 539
1940 219 628
1940 101 578
1960 352 825
1960 388 854
1960 301 568
1960 264 502
1960 161 441
1960 341 214
1960 303 669
1960 303 668
1960 327 1070
1960 370 206
1960 421 554
1960 89 406
1960 251 723
1960 89 406
1960 171 742
1960 123 386
1960 67 507
1960 166 442
1960 312 1077
1960 431 551
1960 387 864
1960 181 753
1960 428 945
1960 424 961
1960 389 852
1960 286 529
1960 159 443
1960 299 1063
1960 88 406
1960 262 565
1960 122 387
1960 240 533
1960 251 722
1960 222 625
1960 92 492
1960 215 475
1960 173 759
1980 244 1153
1980 355 825
1980 86 753
1980 387 857
1980 408 1020
1980 301 568
1980 265 504
1980 302 611
1980 291 671
1980 107 282
1980 450 889
1980 359 1033
1980 172 741
1980 361 489
1980 339 125
1980 97 436
1980 106 464
1980 177 484
1980 275 1166
1980 369 1053
1980 450 893
1980 403 1031
1980 362 490
1980 398 830
1980 284 528
1980 361 489
1980 245 1153
1980 83 413
1980 262 573
1980 239 535
1980 214 629
1980 370 477
