1800 296 570
1800 275 662
1800 187 1306
1800 310 1178
1800 256 510
1800 236 77
1800 304 663
1800 275 663
1800 421 838
1800 287 666
1800 275 83
1800 251 73
1800 74 488
1800 40 918
1800 219 632
1800 283 1138
1800 295 1133
1800 278 661
1800 387 803
1800 292 1122
1800 425 612
1800 314 817
1800 406 828
1800 383 788
1800 234 63
1800 440 827
1800 277 544
1800 476 642
1800 276 663
1800 261 570
1800 276 660
1800 239 539
1800 218 644
1800 32 900
1800 278 664
1820 299 575
1820 426 518
1820 256 505
1820 350 675
1820 303 674
1820 279 687
1820 436 860
1820 288 681
1820 435 405
1820 38 904
1820 222 629
1820 232 1308
1820 228 1318
1820 414 638
1820 466 1077
1820 360 842
1820 221 1245
1820 360 847
1820 434 398
1820 276 857
1820 383 833
1820 220 1286
1820 304 669
1820 283 528
1820 417 637
1820 418 387
1820 264 574
1820 300 671
1820 271 674
1820 240 538
1820 216 631
1820 34 861
1820 454 1086
1820 281 675
1840 406 839
1840 296 575
1840 279 719
1840 358 621
1840 353 1202
1840 256 506
1840 369 308
1840 430 643
1840 280 682
1840 371 500
1840 77 456
1840 52 905
1840 221 630
1840 391 660
1840 183 1387
1840 415 653
1840 370 863
1840 470 1081
1840 360 835
1840 358 622
1840 381 843
1840 182 1377
1840 366 631
1840 283 534
1840 411 670
1840 357 607
1840 375 851
1840 260 574
1840 279 680
1840 239 539
1840 218 635
1840 40 886
1840 461 1098
1840 277 680
1840 360 499
1860 297 573
1860 284 699
1860 476 524
1860 255 509
1860 358 705
1860 459 790
1860 370 554
1860 285 684
1860 298 558
1860 76 454
1860 51 930
1860 220 632
1860 276 677
1860 379 701
1860 469 747
1860 358 847
1860 369 837
1860 383 704
1860 383 852
1860 320 183
1860 284 535
1860 374 556
1860 333 855
1860 259 570
1860 304 666
1860 239 539
1860 217 635
1860 284 677
1860 338 504
1880 397 847
1880 299 569
1880 272 696
1880 430 502
1880 425 498
1880 269 500
1880 310 670
1880 302 750
1880 463 532
1880 375 510
1880 280 671
1880 282 92
1880 389 512
1880 304 785
1880 44 867
1880 225 630
1880 265 730
1880 278 662
1880 468 437
1880 320 786
1880 313 673
1880 358 834
1880 424 501
1880 382 841
1880 301 675
1880 431 506
1880 286 524
1880 472 601
1880 375 507
1880 344 515
1880 261 577
1880 288 677
1880 244 538
1880 218 637
1880 278 651
1880 344 513
1900 239 699
1900 63 782
1900 301 567
1900 405 510
1900 438 444
1900 261 506
1900 239 699
1900 455 826
1900 283 715
1900 438 385
1900 371 489
1900 49 813
1900 230 646
1900 383 865
1900 470 433
1900 340 856
1900 272 687
1900 351 832
1900 390 496
1900 378 849
1900 301 666
1900 244 704
1900 464 834
1900 287 530
1900 478 745
1900 392 503
1900 263 567
1900 64 649
1900 240 535
1900 216 638
1900 76 766
1900 278 689
1900 346 500
1920 185 619
1920 297 444
1920 298 572
1920 452 441
1920 262 510
1920 296 443
1920 427 383
1920 155 651
1920 383 376
1920 392 746
1920 282 683
1920 411 895
1920 317 468
1920 405 350
1920 401 337
1920 299 603
1920 103 691
1920 172 611
1920 12 507
1920 221 637
1920 378 746
1920 450 704
1920 348 828
1920 420 920
1920 359 838
1920 419 405
1920 380 849
1920 302 665
1920 163 624
1920 424 915
1920 288 536
1920 465 719
1920 312 469
1920 393 542
1920 363 845
1920 260 575
1920 287 686
1920 41 754
1920 154 644
1920 235 548
1920 219 648
1920 398 350
1920 110 681
1920 276 694
1940 341 994
1940 339 1003
1940 296 572
1940 278 687
1940 129 535
1940 460 287
1940 257 504
1940 233 435
1940 124 530
1940 419 293
1940 371 313
1940 309 670
1940 274 678
1940 456 870
1940 287 730
1940 280 677
1940 378 956
1940 445 298
1940 425 324
1940 296 695
1940 5 608
1940 219 630
1940 427 572
1940 354 737
1940 470 867
1940 351 835
1940 447 333
1940 379 858
1940 306 671
1940 283 536
1940 478 900
1940 446 299
1940 134 529
1940 259 578
1940 291 677
1940 61 585
1940 238 544
1940 213 633
1940 464 1157
1940 278 675
1960 256 734
1960 391 860
1960 386 1010
1960 299 569
1960 86 523
1960 260 504
1960 450 157
1960 345 214
1960 436 556
1960 282 680
1960 455 162
1960 342 205
1960 168 440
1960 64 507
1960 220 630
1960 309 1059
1960 307 1051
1960 273 714
1960 383 779
1960 446 171
1960 156 453
1960 421 547
1960 404 1014
1960 362 853
1960 424 544
1960 382 849
1960 426 951
1960 284 532
1960 384 219
1960 87 524
1960 348 880
1960 256 574
1960 299 667
1960 237 531
1960 215 638
1960 379 213
1960 210 478
1960 191 733
1960 292 677
1980 355 1014
1980 374 865
1980 361 1043
1980 297 571
1980 341 1162
1980 259 513
1980 349 126
1980 301 120
1980 446 916
1980 42 279
1980 444 899
1980 280 680
1980 384 1044
1980 367 482
1980 67 432
1980 226 631
1980 253 1190
1980 248 1163
1980 243 1159
1980 382 852
1980 275 1168
1980 379 491
1980 253 1171
1980 167 503
1980 359 845
1980 460 1120
1980 357 1030
1980 361 846
1980 387 493
1980 387 841
1980 299 120
1980 241 1158
1980 456 913
1980 283 532
1980 65 434
1980 258 590
1980 175 494
1980 286 684
1980 239 539
1980 216 618
1980 170 491
1980 439 1076
1980 274 675
1980 355 490
