1800 374 760
1800 300 570
1800 290 1119
1800 261 501
1800 308 663
1800 439 827
1800 235 67
1800 76 486
1800 41 916
1800 293 1193
1800 293 1176
1800 430 613
1800 425 815
1800 300 663
1800 283 536
1800 450 617
1800 317 811
1800 292 1111
1800 263 570
1800 240 532
1800 218 631
1820 372 838
1820 301 569
1820 434 523
1820 259 501
1820 303 665
1820 303 668
1820 348 680
1820 420 384
1820 415 638
1820 226 1246
1820 37 889
1820 454 639
1820 421 840
1820 420 841
1820 226 1247
1820 278 856
1820 459 653
1820 288 668
1820 284 530
1820 458 652
1820 85 421
1820 263 568
1820 240 534
1820 217 627
1840 350 838
1840 372 849
1840 300 570
1840 260 500
1840 365 288
1840 368 307
1840 390 657
1840 297 675
1840 301 677
1840 423 642
1840 56 911
1840 390 656
1840 425 648
1840 404 841
1840 284 672
1840 286 528
1840 373 504
1840 262 567
1840 241 533
1840 218 626
1840 320 865
1860 350 838
1860 357 834
1860 300 571
1860 260 502
1860 388 698
1860 309 670
1860 468 920
1860 344 494
1860 320 187
1860 76 463
1860 391 689
1860 372 554
1860 302 664
1860 286 531
1860 266 569
1860 241 534
1860 220 629
1860 352 835
1880 356 827
1880 367 838
1880 302 565
1880 435 505
1880 269 496
1880 301 679
1880 351 511
1880 65 538
1880 49 870
1880 379 514
1880 291 668
1880 285 527
1880 381 517
1880 314 740
1880 262 567
1880 240 534
1880 218 626
1880 379 513
1880 67 535
1900 354 827
1900 58 773
1900 361 832
1900 300 568
1900 434 454
1900 264 502
1900 304 673
1900 466 825
1900 345 499
1900 432 385
1900 235 688
1900 63 778
1900 436 437
1900 235 724
1900 478 763
1900 236 691
1900 236 730
1900 389 859
1900 471 825
1900 295 663
1900 286 529
1900 83 762
1900 477 743
1900 378 494
1900 267 565
1900 242 533
1900 278 666
1900 218 627
1900 387 493
1920 299 440
1920 374 824
1920 36 748
1920 369 832
1920 297 592
1920 425 427
1920 266 502
1920 315 468
1920 106 677
1920 107 676
1920 389 738
1920 299 672
1920 454 717
1920 329 480
1920 400 342
1920 379 859
1920 178 603
1920 406 353
1920 405 850
1920 428 911
1920 414 895
1920 435 545
1920 410 895
1920 400 358
1920 290 666
1920 284 530
1920 397 544
1920 266 572
1920 242 534
1920 219 632
1920 175 611
1940 355 824
1940 391 842
1940 300 571
1940 244 536
1940 266 471
1940 149 495
1940 374 294
1940 396 274
1940 370 300
1940 309 667
1940 461 870
1940 361 978
1940 419 318
1940 134 508
1940 148 492
1940 422 568
1940 367 974
1940 372 298
1940 469 859
1940 305 678
1940 284 534
1940 266 563
1940 72 592
1940 240 534
1940 218 628
1940 101 585
1960 353 825
1960 372 825
1960 302 569
1960 158 443
1960 265 503
1960 159 442
1960 444 200
1960 305 667
1960 176 740
1960 368 203
1960 91 406
1960 67 507
1960 318 1075
1960 186 752
1960 430 554
1960 185 752
1960 428 946
1960 186 748
1960 413 956
1960 395 859
1960 417 279
1960 258 733
1960 210 615
1960 294 666
1960 286 530
1960 425 563
1960 323 1070
1960 89 404
1960 266 565
1960 245 532
1960 222 625
1960 429 192
1980 353 825
1980 87 754
1980 379 849
1980 379 1050
1980 300 568
1980 266 504
1980 293 649
1980 86 291
1980 452 889
1980 356 1028
1980 165 730
1980 342 129
1980 321 140
1980 96 438
1980 104 466
1980 177 484
1980 269 1247
1980 277 1168
1980 453 902
1980 387 857
1980 289 672
1980 284 529
1980 162 726
1980 373 485
1980 270 1169
1980 82 411
1980 264 572
1980 247 1155
1980 240 535
1980 215 626
1980 374 474
