1800 38 892
1800 299 569
1800 290 1119
1800 259 501
1800 370 766
1800 307 662
1800 306 665
1800 436 828
1800 429 608
1800 74 487
1800 38 919
1800 292 1202
1800 282 1161
1800 432 610
1800 438 828
1800 400 825
1800 277 665
1800 317 810
1800 284 660
1800 282 531
1800 317 810
1800 262 570
1800 286 1117
1800 240 533
1800 217 630
1820 361 836
1820 375 851
1820 300 570
1820 424 518
1820 259 501
1820 289 662
1820 349 677
1820 420 385
1820 410 634
1820 222 1229
1820 39 891
1820 410 642
1820 453 639
1820 421 836
1820 272 856
1820 386 852
1820 222 1231
1820 281 529
1820 415 649
1820 261 569
1820 239 534
1820 217 626
1840 352 828
1840 383 851
1840 299 570
1840 363 614
1840 259 500
1840 302 661
1840 286 663
1840 364 500
1840 426 644
1840 59 917
1840 392 656
1840 388 857
1840 284 526
1840 428 653
1840 259 565
1840 239 533
1840 315 868
1840 218 626
1840 346 841
1860 347 844
1860 389 854
1860 298 570
1860 476 520
1860 259 502
1860 389 702
1860 308 669
1860 301 667
1860 320 188
1860 354 696
1860 343 496
1860 317 186
1860 75 461
1860 59 926
1860 387 691
1860 473 519
1860 374 556
1860 393 849
1860 285 528
1860 344 496
1860 263 567
1860 240 536
1860 218 628
1880 352 842
1880 385 854
1880 299 564
1880 432 503
1880 267 496
1880 302 668
1880 286 663
1880 375 523
1880 66 538
1880 51 872
1880 379 512
1880 396 845
1880 280 661
1880 284 525
1880 347 513
1880 330 754
1880 259 567
1880 240 533
1880 218 625
1880 377 510
1880 66 537
1880 350 510
1900 354 830
1900 58 778
1900 385 855
1900 299 568
1900 436 448
1900 262 500
1900 62 647
1900 305 664
1900 293 666
1900 353 477
1900 432 386
1900 233 694
1900 438 387
1900 230 712
1900 479 741
1900 234 690
1900 381 496
1900 233 729
1900 393 853
1900 473 820
1900 281 669
1900 237 724
1900 284 528
1900 86 755
1900 478 739
1900 347 517
1900 232 720
1900 262 566
1900 241 533
1900 217 626
1900 380 498
1900 356 487
1920 299 438
1920 354 840
1920 28 738
1920 379 860
1920 300 568
1920 451 422
1920 265 501
1920 297 444
1920 101 682
1920 392 747
1920 291 664
1920 373 861
1920 154 638
1920 31 978
1920 400 364
1920 428 916
1920 423 917
1920 395 545
1920 386 864
1920 397 366
1920 464 715
1920 278 524
1920 323 473
1920 218 628
1920 262 571
1920 241 534
1920 218 629
1920 395 543
1920 155 638
1940 354 840
1940 381 864
1940 299 569
1940 235 430
1940 265 474
1940 147 501
1940 144 499
1940 389 268
1940 401 286
1940 70 594
1940 353 732
1940 308 671
1940 303 683
1940 463 871
1940 359 983
1940 267 467
1940 352 734
1940 426 320
1940 425 568
1940 363 977
1940 460 873
1940 397 833
1940 372 296
1940 287 738
1940 472 870
1940 278 669
1940 282 527
1940 263 567
1940 72 596
1940 239 536
1940 289 734
1940 218 629
1940 100 580
1960 351 829
1960 386 858
1960 201 751
1960 300 568
1960 264 503
1960 367 203
1960 220 626
1960 301 668
1960 289 657
1960 48 260
1960 370 205
1960 423 556
1960 90 405
1960 253 727
1960 95 491
1960 177 746
1960 124 386
1960 66 506
1960 330 1080
1960 172 741
1960 420 568
1960 431 552
1960 418 958
1960 180 750
1960 430 943
1960 425 964
1960 386 858
1960 285 529
1960 214 630
1960 301 1061
1960 304 1055
1960 89 406
1960 262 565
1960 33 574
1960 242 531
1960 225 626
1960 89 499
1960 351 829
1980 354 827
1980 93 757
1980 386 857
1980 402 1028
1980 299 568
1980 264 503
1980 179 484
1980 216 626
1980 304 583
1980 285 663
1980 106 281
1980 362 490
1980 451 887
1980 358 1035
1980 161 723
1980 363 490
1980 340 128
1980 327 140
1980 89 427
1980 104 463
1980 178 485
1980 269 1259
1980 276 1161
1980 377 1054
1980 452 892
1980 371 474
1980 397 832
1980 282 528
1980 160 723
1980 81 415
1980 261 572
1980 239 534
1980 217 628
