1800 300 570
1800 259 502
1800 368 766
1800 308 664
1800 436 827
1800 75 485
1800 36 921
1800 438 601
1800 439 826
1800 402 822
1800 284 531
1800 317 810
1800 262 570
1800 290 1111
1800 240 534
1800 216 632
1820 380 851
1820 300 569
1820 427 519
1820 259 501
1820 305 664
1820 283 665
1820 349 668
1820 421 384
1820 42 886
1820 410 644
1820 454 646
1820 423 837
1820 273 859
1820 406 843
1820 222 1232
1820 281 530
1820 260 571
1820 240 534
1820 217 626
1840 350 834
1840 382 850
1840 299 570
1840 361 613
1840 259 501
1840 302 658
1840 278 662
1840 54 904
1840 391 655
1840 388 856
1840 367 292
1840 284 528
1840 425 644
1840 261 564
1840 239 532
1840 316 871
1840 218 626
1840 346 839
1860 350 841
1860 384 858
1860 298 571
1860 259 503
1860 387 698
1860 307 670
1860 289 664
1860 318 186
1860 321 187
1860 75 464
1860 54 904
1860 387 690
1860 374 556
1860 397 845
1860 284 530
1860 343 493
1860 261 574
1860 240 535
1860 218 629
1880 354 828
1880 382 862
1880 300 567
1880 432 504
1880 267 496
1880 303 671
1880 284 661
1880 66 537
1880 55 877
1880 376 511
1880 399 840
1880 285 528
1880 347 510
1880 323 759
1880 261 567
1880 239 533
1880 218 626
1880 375 510
1880 65 537
1900 356 835
1900 58 776
1900 373 853
1900 299 568
1900 433 445
1900 265 504
1900 302 670
1900 293 665
1900 231 722
1900 353 474
1900 434 386
1900 231 710
1900 233 723
1900 232 724
1900 395 848
1900 235 738
1900 285 528
1900 89 768
1900 349 502
1900 264 564
1900 241 533
1900 217 626
1900 381 498
1920 316 466
1920 361 828
1920 376 864
1920 299 571
1920 410 371
1920 265 503
1920 298 440
1920 102 688
1920 395 742
1920 297 663
1920 396 360
1920 413 896
1920 427 918
1920 393 544
1920 386 863
1920 395 362
1920 465 732
1920 285 530
1920 262 573
1920 241 534
1920 218 631
1940 355 841
1940 383 864
1940 300 570
1940 236 431
1940 262 499
1940 387 268
1940 396 279
1940 306 668
1940 305 682
1940 465 858
1940 358 981
1940 356 731
1940 440 316
1940 354 985
1940 397 831
1940 370 295
1940 286 737
1940 473 868
1940 283 528
1940 263 569
1940 239 539
1940 219 628
1940 102 581
1960 352 826
1960 386 853
1960 300 568
1960 265 503
1960 364 201
1960 304 669
1960 290 652
1960 370 208
1960 419 554
1960 251 718
1960 175 743
1960 125 381
1960 66 508
1960 431 554
1960 425 961
1960 389 847
1960 285 530
1960 301 1059
1960 88 407
1960 261 564
1960 242 532
1960 223 621
1980 355 826
1980 386 855
1980 299 569
1980 264 504
1980 306 583
1980 286 668
1980 108 280
1980 358 1036
1980 361 490
1980 339 128
1980 324 142
1980 104 459
1980 179 484
1980 278 1164
1980 452 894
1980 396 833
1980 284 529
1980 246 1152
1980 84 415
1980 262 573
1980 239 535
1980 214 629
1980 372 477
