1800 369 760
1800 373 764
1800 300 568
1800 261 501
1800 305 658
1800 306 658
1800 439 822
1800 233 60
1800 75 488
1800 37 910
1800 285 1129
1800 430 611
1800 437 826
1800 393 824
1800 304 658
1800 283 528
1800 466 630
1800 290 1111
1800 262 566
1800 239 530
1800 284 615
1800 317 808
1800 216 627
1820 359 831
1820 299 566
1820 426 513
1820 259 500
1820 349 680
1820 297 667
1820 302 666
1820 414 831
1820 349 672
1820 420 383
1820 416 631
1820 222 1229
1820 37 886
1820 453 636
1820 422 850
1820 413 827
1820 222 1232
1820 275 851
1820 453 631
1820 298 667
1820 280 525
1820 457 642
1820 85 421
1820 262 561
1820 238 534
1820 216 626
1840 380 848
1840 367 837
1840 299 568
1840 363 611
1840 259 499
1840 389 652
1840 288 653
1840 295 663
1840 417 642
1840 80 456
1840 55 913
1840 391 655
1840 416 646
1840 403 840
1840 415 644
1840 389 850
1840 375 306
1840 280 672
1840 286 526
1840 361 497
1840 81 457
1840 260 562
1840 240 532
1840 217 624
1840 364 503
1840 315 866
1860 355 828
1860 300 570
1860 472 516
1860 259 500
1860 386 694
1860 307 668
1860 305 665
1860 365 689
1860 343 491
1860 314 180
1860 77 466
1860 59 918
1860 374 691
1860 372 554
1860 395 851
1860 305 665
1860 283 525
1860 265 559
1860 240 533
1860 218 629
1880 374 807
1880 44 858
1880 356 831
1880 300 560
1880 432 501
1880 264 493
1880 293 672
1880 305 666
1880 307 700
1880 65 539
1880 47 866
1880 401 830
1880 289 670
1880 278 509
1880 466 447
1880 377 512
1880 332 750
1880 259 557
1880 239 533
1880 217 625
1880 377 511
1880 66 537
1900 59 773
1900 354 818
1900 301 566
1900 434 443
1900 258 495
1900 298 665
1900 305 664
1900 467 824
1900 350 477
1900 431 385
1900 63 783
1900 445 395
1900 233 725
1900 234 722
1900 399 842
1900 295 663
1900 286 525
1900 88 751
1900 375 489
1900 262 559
1900 241 530
1900 277 666
1900 216 625
1900 388 488
1920 300 441
1920 382 818
1920 89 716
1920 362 832
1920 299 606
1920 430 458
1920 266 502
1920 297 439
1920 177 605
1920 313 463
1920 101 680
1920 105 676
1920 384 734
1920 287 652
1920 303 662
1920 329 477
1920 398 343
1920 177 603
1920 394 365
1920 179 603
1920 394 544
1920 403 844
1920 419 907
1920 420 904
1920 395 542
1920 389 865
1920 400 360
1920 295 660
1920 279 520
1920 394 543
1920 264 565
1920 240 532
1920 217 626
1920 178 615
1940 351 734
1940 354 842
1940 299 569
1940 232 428
1940 263 477
1940 129 522
1940 146 495
1940 377 294
1940 389 267
1940 100 586
1940 370 292
1940 310 659
1940 303 672
1940 466 858
1940 359 980
1940 269 462
1940 356 731
1940 422 311
1940 130 520
1940 148 497
1940 234 427
1940 424 567
1940 364 973
1940 396 832
1940 377 294
1940 477 885
1940 297 667
1940 283 528
1940 263 558
1940 72 598
1940 238 533
1940 281 669
1940 217 626
1940 100 585
1960 371 831
1960 301 567
1960 213 475
1960 439 556
1960 264 501
1960 157 444
1960 375 185
1960 340 210
1960 303 668
1960 302 665
1960 368 204
1960 91 495
1960 123 381
1960 197 748
1960 68 506
1960 302 1066
1960 432 555
1960 180 747
1960 428 943
1960 179 746
1960 415 957
1960 420 557
1960 390 846
1960 421 282
1960 300 666
1960 284 528
1960 436 555
1960 300 1064
1960 301 1057
1960 90 406
1960 265 558
1960 242 529
1960 261 734
1960 217 623
1960 416 244
1960 196 747
1980 353 822
1980 92 753
1980 366 839
1980 300 564
1980 266 504
1980 280 653
1980 301 659
1980 105 280
1980 452 884
1980 361 1028
1980 334 119
1980 320 138
1980 103 464
1980 103 463
1980 88 424
1980 175 483
1980 350 1039
1980 260 1237
1980 273 1167
1980 366 1024
1980 396 827
1980 291 670
1980 283 526
1980 166 725
1980 365 488
1980 246 1148
1980 84 411
1980 263 565
1980 239 531
1980 216 625
1980 382 487
