1800 300 568
1800 260 503
1800 285 531
1800 35 880
1800 305 659
1800 307 657
1800 463 641
1800 245 61
1800 77 484
1800 38 891
1800 286 1137
1800 293 1130
1800 379 778
1800 293 1186
1800 430 611
1800 363 770
1800 447 824
1800 370 764
1800 315 814
1800 401 812
1800 431 815
1800 285 534
1800 78 484
1800 265 568
1800 241 531
1800 219 638
1800 33 897
1820 300 573
1820 357 671
1820 431 518
1820 259 501
1820 287 532
1820 270 860
1820 354 672
1820 304 668
1820 304 667
1820 446 693
1820 295 674
1820 420 385
1820 405 642
1820 38 889
1820 358 686
1820 238 1291
1820 454 638
1820 381 821
1820 420 836
1820 226 1256
1820 428 850
1820 225 1256
1820 402 641
1820 431 852
1820 286 529
1820 453 743
1820 275 854
1820 262 570
1820 239 532
1820 218 627
1820 404 642
1840 369 832
1840 299 569
1840 362 618
1840 260 502
1840 289 526
1840 364 293
1840 393 659
1840 303 663
1840 296 663
1840 431 637
1840 279 676
1840 391 659
1840 81 455
1840 63 903
1840 416 649
1840 375 845
1840 412 831
1840 309 868
1840 413 820
1840 362 286
1840 360 607
1840 411 821
1840 287 525
1840 424 645
1840 262 568
1840 241 533
1840 219 633
1840 59 893
1840 361 607
1860 301 571
1860 362 697
1860 259 502
1860 289 528
1860 379 695
1860 306 668
1860 307 664
1860 374 557
1860 284 674
1860 273 628
1860 471 314
1860 343 213
1860 316 181
1860 79 459
1860 57 910
1860 384 694
1860 360 839
1860 396 854
1860 403 824
1860 458 830
1860 286 526
1860 374 557
1860 77 455
1860 263 568
1860 241 535
1860 220 633
1860 315 182
1860 374 557
1880 303 569
1880 431 502
1880 247 532
1880 289 528
1880 310 666
1880 303 661
1880 450 517
1880 379 508
1880 277 666
1880 468 436
1880 333 758
1880 46 868
1880 465 448
1880 357 836
1880 315 662
1880 397 853
1880 431 503
1880 396 781
1880 288 526
1880 378 510
1880 12 357
1880 262 570
1880 308 665
1880 66 531
1880 241 531
1880 220 631
1880 45 866
1880 312 675
1880 348 514
1900 235 702
1900 90 746
1900 240 728
1900 438 413
1900 260 498
1900 291 529
1900 307 664
1900 308 656
1900 238 706
1900 469 747
1900 375 491
1900 285 678
1900 435 387
1900 86 748
1900 239 687
1900 47 906
1900 399 819
1900 448 403
1900 355 833
1900 399 860
1900 337 889
1900 351 477
1900 406 829
1900 458 842
1900 290 526
1900 89 749
1900 474 739
1900 264 566
1900 242 531
1900 219 632
1900 245 751
1900 62 789
1900 350 491
1920 179 610
1920 24 731
1920 302 565
1920 450 412
1920 265 511
1920 289 530
1920 296 439
1920 405 350
1920 304 664
1920 305 663
1920 455 701
1920 396 546
1920 291 680
1920 316 465
1920 416 350
1920 82 696
1920 11 529
1920 34 884
1920 386 742
1920 367 836
1920 423 913
1920 404 878
1920 352 853
1920 404 346
1920 415 802
1920 406 341
1920 175 607
1920 289 529
1920 457 718
1920 391 550
1920 265 567
1920 24 703
1920 239 538
1920 223 636
1920 81 688
1940 361 972
1940 300 570
1940 360 730
1940 462 287
1940 249 536
1940 289 528
1940 134 523
1940 415 294
1940 355 291
1940 362 729
1940 309 665
1940 307 667
1940 470 865
1940 419 578
1940 285 675
1940 376 945
1940 234 431
1940 420 306
1940 294 752
1940 293 743
1940 298 726
1940 144 495
1940 421 575
1940 355 837
1940 280 481
1940 372 976
1940 348 822
1940 399 827
1940 360 296
1940 141 496
1940 451 869
1940 288 529
1940 474 868
1940 134 512
1940 267 560
1940 72 579
1940 241 532
1940 217 627
1940 393 267
1940 103 586
1940 273 695
1960 242 731
1960 311 1070
1960 303 571
1960 265 500
1960 289 528
1960 64 507
1960 454 187
1960 386 214
1960 366 176
1960 229 632
1960 276 585
1960 305 663
1960 443 563
1960 298 669
1960 346 210
1960 123 382
1960 195 742
1960 65 503
1960 304 1013
1960 426 547
1960 383 820
1960 426 952
1960 376 866
1960 409 821
1960 313 1040
1960 364 212
1960 428 935
1960 288 527
1960 91 405
1960 91 404
1960 264 568
1960 65 521
1960 234 530
1960 220 628
1960 383 201
1960 252 731
1960 214 476
1960 37 525
1960 274 741
1980 353 1002
1980 300 566
1980 174 487
1980 401 809
1980 354 1195
1980 260 508
1980 288 526
1980 89 422
1980 112 245
1980 340 129
1980 293 564
1980 301 635
1980 52 259
1980 113 274
1980 113 250
1980 279 666
1980 386 1038
1980 301 119
1980 122 754
1980 86 409
1980 71 429
1980 189 489
1980 399 819
1980 269 1168
1980 243 1156
1980 174 484
1980 353 836
1980 458 1084
1980 392 1057
1980 397 850
1980 355 889
1980 371 482
1980 386 489
1980 401 825
1980 245 1151
1980 446 892
1980 293 675
1980 287 525
1980 473 902
1980 107 463
1980 84 274
1980 261 573
1980 243 532
1980 221 624
1980 394 144
1980 447 1017
