1800 384 810
1800 300 568
1800 259 502
1800 369 772
1800 307 663
1800 290 657
1800 437 825
1800 431 607
1800 234 58
1800 74 486
1800 37 917
1800 289 1183
1800 430 608
1800 439 825
1800 401 825
1800 284 530
1800 316 809
1800 262 571
1800 287 1111
1800 240 533
1800 216 631
1820 374 844
1820 378 846
1820 300 568
1820 422 512
1820 259 501
1820 304 665
1820 278 667
1820 352 669
1820 420 384
1820 369 845
1820 39 883
1820 409 640
1820 452 640
1820 422 839
1820 268 866
1820 412 837
1820 221 1231
1820 282 529
1820 412 648
1820 262 572
1820 239 533
1820 217 625
1840 350 829
1840 379 854
1840 300 569
1840 259 501
1840 295 663
1840 276 673
1840 378 853
1840 56 913
1840 391 654
1840 416 645
1840 390 860
1840 368 287
1840 285 527
1840 427 646
1840 261 565
1840 239 533
1840 316 867
1840 218 625
1860 351 835
1860 383 862
1860 299 571
1860 475 516
1860 259 502
1860 383 698
1860 304 669
1860 281 662
1860 321 196
1860 340 497
1860 320 194
1860 75 463
1860 57 922
1860 386 691
1860 373 554
1860 400 840
1860 285 528
1860 343 492
1860 263 570
1860 240 534
1860 218 627
1860 374 553
1880 355 830
1880 381 861
1880 300 564
1880 432 503
1880 269 498
1880 297 672
1880 282 660
1880 356 845
1880 65 540
1880 53 872
1880 377 509
1880 403 830
1880 284 526
1880 347 510
1880 312 744
1880 261 568
1880 240 532
1880 218 625
1880 376 507
1880 348 508
1900 355 830
1900 59 774
1900 368 838
1900 299 567
1900 432 444
1900 265 504
1900 61 649
1900 300 666
1900 283 667
1900 234 728
1900 354 474
1900 434 386
1900 236 723
1900 353 838
1900 234 697
1900 231 720
1900 401 833
1900 476 735
1900 237 726
1900 285 528
1900 89 767
1900 351 504
1900 354 473
1900 263 566
1900 241 531
1900 217 625
1900 381 494
1920 314 466
1920 361 832
1920 83 684
1920 369 854
1920 301 567
1920 400 387
1920 265 503
1920 292 442
1920 83 688
1920 392 742
1920 302 664
1920 287 658
1920 398 345
1920 374 864
1920 377 369
1920 427 917
1920 424 920
1920 395 543
1920 388 863
1920 390 365
1920 460 711
1920 284 528
1920 324 470
1920 217 630
1920 263 572
1920 242 534
1920 218 630
1920 178 606
1940 354 830
1940 385 857
1940 300 569
1940 235 431
1940 262 499
1940 147 498
1940 388 269
1940 450 299
1940 307 671
1940 304 677
1940 466 857
1940 358 982
1940 357 730
1940 418 313
1940 421 568
1940 370 868
1940 421 569
1940 360 978
1940 399 831
1940 372 296
1940 286 738
1940 285 740
1940 473 869
1940 283 528
1940 263 567
1940 239 539
1940 218 628
1940 101 580
1960 352 825
1960 385 857
1960 301 567
1960 264 502
1960 160 443
1960 202 752
1960 369 181
1960 304 669
1960 280 671
1960 214 473
1960 369 205
1960 419 555
1960 89 406
1960 251 720
1960 173 741
1960 370 860
1960 124 385
1960 67 507
1960 160 443
1960 431 552
1960 175 745
1960 428 943
1960 426 959
1960 395 845
1960 287 529
1960 208 614
1960 299 1061
1960 89 407
1960 263 564
1960 242 531
1960 223 623
1960 216 475
1980 245 1152
1980 353 825
1980 86 753
1980 386 858
1980 300 568
1980 264 503
1980 179 484
1980 299 583
1980 282 666
1980 106 281
1980 450 888
1980 359 1040
1980 171 739
1980 361 489
1980 338 126
1980 90 431
1980 105 464
1980 383 858
1980 177 484
1980 260 1235
1980 278 1167
1980 368 1052
1980 452 893
1980 399 1025
1980 399 830
1980 284 529
1980 362 490
1980 245 1148
1980 81 425
1980 261 576
1980 239 533
1980 213 628
1980 368 477
