1800 300 570
1800 287 1113
1800 259 500
1800 307 661
1800 439 821
1800 428 610
1800 74 484
1800 233 58
1800 76 485
1800 38 917
1800 289 1112
1800 429 612
1800 391 813
1800 401 828
1800 280 529
1800 443 840
1800 315 809
1800 292 1109
1800 262 572
1800 239 531
1800 317 809
1800 217 630
1820 357 836
1820 299 568
1820 221 1226
1820 427 511
1820 258 499
1820 307 665
1820 303 665
1820 413 837
1820 354 669
1820 419 384
1820 407 637
1820 40 882
1820 408 639
1820 453 639
1820 378 843
1820 275 848
1820 414 836
1820 219 1232
1820 457 642
1820 290 645
1820 281 530
1820 415 646
1820 84 422
1820 261 572
1820 238 534
1820 217 624
1840 374 851
1840 300 569
1840 362 611
1840 259 501
1840 363 287
1840 308 662
1840 299 669
1840 362 611
1840 415 643
1840 170 1354
1840 64 915
1840 390 656
1840 417 645
1840 382 851
1840 360 500
1840 403 837
1840 364 836
1840 282 654
1840 284 527
1840 416 642
1840 259 572
1840 239 533
1840 314 868
1840 217 625
1840 315 867
1860 315 179
1860 354 826
1860 300 572
1860 475 523
1860 258 502
1860 388 699
1860 308 667
1860 304 666
1860 367 685
1860 339 495
1860 320 187
1860 76 460
1860 62 919
1860 386 688
1860 385 855
1860 401 833
1860 375 849
1860 286 637
1860 283 530
1860 387 709
1860 374 556
1860 262 568
1860 283 597
1860 240 533
1860 219 628
1860 353 829
1880 353 832
1880 300 559
1880 431 501
1880 267 495
1880 306 668
1880 307 668
1880 320 705
1880 430 500
1880 49 867
1880 476 445
1880 381 856
1880 377 512
1880 401 827
1880 349 847
1880 346 510
1880 286 595
1880 278 516
1880 329 752
1880 261 568
1880 240 533
1880 217 626
1900 351 837
1900 300 568
1900 435 448
1900 259 497
1900 63 647
1900 404 837
1900 308 665
1900 305 663
1900 462 823
1900 352 472
1900 430 388
1900 92 736
1900 65 778
1900 231 722
1900 384 856
1900 350 480
1900 229 705
1900 403 827
1900 351 839
1900 343 504
1900 295 572
1900 287 528
1900 86 746
1900 478 721
1900 265 563
1900 242 533
1900 217 627
1920 81 682
1920 365 820
1920 294 441
1920 296 584
1920 438 499
1920 265 502
1920 298 445
1920 176 605
1920 294 441
1920 106 677
1920 393 746
1920 22 260
1920 455 709
1920 315 465
1920 397 346
1920 393 543
1920 155 635
1920 173 599
1920 450 430
1920 381 850
1920 401 887
1920 355 835
1920 381 368
1920 280 613
1920 283 531
1920 395 791
1920 264 568
1920 241 535
1920 218 629
1920 155 635
1940 353 840
1940 300 569
1940 267 470
1940 146 494
1940 233 429
1940 375 294
1940 389 267
1940 370 296
1940 310 666
1940 460 869
1940 360 982
1940 422 312
1940 296 709
1940 145 489
1940 232 429
1940 422 569
1940 384 853
1940 290 737
1940 397 827
1940 352 844
1940 377 296
1940 296 581
1940 280 522
1940 463 872
1940 262 574
1940 240 534
1940 218 627
1940 100 577
1960 368 820
1960 301 569
1960 213 475
1960 264 502
1960 372 206
1960 391 815
1960 305 663
1960 391 848
1960 367 179
1960 422 548
1960 88 500
1960 67 502
1960 427 550
1960 389 848
1960 416 955
1960 391 849
1960 381 853
1960 284 531
1960 439 558
1960 300 1058
1960 299 1063
1960 90 403
1960 265 565
1960 241 531
1960 221 626
1960 422 220
1960 39 560
1980 362 831
1980 369 1029
1980 300 567
1980 264 503
1980 84 412
1980 297 569
1980 84 289
1980 452 888
1980 356 1037
1980 163 720
1980 338 127
1980 87 409
1980 254 1162
1980 278 1167
1980 397 820
1980 402 1043
1980 361 487
1980 397 824
1980 380 848
1980 293 571
1980 281 529
1980 459 923
1980 281 1149
1980 88 409
1980 260 588
1980 245 1148
1980 238 533
1980 216 626
1980 376 104
1980 337 127
