1800 300 570
1800 259 502
1800 369 765
1800 308 664
1800 304 665
1800 437 827
1800 236 58
1800 75 485
1800 37 918
1800 290 1201
1800 438 600
1800 440 826
1800 401 823
1800 284 531
1800 474 647
1800 317 809
1800 262 570
1800 290 1111
1800 240 535
1800 216 631
1820 380 848
1820 300 569
1820 427 516
1820 259 501
1820 305 664
1820 287 663
1820 350 669
1820 421 384
1820 41 887
1820 410 643
1820 454 646
1820 423 835
1820 272 866
1820 413 835
1820 223 1244
1820 282 530
1820 261 572
1820 239 535
1820 217 626
1840 350 833
1840 382 850
1840 299 570
1840 362 611
1840 259 500
1840 302 658
1840 280 665
1840 365 500
1840 427 643
1840 54 903
1840 392 656
1840 395 860
1840 388 857
1840 368 294
1840 285 528
1840 428 646
1840 261 564
1840 239 533
1840 316 867
1840 218 625
1860 350 839
1860 385 855
1860 298 571
1860 260 503
1860 387 697
1860 307 670
1860 293 664
1860 318 191
1860 343 496
1860 320 188
1860 75 463
1860 53 906
1860 388 690
1860 374 557
1860 399 843
1860 285 529
1860 344 495
1860 262 571
1860 240 534
1860 218 628
1880 355 827
1880 382 862
1880 300 567
1880 433 504
1880 270 496
1880 302 671
1880 286 656
1880 377 513
1880 67 537
1880 57 877
1880 377 509
1880 402 832
1880 285 528
1880 347 511
1880 323 759
1880 261 567
1880 239 533
1880 218 626
1880 375 509
1880 67 539
1880 350 509
1900 356 835
1900 60 774
1900 380 855
1900 299 567
1900 433 443
1900 265 504
1900 302 670
1900 294 616
1900 230 719
1900 354 474
1900 434 386
1900 233 704
1900 234 723
1900 464 823
1900 234 724
1900 401 843
1900 476 730
1900 235 734
1900 285 528
1900 90 767
1900 348 504
1900 265 566
1900 241 533
1900 217 627
1900 381 496
1920 315 466
1920 363 825
1920 377 862
1920 300 569
1920 412 393
1920 266 504
1920 296 442
1920 103 685
1920 395 740
1920 303 665
1920 297 661
1920 398 345
1920 370 829
1920 399 347
1920 411 899
1920 427 917
1920 395 543
1920 388 861
1920 395 359
1920 467 709
1920 285 530
1920 263 571
1920 242 535
1920 218 631
1920 393 540
1920 155 636
1940 355 837
1940 383 864
1940 300 570
1940 236 432
1940 260 504
1940 149 502
1940 388 268
1940 401 298
1940 306 666
1940 307 682
1940 465 858
1940 359 979
1940 357 728
1940 440 315
1940 131 515
1940 360 980
1940 357 980
1940 399 826
1940 371 297
1940 286 738
1940 474 873
1940 283 528
1940 263 569
1940 240 540
1940 218 628
1940 103 581
1960 353 826
1960 386 860
1960 300 568
1960 265 503
1960 156 431
1960 365 201
1960 304 669
1960 294 643
1960 368 204
1960 419 553
1960 251 720
1960 162 737
1960 124 383
1960 67 508
1960 431 552
1960 399 922
1960 425 958
1960 391 847
1960 286 530
1960 210 630
1960 304 1064
1960 88 407
1960 262 564
1960 241 531
1960 223 621
1960 92 493
1980 355 825
1980 86 755
1980 386 853
1980 299 569
1980 265 504
1980 309 591
1980 289 651
1980 108 300
1980 359 1033
1980 362 489
1980 339 128
1980 321 145
1980 92 427
1980 104 461
1980 179 484
1980 270 1168
1980 370 1054
1980 452 894
1980 362 490
1980 399 828
1980 284 529
1980 247 1151
1980 84 426
1980 261 573
1980 239 536
1980 216 628
1980 373 475
