1800 300 568
1800 259 501
1800 369 763
1800 307 663
1800 307 663
1800 435 827
1800 432 608
1800 75 486
1800 37 918
1800 290 1203
1800 440 601
1800 439 825
1800 402 821
1800 281 656
1800 284 530
1800 475 640
1800 317 809
1800 262 569
1800 291 1109
1800 240 533
1800 216 631
1820 376 851
1820 300 567
1820 428 516
1820 259 500
1820 305 664
1820 286 662
1820 351 668
1820 421 384
1820 41 883
1820 409 641
1820 453 643
1820 422 839
1820 271 866
1820 416 830
1820 222 1229
1820 282 529
1820 417 649
1820 261 569
1820 240 532
1820 218 625
1840 374 863
1840 299 570
1840 259 500
1840 303 655
1840 281 665
1840 56 914
1840 391 654
1840 388 854
1840 284 527
1840 426 642
1840 262 563
1840 239 532
1840 315 868
1840 218 625
1840 348 836
1860 351 839
1860 382 859
1860 299 570
1860 477 516
1860 259 502
1860 387 698
1860 306 669
1860 297 665
1860 320 195
1860 362 691
1860 321 190
1860 76 462
1860 56 916
1860 388 690
1860 374 555
1860 401 842
1860 285 528
1860 346 497
1860 261 568
1860 241 533
1860 218 626
1880 360 807
1880 384 851
1880 300 566
1880 433 503
1880 267 495
1880 304 670
1880 286 664
1880 66 537
1880 57 873
1880 378 509
1880 399 843
1880 284 527
1880 348 511
1880 326 759
1880 260 567
1880 239 531
1880 217 625
1880 376 507
1880 69 538
1880 348 507
1900 59 774
1900 378 844
1900 300 566
1900 432 447
1900 265 503
1900 302 668
1900 294 664
1900 230 722
1900 354 473
1900 435 386
1900 235 717
1900 233 725
1900 396 845
1900 477 723
1900 231 725
1900 285 527
1900 91 768
1900 346 507
1900 264 564
1900 241 532
1900 217 625
1900 381 496
1920 318 467
1920 385 856
1920 301 569
1920 449 422
1920 265 502
1920 298 442
1920 86 690
1920 394 739
1920 298 661
1920 390 361
1920 413 898
1920 426 918
1920 429 915
1920 394 543
1920 386 861
1920 395 353
1920 471 699
1920 285 527
1920 327 474
1920 216 627
1920 262 570
1920 242 533
1920 218 630
1920 394 542
1920 155 635
1920 356 832
1940 350 830
1940 384 862
1940 299 571
1940 239 435
1940 260 506
1940 147 500
1940 148 500
1940 387 268
1940 397 302
1940 306 667
1940 305 684
1940 468 855
1940 359 980
1940 357 730
1940 439 317
1940 360 979
1940 358 979
1940 461 872
1940 398 832
1940 371 294
1940 285 740
1940 474 867
1940 283 527
1940 263 566
1940 240 537
1940 219 627
1940 103 581
1960 352 827
1960 387 854
1960 301 568
1960 264 502
1960 369 193
1960 304 668
1960 292 643
1960 370 204
1960 420 553
1960 89 407
1960 253 721
1960 90 410
1960 175 741
1960 123 381
1960 67 505
1960 425 550
1960 176 745
1960 429 942
1960 424 957
1960 389 850
1960 285 529
1960 211 627
1960 302 1058
1960 89 408
1960 262 562
1960 242 534
1960 224 612
1960 93 495
1980 356 823
1980 87 752
1980 385 856
1980 394 1034
1980 300 569
1980 265 503
1980 285 667
1980 107 283
1980 358 1035
1980 362 488
1980 338 122
1980 326 146
1980 93 425
1980 105 462
1980 178 484
1980 271 1305
1980 281 1162
1980 368 1052
1980 453 894
1980 361 489
1980 398 831
1980 284 529
1980 247 1150
1980 87 417
1980 262 572
1980 240 533
1980 215 626
1980 370 479
