1800 300 570
1800 286 1114
1800 261 502
1800 371 775
1800 307 663
1800 307 661
1800 437 830
1800 391 819
1800 430 612
1800 75 487
1800 233 57
1800 76 488
1800 35 916
1800 288 1114
1800 285 1133
1800 429 613
1800 395 820
1800 405 837
1800 293 660
1800 282 533
1800 315 815
1800 291 1111
1800 263 572
1800 241 536
1800 317 812
1800 218 631
1800 317 812
1820 359 836
1820 300 570
1820 221 1229
1820 420 382
1820 260 503
1820 420 383
1820 308 667
1820 304 667
1820 421 845
1820 354 669
1820 408 645
1820 223 1240
1820 84 422
1820 360 837
1820 40 883
1820 276 854
1820 454 640
1820 382 844
1820 415 835
1820 355 839
1820 220 1229
1820 457 642
1820 283 673
1820 282 531
1820 411 648
1820 85 421
1820 264 574
1820 238 536
1820 277 854
1820 218 628
1840 357 831
1840 378 852
1840 300 570
1840 363 613
1840 261 503
1840 364 288
1840 308 666
1840 303 665
1840 391 867
1840 301 670
1840 422 645
1840 365 843
1840 83 457
1840 61 916
1840 391 658
1840 423 647
1840 386 854
1840 404 839
1840 279 679
1840 286 529
1840 363 617
1840 260 575
1840 240 535
1840 315 867
1840 218 628
1840 362 501
1840 317 864
1860 316 187
1860 353 830
1860 354 835
1860 299 571
1860 473 522
1860 260 504
1860 388 705
1860 319 681
1860 307 670
1860 359 694
1860 339 499
1860 317 186
1860 349 843
1860 77 463
1860 57 920
1860 372 691
1860 389 858
1860 372 553
1860 403 834
1860 295 677
1860 284 530
1860 373 558
1860 260 583
1860 241 538
1860 220 632
1860 351 833
1880 355 837
1880 352 846
1880 301 562
1880 467 435
1880 275 499
1880 307 673
1880 308 678
1880 401 838
1880 300 742
1880 351 510
1880 431 502
1880 65 532
1880 352 847
1880 48 860
1880 394 852
1880 380 514
1880 404 830
1880 348 513
1880 282 667
1880 282 523
1880 348 513
1880 350 511
1880 330 753
1880 264 567
1880 240 535
1880 218 627
1880 377 510
1880 65 529
1880 350 511
1900 353 828
1900 59 775
1900 238 700
1900 348 842
1900 302 566
1900 437 450
1900 264 503
1900 236 699
1900 443 394
1900 64 649
1900 66 653
1900 308 671
1900 305 666
1900 237 725
1900 460 827
1900 349 505
1900 429 394
1900 56 1234
1900 238 696
1900 352 837
1900 61 775
1900 445 419
1900 237 725
1900 478 733
1900 239 728
1900 390 860
1900 383 498
1900 230 720
1900 404 831
1900 346 517
1900 290 702
1900 286 529
1900 88 753
1900 479 725
1900 349 511
1900 343 523
1900 236 711
1900 265 569
1900 243 536
1900 237 701
1900 217 626
1900 347 511
1920 179 608
1920 299 443
1920 360 826
1920 38 752
1920 360 836
1920 297 440
1920 307 606
1920 291 1237
1920 436 476
1920 266 505
1920 301 458
1920 181 614
1920 318 472
1920 399 351
1920 104 679
1920 106 682
1920 371 370
1920 391 749
1920 308 670
1920 306 667
1920 38 253
1920 417 919
1920 320 477
1920 399 343
1920 394 544
1920 357 828
1920 178 606
1920 180 610
1920 387 372
1920 384 864
1920 423 918
1920 416 897
1920 394 547
1920 402 840
1920 396 363
1920 291 682
1920 282 532
1920 460 734
1920 157 638
1920 261 597
1920 243 536
1920 219 633
1920 181 612
1940 352 845
1940 300 570
1940 460 285
1940 263 494
1940 130 517
1940 150 499
1940 234 431
1940 375 296
1940 394 273
1940 310 673
1940 302 693
1940 43 258
1940 360 983
1940 396 277
1940 422 572
1940 290 727
1940 100 586
1940 351 846
1940 389 269
1940 424 569
1940 383 862
1940 459 870
1940 401 829
1940 376 296
1940 286 735
1940 477 885
1940 283 675
1940 284 528
1940 476 886
1940 264 571
1940 245 540
1940 218 629
1940 101 591
1960 357 823
1960 369 856
1960 301 569
1960 161 442
1960 215 476
1960 300 1070
1960 265 503
1960 372 207
1960 449 183
1960 65 506
1960 377 813
1960 304 669
1960 303 668
1960 36 226
1960 423 940
1960 373 209
1960 425 548
1960 331 202
1960 90 406
1960 91 425
1960 370 851
1960 122 385
1960 67 504
1960 433 192
1960 430 555
1960 387 855
1960 194 748
1960 425 946
1960 413 944
1960 425 559
1960 400 842
1960 285 672
1960 285 531
1960 299 1063
1960 89 407
1960 265 566
1960 242 534
1960 221 626
1960 432 193
1960 196 748
1980 82 752
1980 358 839
1980 401 1046
1980 300 568
1980 267 507
1980 319 603
1980 302 665
1980 452 890
1980 359 1036
1980 336 125
1980 320 127
1980 93 426
1980 70 423
1980 352 833
1980 103 462
1980 177 486
1980 269 1282
1980 278 1165
1980 393 853
1980 407 1042
1980 363 490
1980 398 835
1980 281 665
1980 285 528
1980 160 725
1980 246 1150
1980 81 411
1980 262 581
1980 246 1149
1980 239 537
1980 214 628
1980 360 487
1980 377 109
