1800 299 570
1800 287 1115
1800 260 502
1800 368 768
1800 306 663
1800 305 662
1800 438 825
1800 430 611
1800 75 488
1800 236 72
1800 75 488
1800 37 916
1800 290 1193
1800 429 612
1800 439 831
1800 398 827
1800 281 533
1800 467 635
1800 317 812
1800 262 571
1800 288 1112
1800 240 535
1800 316 810
1800 217 633
1820 362 841
1820 378 850
1820 299 571
1820 352 670
1820 426 515
1820 258 502
1820 408 649
1820 304 665
1820 302 668
1820 416 843
1820 349 680
1820 420 386
1820 408 639
1820 220 1232
1820 39 887
1820 353 670
1820 453 643
1820 420 844
1820 272 856
1820 415 839
1820 219 1230
1820 276 854
1820 281 532
1820 409 650
1820 83 422
1820 260 576
1820 238 535
1820 217 628
1840 350 838
1840 376 858
1840 299 571
1840 363 613
1840 259 502
1840 289 667
1840 292 676
1840 416 645
1840 82 460
1840 59 914
1840 390 657
1840 428 646
1840 380 859
1840 382 855
1840 284 530
1840 360 498
1840 259 569
1840 240 535
1840 315 867
1840 217 627
1840 361 496
1840 343 849
1860 319 185
1860 350 835
1860 346 846
1860 299 571
1860 473 523
1860 259 504
1860 385 697
1860 305 669
1860 301 671
1860 367 690
1860 340 502
1860 317 183
1860 75 464
1860 56 920
1860 387 696
1860 371 554
1860 392 852
1860 282 622
1860 284 531
1860 264 569
1860 240 536
1860 219 632
1860 373 556
1880 355 837
1880 352 847
1880 300 565
1880 432 504
1880 273 499
1880 298 673
1880 297 675
1880 306 692
1880 332 757
1880 466 444
1880 65 539
1880 51 869
1880 377 515
1880 399 846
1880 281 527
1880 331 754
1880 260 571
1880 239 535
1880 218 627
1880 377 514
1880 65 540
1900 348 838
1900 59 779
1900 352 835
1900 299 567
1900 436 453
1900 264 505
1900 62 651
1900 301 669
1900 300 672
1900 350 476
1900 435 387
1900 434 460
1900 227 722
1900 228 686
1900 355 486
1900 229 717
1900 392 857
1900 232 723
1900 284 532
1900 89 765
1900 377 492
1900 265 570
1900 241 534
1900 228 673
1900 217 628
1900 380 493
1920 297 439
1920 363 826
1920 365 837
1920 296 570
1920 447 427
1920 265 505
1920 299 447
1920 102 689
1920 389 741
1920 297 665
1920 298 663
1920 453 716
1920 322 474
1920 401 346
1920 178 607
1920 30 982
1920 386 738
1920 402 349
1920 407 900
1920 410 897
1920 396 549
1920 382 861
1920 378 368
1920 279 528
1920 264 573
1920 10 654
1920 241 535
1920 218 631
1920 393 545
1920 156 641
1940 354 832
1940 353 845
1940 300 571
1940 234 431
1940 261 516
1940 148 505
1940 149 499
1940 396 274
1940 307 671
1940 305 682
1940 461 874
1940 288 725
1940 359 981
1940 358 734
1940 453 301
1940 422 573
1940 360 983
1940 460 877
1940 396 835
1940 372 297
1940 288 725
1940 277 531
1940 264 569
1940 288 729
1940 243 539
1940 287 727
1940 218 628
1940 100 587
1960 351 827
1960 375 830
1960 301 569
1960 215 476
1960 431 551
1960 264 504
1960 336 206
1960 304 669
1960 303 671
1960 440 225
1960 370 205
1960 425 550
1960 340 214
1960 90 407
1960 255 729
1960 93 506
1960 122 385
1960 66 511
1960 429 552
1960 172 743
1960 421 950
1960 422 967
1960 388 856
1960 216 475
1960 279 681
1960 284 532
1960 159 442
1960 299 1063
1960 87 408
1960 264 562
1960 240 537
1960 224 621
1960 413 240
1980 246 1154
1980 353 825
1980 88 754
1980 361 837
1980 368 1057
1980 300 568
1980 177 484
1980 264 504
1980 298 574
1980 295 668
1980 361 1032
1980 338 122
1980 332 125
1980 105 465
1980 105 466
1980 104 464
1980 176 485
1980 277 1167
1980 451 889
1980 400 1044
1980 399 829
1980 282 532
1980 160 731
1980 366 481
1980 243 1153
1980 77 424
1980 262 574
1980 265 1169
1980 239 537
1980 214 628
1980 360 489
