1800 300 570
1800 259 502
1800 368 766
1800 308 664
1800 436 826
1800 75 485
1800 36 922
1800 282 1153
1800 437 602
1800 439 825
1800 402 821
1800 283 531
1800 317 810
1800 261 569
1800 290 1111
1800 240 534
1800 216 632
1820 380 850
1820 300 569
1820 428 518
1820 259 501
1820 305 664
1820 283 664
1820 350 668
1820 420 384
1820 42 887
1820 410 644
1820 454 646
1820 423 837
1820 274 858
1820 408 843
1820 223 1234
1820 281 530
1820 413 647
1820 260 570
1820 240 534
1820 217 626
1840 350 833
1840 378 854
1840 299 570
1840 361 613
1840 259 501
1840 302 657
1840 277 663
1840 54 904
1840 391 655
1840 388 857
1840 367 291
1840 284 528
1840 426 647
1840 261 564
1840 239 532
1840 316 870
1840 218 626
1840 342 848
1860 350 840
1860 382 858
1860 298 571
1860 259 502
1860 387 698
1860 307 670
1860 286 663
1860 318 188
1860 320 187
1860 75 464
1860 53 902
1860 387 690
1860 374 556
1860 399 842
1860 284 529
1860 344 495
1860 261 575
1860 240 534
1860 218 628
1880 354 828
1880 383 851
1880 300 567
1880 433 504
1880 267 496
1880 304 670
1880 283 661
1880 66 538
1880 56 878
1880 376 510
1880 398 841
1880 285 528
1880 347 510
1880 323 759
1880 261 566
1880 239 532
1880 218 626
1880 375 510
1880 66 537
1900 356 835
1900 59 775
1900 360 836
1900 299 568
1900 433 445
1900 265 504
1900 302 670
1900 290 668
1900 231 723
1900 353 474
1900 433 385
1900 232 708
1900 234 725
1900 233 724
1900 395 848
1900 236 738
1900 285 528
1900 90 767
1900 348 504
1900 264 564
1900 241 532
1900 217 626
1900 381 497
1920 316 466
1920 361 828
1920 375 863
1920 300 570
1920 414 392
1920 265 503
1920 297 440
1920 102 687
1920 395 741
1920 294 663
1920 396 359
1920 413 896
1920 427 917
1920 394 544
1920 386 863
1920 395 356
1920 465 730
1920 284 530
1920 262 573
1920 241 533
1920 218 631
1920 155 637
1940 355 841
1940 383 864
1940 300 570
1940 236 431
1940 262 499
1940 147 502
1940 387 268
1940 398 297
1940 306 667
1940 305 684
1940 465 857
1940 359 981
1940 356 730
1940 440 315
1940 354 984
1940 397 831
1940 370 295
1940 286 737
1940 474 867
1940 283 528
1940 263 568
1940 239 538
1940 218 628
1940 102 582
1960 352 826
1960 386 853
1960 300 568
1960 264 503
1960 364 201
1960 304 669
1960 289 652
1960 370 210
1960 419 554
1960 251 718
1960 173 743
1960 124 381
1960 66 508
1960 431 554
1960 424 961
1960 389 850
1960 285 530
1960 208 629
1960 301 1060
1960 88 407
1960 261 564
1960 242 533
1960 222 622
1980 355 826
1980 384 856
1980 299 569
1980 264 504
1980 306 583
1980 285 667
1980 110 283
1980 357 1036
1980 361 490
1980 338 128
1980 102 459
1980 178 484
1980 277 1164
1980 451 893
1980 396 833
1980 284 529
1980 247 1151
1980 84 414
1980 262 570
1980 239 535
1980 214 629
1980 372 476
