1800 300 569
1800 260 501
1800 369 764
1800 307 662
1800 307 661
1800 438 828
1800 430 607
1800 75 486
1800 36 915
1800 289 1193
1800 435 605
1800 439 825
1800 400 823
1800 284 530
1800 317 811
1800 262 569
1800 288 1112
1800 240 533
1800 216 631
1820 377 847
1820 300 568
1820 426 516
1820 259 500
1820 305 664
1820 293 666
1820 349 671
1820 420 383
1820 39 885
1820 409 641
1820 453 640
1820 422 837
1820 271 860
1820 415 834
1820 221 1230
1820 282 529
1820 410 639
1820 85 419
1820 261 569
1820 240 533
1820 217 626
1840 350 834
1840 380 853
1840 299 569
1840 259 500
1840 293 657
1840 281 668
1840 81 457
1840 59 913
1840 391 654
1840 389 858
1840 285 527
1840 419 642
1840 262 563
1840 239 533
1840 318 867
1840 218 625
1840 349 835
1860 346 848
1860 384 863
1860 299 570
1860 476 514
1860 259 502
1860 387 694
1860 306 669
1860 302 666
1860 321 191
1860 345 494
1860 321 186
1860 76 461
1860 387 689
1860 474 514
1860 374 557
1860 399 843
1860 285 529
1860 343 496
1860 263 566
1860 240 535
1860 218 627
1880 355 828
1880 378 863
1880 299 564
1880 433 503
1880 269 496
1880 297 668
1880 289 669
1880 379 513
1880 66 539
1880 55 872
1880 378 511
1880 403 830
1880 284 527
1880 348 511
1880 328 760
1880 261 565
1880 240 531
1880 218 625
1880 377 509
1880 66 536
1880 350 510
1900 354 835
1900 59 771
1900 358 836
1900 299 567
1900 433 442
1900 266 504
1900 300 665
1900 282 601
1900 232 723
1900 354 473
1900 435 386
1900 352 835
1900 232 728
1900 234 717
1900 465 825
1900 230 725
1900 401 837
1900 475 732
1900 234 734
1900 285 527
1900 88 761
1900 346 509
1900 352 473
1900 265 563
1900 241 532
1900 217 626
1900 382 495
1920 314 466
1920 364 827
1920 371 859
1920 298 568
1920 412 395
1920 265 501
1920 297 441
1920 87 689
1920 394 743
1920 296 671
1920 308 665
1920 399 346
1920 381 861
1920 156 644
1920 400 359
1920 413 896
1920 424 920
1920 422 921
1920 394 543
1920 387 861
1920 397 364
1920 459 714
1920 284 527
1920 325 469
1920 217 627
1920 262 569
1920 242 533
1920 218 631
1920 177 605
1940 354 834
1940 385 853
1940 300 569
1940 237 433
1940 261 502
1940 148 499
1940 387 267
1940 400 309
1940 307 670
1940 301 694
1940 467 855
1940 359 978
1940 357 730
1940 440 316
1940 422 567
1940 380 864
1940 360 981
1940 399 825
1940 372 294
1940 285 743
1940 474 867
1940 282 527
1940 263 566
1940 239 538
1940 218 628
1940 102 582
1960 351 826
1960 386 855
1960 301 568
1960 264 503
1960 369 179
1960 304 669
1960 298 659
1960 370 205
1960 420 554
1960 89 406
1960 169 743
1960 371 832
1960 122 384
1960 68 508
1960 322 1072
1960 172 743
1960 431 553
1960 417 960
1960 179 754
1960 427 943
1960 425 958
1960 392 843
1960 286 530
1960 299 1062
1960 89 404
1960 263 563
1960 240 530
1960 222 625
1980 244 1150
1980 355 823
1980 90 754
1980 387 855
1980 371 1049
1980 300 568
1980 264 502
1980 299 568
1980 286 670
1980 107 281
1980 450 887
1980 360 1034
1980 363 488
1980 339 128
1980 90 427
1980 105 463
1980 388 854
1980 179 484
1980 276 1252
1980 280 1163
1980 368 1053
1980 452 891
1980 364 484
1980 400 827
1980 284 529
1980 244 1151
1980 83 420
1980 263 570
1980 239 533
1980 214 627
1980 371 474
