1800 372 764
1800 299 570
1800 290 1120
1800 261 502
1800 374 772
1800 306 663
1800 439 824
1800 429 610
1800 233 58
1800 76 486
1800 40 914
1800 287 1122
1800 283 1147
1800 447 608
1800 416 828
1800 284 660
1800 280 533
1800 447 607
1800 315 812
1800 262 571
1800 240 533
1800 217 632
1820 365 839
1820 299 569
1820 260 502
1820 305 666
1820 303 665
1820 418 839
1820 349 676
1820 418 385
1820 409 637
1820 220 1230
1820 44 879
1820 273 864
1820 427 524
1820 270 865
1820 417 844
1820 221 1229
1820 455 639
1820 282 675
1820 278 534
1820 409 644
1820 84 423
1820 262 568
1820 238 534
1820 276 854
1820 217 628
1840 361 834
1840 299 569
1840 362 621
1840 259 501
1840 365 289
1840 388 658
1840 303 664
1840 305 670
1840 303 667
1840 417 644
1840 373 852
1840 80 455
1840 58 908
1840 365 624
1840 406 830
1840 405 830
1840 364 290
1840 283 676
1840 286 530
1840 422 648
1840 258 572
1840 240 533
1840 217 626
1840 319 866
1860 313 181
1860 373 692
1860 360 835
1860 299 571
1860 374 559
1860 477 507
1860 259 502
1860 382 701
1860 307 671
1860 308 668
1860 336 506
1860 315 183
1860 77 461
1860 38 900
1860 373 687
1860 477 511
1860 404 830
1860 373 557
1860 403 834
1860 284 670
1860 282 533
1860 374 556
1860 261 580
1860 240 536
1860 218 631
1880 357 835
1880 299 561
1880 464 436
1880 265 495
1880 64 533
1880 305 673
1880 304 670
1880 311 693
1880 331 756
1880 462 437
1880 49 864
1880 432 503
1880 405 827
1880 279 664
1880 282 524
1880 323 759
1880 260 576
1880 240 534
1880 301 670
1880 217 627
1880 378 512
1880 67 536
1900 60 780
1900 358 828
1900 300 569
1900 438 456
1900 260 498
1900 308 667
1900 462 826
1900 345 482
1900 436 386
1900 67 819
1900 233 722
1900 234 728
1900 234 725
1900 405 830
1900 281 666
1900 283 531
1900 262 563
1900 242 533
1900 237 723
1900 217 627
1900 379 497
1920 298 441
1920 317 463
1920 86 692
1920 370 846
1920 295 441
1920 308 603
1920 408 387
1920 265 504
1920 298 443
1920 180 611
1920 316 464
1920 401 348
1920 108 680
1920 391 749
1920 305 666
1920 24 249
1920 321 476
1920 399 347
1920 155 638
1920 37 983
1920 178 605
1920 401 346
1920 407 384
1920 405 893
1920 423 919
1920 416 899
1920 394 546
1920 397 852
1920 460 636
1920 284 665
1920 279 532
1920 320 467
1920 264 575
1920 20 604
1920 241 534
1920 218 632
1920 179 606
1940 348 737
1940 368 862
1940 299 570
1940 234 431
1940 260 500
1940 148 498
1940 233 430
1940 374 295
1940 391 269
1940 99 583
1940 308 668
1940 304 664
1940 469 858
1940 360 984
1940 353 735
1940 423 319
1940 280 667
1940 129 524
1940 422 568
1940 373 986
1940 428 329
1940 400 831
1940 375 297
1940 282 673
1940 281 534
1940 42 308
1940 263 569
1940 69 594
1940 146 492
1940 241 540
1940 217 628
1940 100 584
1960 370 856
1960 300 568
1960 157 442
1960 215 476
1960 265 503
1960 373 209
1960 391 783
1960 303 670
1960 394 862
1960 446 200
1960 367 207
1960 423 547
1960 91 417
1960 122 382
1960 64 507
1960 438 558
1960 180 750
1960 425 950
1960 189 755
1960 416 931
1960 422 556
1960 403 831
1960 371 174
1960 282 535
1960 432 555
1960 315 1073
1960 89 410
1960 264 560
1960 241 530
1960 221 624
1960 429 193
1960 69 513
1980 91 753
1980 367 845
1980 374 1056
1980 298 568
1980 266 505
1980 81 425
1980 68 425
1980 296 570
1980 302 657
1980 84 289
1980 453 887
1980 362 1032
1980 334 125
1980 308 128
1980 103 464
1980 96 431
1980 371 1025
1980 263 1270
1980 276 1164
1980 398 818
1980 282 667
1980 281 530
1980 246 1152
1980 84 412
1980 261 575
1980 238 533
1980 216 630
1980 374 480
