1800 300 570
1800 259 502
1800 368 768
1800 308 664
1800 436 826
1800 75 484
1800 36 923
1800 292 1197
1800 438 601
1800 439 825
1800 402 822
1800 283 531
1800 317 810
1800 261 569
1800 290 1111
1800 240 534
1800 216 631
1820 380 850
1820 300 568
1820 428 517
1820 259 501
1820 305 664
1820 283 664
1820 350 668
1820 421 384
1820 41 885
1820 410 644
1820 455 647
1820 423 838
1820 274 856
1820 412 838
1820 223 1243
1820 281 530
1820 260 571
1820 239 534
1820 217 626
1840 350 834
1840 381 851
1840 299 570
1840 361 613
1840 259 500
1840 302 657
1840 279 661
1840 54 903
1840 391 655
1840 389 856
1840 368 292
1840 284 528
1840 425 643
1840 261 564
1840 239 532
1840 316 869
1840 218 626
1840 346 840
1860 351 840
1860 384 855
1860 298 571
1860 259 503
1860 387 698
1860 308 669
1860 289 662
1860 317 186
1860 320 187
1860 75 464
1860 54 906
1860 387 690
1860 374 556
1860 397 845
1860 284 529
1860 347 497
1860 261 575
1860 240 534
1860 218 629
1880 355 827
1880 383 861
1880 300 567
1880 433 504
1880 267 496
1880 303 670
1880 285 660
1880 66 538
1880 56 878
1880 376 510
1880 398 844
1880 285 527
1880 348 511
1880 323 759
1880 261 567
1880 239 533
1880 218 626
1880 375 509
1880 66 538
1900 356 836
1900 58 775
1900 364 838
1900 299 568
1900 433 445
1900 265 504
1900 303 670
1900 292 665
1900 231 722
1900 353 474
1900 434 386
1900 232 713
1900 233 724
1900 232 723
1900 395 849
1900 474 743
1900 235 738
1900 285 528
1900 90 769
1900 348 503
1900 264 565
1900 241 533
1900 217 626
1900 381 498
1920 316 465
1920 361 826
1920 376 863
1920 299 570
1920 411 395
1920 265 502
1920 297 440
1920 103 688
1920 396 742
1920 297 663
1920 396 358
1920 414 896
1920 427 917
1920 394 544
1920 386 863
1920 467 731
1920 285 530
1920 262 572
1920 241 534
1920 218 631
1920 155 636
1940 355 839
1940 383 863
1940 300 570
1940 236 431
1940 262 499
1940 147 503
1940 387 268
1940 396 286
1940 306 666
1940 306 681
1940 465 857
1940 359 982
1940 356 731
1940 440 315
1940 355 983
1940 397 830
1940 371 295
1940 287 737
1940 476 875
1940 283 528
1940 263 569
1940 239 539
1940 218 628
1940 103 580
1960 353 825
1960 386 853
1960 300 568
1960 265 503
1960 365 201
1960 304 669
1960 290 649
1960 369 206
1960 420 553
1960 250 719
1960 171 742
1960 125 381
1960 66 507
1960 430 553
1960 424 962
1960 389 849
1960 285 530
1960 301 1059
1960 88 407
1960 261 564
1960 242 535
1960 222 622
1980 355 826
1980 386 855
1980 299 569
1980 265 504
1980 306 585
1980 286 668
1980 110 292
1980 358 1037
1980 361 489
1980 339 127
1980 322 143
1980 103 460
1980 180 485
1980 279 1165
1980 451 893
1980 395 835
1980 284 529
1980 246 1152
1980 84 415
1980 261 572
1980 239 534
1980 214 629
1980 371 475
